,0,1,2,3,4,5
0,0.0,-420.940002,-476.269989,1.0,1020.8919488123876,418.4972915973174
1,0.105469,-420.936493,-476.27243,1.0,1021.9770318123875,415.7168345973174
2,0.101562,-420.935211,-476.273285,1.0,1024.5570488123876,415.3425975973174
3,0.109375,-420.934937,-476.273468,1.0,1024.3383598123876,417.98816659731744
4,0.101562,-420.935547,-476.27298,1.0,1323.7374078123876,148.51422159731743
5,0.107422,-420.936432,-476.2724,1.0,1314.3102838123878,159.93395959731743
6,0.101562,-420.936615,-476.272247,1.0,1352.2516898123877,155.19690759731742
7,0.109375,-420.936005,-476.272736,1.0,1353.0401428123878,156.57246359731744
8,0.111328,-420.934998,-476.273407,1.0,1359.3337218123875,146.73831159731742
9,0.107422,-420.934692,-476.27356,1.0,1307.9494438123875,221.80649559731745
10,0.113281,-420.935242,-476.273224,1.0,1308.2278868123876,222.48604559731743
11,0.109375,-420.936035,-476.272705,1.0,1201.2645078123874,323.43946059731746
12,0.107422,-420.936249,-476.272552,1.0,1017.1398128123876,442.8371965973174
13,0.111328,-420.935852,-476.272888,1.0,1014.7031668123875,441.05158259731746
14,0.111328,-420.935242,-476.273285,1.0,785.7689628123876,447.3559955973174
15,0.109375,-420.935059,-476.273376,1.0,676.2419248123875,448.33533459731746
16,0.105469,-420.935242,-476.273254,1.0,1211.9850888123874,332.81317859731746
17,0.109375,-420.935547,-476.273071,1.0,1256.1944388123875,298.6274945973174
18,0.101562,-420.935638,-476.27298,1.0,1355.8165098123877,260.56755859731743
19,0.111328,-420.935486,-476.273132,1.0,1355.8104058123877,264.98654959731743
20,0.101562,-420.935333,-476.273285,1.0,1399.1071588123878,269.96155559731744
21,0.109375,-420.935242,-476.273315,1.0,1396.3962218123875,271.71567559731744
22,0.101562,-420.935211,-476.273346,1.0,1407.4205138123875,258.13126359731746
23,0.111328,-420.935242,-476.273315,1.0,1402.9130668123876,256.40360259731744
24,0.111328,-420.935242,-476.273346,1.0,1411.3284728123876,254.20674859731744
25,0.111328,-420.935272,-476.273315,1.0,1404.9041558123877,250.68860659731743
26,0.109375,-420.935242,-476.273315,1.0,1408.6553768123877,249.52927359731743
27,0.111328,-420.935242,-476.273346,1.0,1066.9955868123875,428.0393755973174
28,0.111328,-420.935242,-476.273285,1.0,1022.9637878123875,449.70868659731747
29,0.111328,-420.935242,-476.273315,1.0,1081.4304618123874,432.82410459731744
30,0.109375,-420.935242,-476.273315,1.0,1079.8975028123875,429.17786459731747
31,0.101562,-420.935242,-476.273315,1.0,1091.1719778123875,423.93363159731746
32,0.109375,-420.935211,-476.273315,1.0,1373.8652158123878,279.14156359731743
33,0.111328,-420.935242,-476.273346,1.0,1382.1089898123873,275.8418345973174
34,0.101562,-420.93515,-476.273407,1.0,1394.4399228123875,272.9077985973174
35,0.109375,-420.934692,-476.273651,1.0,1393.9422418123877,274.0990375973174
36,0.103516,-420.933807,-476.274261,1.0,1200.0377008123874,417.7262645973174
37,0.111328,-420.931671,-476.275726,1.0,798.6664848123876,490.96231859731745
38,0.109375,-420.927795,-476.278381,1.0,461.64374981238757,466.5360185973174
39,0.113281,-420.921692,-476.282623,1.0,454.87824681238754,475.98865559731746
40,0.101562,-420.914093,-476.287872,1.0,897.4375418123875,514.1348345973174
41,0.105469,-420.90448,-476.294525,1.0,884.3498958123876,505.36899559731745
42,0.105469,-420.893097,-476.30249,1.0,851.8097958123875,507.0156025973174
43,0.103516,-420.880096,-476.311554,1.0,825.5984918123876,500.89655359731745
44,0.109375,-420.864655,-476.322296,1.0,650.8747978123876,495.5310435973174
45,0.101562,-420.848175,-476.33374,1.0,498.0501518123876,490.6678845973174
46,0.103516,-420.830139,-476.346313,1.0,499.74909581238757,491.77918259731746
47,0.111328,-420.808533,-476.361328,1.0,493.28644981238756,498.23361959731744
48,0.111328,-420.785034,-476.377563,1.0,1044.4601248123877,482.61652359731744
49,0.111328,-420.75943,-476.395264,1.0,1027.5214658123875,474.78256959731743
50,0.109375,-420.73233,-476.414032,1.0,926.3902398123876,480.4654615973174
51,0.111328,-420.7034,-476.434082,1.0,484.79090481238757,503.26633459731744
52,0.105469,-420.67395,-476.454498,1.0,486.13090181238755,505.03296659731745
53,0.101562,-420.644104,-476.475189,1.0,483.55604181238755,509.17771159731745
54,0.109375,-420.609802,-476.498993,1.0,479.40259981238756,507.0195385973174
55,0.101562,-420.576508,-476.521973,1.0,508.4347648123876,497.9474255973174
56,0.101562,-420.541565,-476.546143,1.0,1182.0135308123877,363.06937459731745
57,0.101562,-420.504944,-476.571503,1.0,1167.1919978123874,367.3491285973174
58,0.101562,-420.4664,-476.598145,1.0,1068.7276428123876,388.2459185973174
59,0.103516,-420.423279,-476.62793,1.0,1058.3013118123877,385.91236159731744
60,0.105469,-420.376099,-476.660614,1.0,939.9626278123876,317.41379559731746
61,0.105469,-420.320923,-476.6987,1.0,936.0597958123875,322.49066959731744
62,0.103516,-420.259125,-476.741333,1.0,936.0499078123876,319.28192859731746
63,0.103516,-420.183624,-476.793488,1.0,938.9188048123875,320.20719159731743
64,0.101562,-420.095062,-476.854614,1.0,942.1937678123876,329.96198259731744
65,0.101562,-419.985168,-476.930389,1.0,1019.6904718123876,429.4515455973174
66,0.105469,-419.848877,-477.024292,1.0,1016.9011648123876,419.81446059731746
67,0.109375,-419.673889,-477.144836,1.0,977.7435728123876,413.75037359731743
68,0.101562,-419.483276,-477.276062,1.0,957.7079888123876,413.1946795973174
69,0.101562,-419.264038,-477.427002,1.0,992.5555228123876,427.4236525973174
70,0.111328,-418.990326,-477.615173,1.0,1108.3999448123877,461.7811355973174
71,0.105469,-418.703217,-477.812469,1.0,1110.2276428123876,458.63391859731746
72,0.109375,-418.370728,-478.040833,1.0,1110.3414728123876,455.7807995973174
73,0.101562,-418.028687,-478.275696,1.0,936.9155698123876,312.5670245973174
74,0.115234,-417.612305,-478.561523,1.0,937.8569758123875,316.28882559731744
75,0.101562,-417.216431,-478.833435,1.0,937.9879568123876,321.55426759731745
76,0.103516,-416.782776,-479.1315,1.0,1011.1103938123875,446.80451159731746
77,0.109375,-416.29364,-479.468384,1.0,1007.4546318123876,438.6162185973174
78,0.101562,-415.82428,-479.792816,1.0,1006.4432798123876,435.53934459731744
79,0.115234,-415.25708,-480.186676,1.0,1034.1501278123876,440.99933659731744
80,0.115234,-414.679016,-480.590332,1.0,1103.3306698123874,455.7572705973174
81,0.103516,-414.133057,-480.973541,1.0,1104.4484678123877,449.1588825973174
82,0.103516,-413.570465,-481.370422,1.0,1041.7387508123875,435.5857315973174
83,0.113281,-412.932678,-481.823181,1.0,1017.9730038123876,426.2944415973174
84,0.101562,-412.348053,-482.240601,1.0,1010.4737358123875,422.3352125973174
85,0.101562,-411.745575,-482.67337,1.0,1015.0332458123876,419.56943559731747
86,0.107422,-411.091248,-483.146484,1.0,1012.2345388123875,420.1471025973174
87,0.101562,-410.457977,-483.607483,1.0,1014.4507258123875,423.0919265973174
88,0.103516,-409.800568,-484.089508,1.0,1015.6736868123876,419.1168895973174
89,0.103516,-409.137024,-484.579987,1.0,1015.2653618123876,418.14252459731745
90,0.105469,-408.447754,-485.094177,1.0,988.1838188123876,385.35004459731744
91,0.105469,-407.768127,-485.606171,1.0,1034.2717098123876,396.67414059731743
92,0.105469,-407.072266,-486.136536,1.0,1066.5348928123876,416.55768559731746
93,0.103516,-406.40802,-486.649445,1.0,1063.8695488123876,413.90726459731746
94,0.103516,-405.727936,-487.182068,1.0,1012.2443658123875,404.7887645973174
95,0.105469,-405.055054,-487.717499,1.0,1011.3870048123875,400.40265659731745
96,0.103516,-404.39743,-488.249817,1.0,1011.1556818123876,399.5219495973174
97,0.115234,-403.676147,-488.845673,1.0,1012.4001278123876,412.83869159731745
98,0.103516,-403.030579,-489.390289,1.0,1005.5005918123876,426.39450859731744
99,0.107422,-402.365967,-489.962494,1.0,998.4043998123875,419.33200859731744
100,0.103516,-401.733551,-490.518311,1.0,1081.7005428123875,462.22666159731745
101,0.103516,-401.115967,-491.072113,1.0,1080.3669248123874,454.3844075973174
102,0.103516,-400.502228,-491.634277,1.0,1041.7018858123874,438.9245075973174
103,0.101562,-399.907013,-492.190918,1.0,1000.3769348123876,410.50247959731746
104,0.101562,-399.318176,-492.753113,1.0,998.9007378123875,408.04557059731746
105,0.113281,-398.66806,-493.387726,1.0,1110.2621878123875,454.4983295973174
106,0.101562,-398.099091,-493.955414,1.0,1105.8409848123874,447.65271759731746
107,0.107422,-397.497833,-494.567963,1.0,1104.1789358123874,446.49314159731745
108,0.103516,-396.925293,-495.163727,1.0,1099.5831108123875,444.95767959731745
109,0.107422,-396.349243,-495.775909,1.0,1024.6172298123874,428.7042005973174
110,0.105469,-395.784668,-496.388733,1.0,1021.3880428123875,427.78458459731746
111,0.105469,-395.223083,-497.011536,1.0,1020.4348568123876,424.65576959731743
112,0.109375,-394.654236,-497.656219,1.0,1089.3923758123874,441.83902759731745
113,0.103516,-394.11203,-498.283447,1.0,1078.7897148123875,439.6016925973174
114,0.105469,-393.577179,-498.913818,1.0,1075.4087948123874,436.17032659731746
115,0.107422,-393.029938,-499.569489,1.0,1111.1530578123875,453.09897659731746
116,0.101562,-392.510712,-500.200989,1.0,1098.7286188123876,445.7517775973174
117,0.103516,-391.993347,-500.839081,1.0,1098.4208188123876,452.72373159731745
118,0.103516,-391.478424,-501.483002,1.0,1093.9033628123875,456.12915759731743
119,0.107422,-390.936279,-502.170837,1.0,1005.5220148123875,441.97251159731746
120,0.105469,-390.418518,-502.836823,1.0,1004.8303648123875,440.3421705973174
121,0.107422,-389.890839,-503.524506,1.0,1110.1742368123876,486.0437395973174
122,0.105469,-389.375977,-504.203705,1.0,1117.4584158123876,484.12482459731746
123,0.101562,-388.875519,-504.870941,1.0,1126.5735898123876,487.9839245973174
124,0.101562,-388.37677,-505.542175,1.0,1123.5173148123877,484.1904675973174
125,0.103516,-387.875031,-506.223114,1.0,1093.9863088123875,472.05048359731745
126,0.109375,-387.352051,-506.938416,1.0,1025.1529348123877,445.6946795973174
127,0.103516,-386.850525,-507.629089,1.0,1023.7664608123875,452.16190359731746
128,0.101562,-386.354736,-508.316376,1.0,924.7945368123876,466.84125559731746
129,0.107422,-385.838348,-509.036469,1.0,910.5166438123875,470.9013135973174
130,0.113281,-385.293488,-509.800476,1.0,888.9827688123876,477.31519359731743
131,0.105469,-384.785278,-510.517212,1.0,927.0578428123875,455.99158459731746
132,0.101562,-384.294403,-511.213074,1.0,974.4584768123875,420.4366835973174
133,0.103516,-383.799042,-511.919128,1.0,968.5418508123876,414.9116285973174
134,0.103516,-383.295319,-512.640869,1.0,963.9042778123876,421.6624835973174
135,0.103516,-382.785278,-513.375244,1.0,996.4050718123875,441.43717159731744
136,0.103516,-382.272461,-514.117432,1.0,994.5532648123875,443.00183859731743
137,0.101562,-381.757233,-514.86676,1.0,997.5469168123875,439.80051459731743
138,0.115234,-381.166809,-515.730103,1.0,1065.4912528123875,457.9573745973174
139,0.101562,-380.641388,-516.502441,1.0,1067.6645928123876,457.32215159731743
140,0.101562,-380.10907,-517.289429,1.0,1068.0131038123877,464.43466959731745
141,0.103516,-379.56427,-518.099548,1.0,1073.5267758123875,466.53296659731745
142,0.101562,-379.026611,-518.90448,1.0,1074.7217828123876,471.15677659731745
143,0.103516,-378.467529,-519.748291,1.0,1071.8996398123877,464.8853535973174
144,0.107422,-377.87326,-520.653992,1.0,1064.1418268123875,459.18836259731745
145,0.103516,-377.285614,-521.55896,1.0,1069.2243468123875,456.54541759731745
146,0.105469,-376.663391,-522.527893,1.0,1062.4003718123877,460.6120985973174
147,0.103516,-376.029907,-523.526123,1.0,1069.2001768123876,464.19214659731745
148,0.101562,-375.393768,-524.541565,1.0,1066.9200858123877,455.38935059731745
149,0.105469,-374.72699,-525.622131,1.0,1064.5104178123875,461.2054215973174
150,0.103516,-374.086578,-526.678101,1.0,1059.4202078123876,460.9800495973174
151,0.103516,-373.444336,-527.757324,1.0,1062.1341978123876,479.57721759731743
152,0.103516,-372.806854,-528.850342,1.0,1060.4779478123876,475.57196859731744
153,0.107422,-372.166718,-529.97052,1.0,1056.6661798123876,472.35489659731746
154,0.105469,-371.529114,-531.108948,1.0,1053.1164968123876,481.10871159731744
155,0.105469,-370.904541,-532.246094,1.0,1051.7550468123877,474.22757759731746
156,0.111328,-370.265076,-533.433533,1.0,1053.5876888123876,478.3556595973174
157,0.107422,-369.650818,-534.597046,1.0,1044.5585748123876,480.19336659731744
158,0.101562,-369.080841,-535.698669,1.0,1041.4303398123875,485.50830859731747
159,0.107422,-368.498047,-536.848816,1.0,1039.1296198123875,487.2087475973174
160,0.103516,-367.948792,-537.955688,1.0,1022.9717218123876,486.1314165973174
161,0.101562,-367.428802,-539.02533,1.0,1022.1501888123876,483.68253359731744
162,0.101562,-366.916473,-540.099976,1.0,1023.7467468123875,481.39249459731747
163,0.103516,-366.405945,-541.191589,1.0,979.0656548123876,454.87769359731743
164,0.101562,-365.922821,-542.242126,1.0,970.8918878123876,457.89191459731745
165,0.103516,-365.434204,-543.320312,1.0,968.6307188123876,469.58954659731745
166,0.103516,-364.953705,-544.394165,1.0,970.5841488123875,466.4840775973174
167,0.101562,-364.493347,-545.432434,1.0,964.6163748123876,463.28229559731744
168,0.101562,-364.038879,-546.462402,1.0,959.3942678123875,463.8638995973174
169,0.101562,-363.586517,-547.489502,1.0,964.3287778123876,468.56052359731746
170,0.101562,-363.146057,-548.489746,1.0,934.2128108123876,383.3766865973174
171,0.113281,-362.646576,-549.623596,1.0,913.8068658123875,301.64795659731743
172,0.113281,-362.155029,-550.738831,1.0,919.0697448123875,302.23476459731745
173,0.111328,-361.684845,-551.805725,1.0,980.5232968123876,484.50070959731744
174,0.115234,-361.197235,-552.912842,1.0,974.9539608123875,476.90326659731744
175,0.115234,-360.714264,-554.010376,1.0,976.4087338123876,476.9874345973174
176,0.101562,-360.290436,-554.973511,1.0,975.6065488123876,478.52704659731745
177,0.113281,-359.824127,-556.031921,1.0,977.3220028123876,473.87467159731744
178,0.111328,-359.363861,-557.07428,1.0,994.0192068123876,492.4141925973174
179,0.101562,-358.956757,-557.994324,1.0,995.6581228123875,487.73621359731743
180,0.115234,-358.490784,-559.044617,1.0,1002.2115288123875,496.58145959731746
181,0.101562,-358.08667,-559.953735,1.0,1003.1448178123876,496.68122059731746
182,0.111328,-357.643463,-560.948975,1.0,1003.9169738123876,499.5782545973174
183,0.113281,-357.202179,-561.93866,1.0,959.2574888123876,426.98361959731744
184,0.101562,-356.808594,-562.820068,1.0,944.9653128123875,406.48807559731745
185,0.101562,-356.416779,-563.696472,1.0,927.9240538123876,339.3943555973174
186,0.103516,-356.024597,-564.572205,1.0,942.8661308123876,399.88507859731743
187,0.113281,-355.595978,-565.527893,1.0,992.8491638123876,490.4281085973174
188,0.113281,-355.16626,-566.484375,1.0,994.1423148123876,486.24839059731744
189,0.101562,-354.79068,-567.319214,1.0,988.8278618123876,481.82855959731745
190,0.101562,-354.418365,-568.146301,1.0,1002.1426208123876,459.64829259731744
191,0.113281,-354.005066,-569.064575,1.0,998.9363218123875,456.24280559731744
192,0.101562,-353.642151,-569.87146,1.0,1002.0719418123875,455.0915605973174
193,0.103516,-353.26944,-570.701355,1.0,996.0112118123876,458.90549459731744
194,0.103516,-352.908569,-571.505737,1.0,953.6153378123876,458.1506425973174
195,0.115234,-352.506287,-572.403503,1.0,951.6840018123876,452.7140885973174
196,0.101562,-352.159485,-573.177795,1.0,949.2515068123876,447.37766259731745
197,0.101562,-351.828522,-573.917297,1.0,952.3092468123875,445.95493359731745
198,0.115234,-351.471558,-574.715759,1.0,1019.1459158123876,444.19535059731743
199,0.101562,-351.176361,-575.377197,1.0,1019.8202938123876,451.24210359731745
200,0.101562,-350.897675,-576.003174,1.0,1020.5824398123875,454.81455259731746
201,0.113281,-350.600037,-576.673706,1.0,962.3228568123876,364.8197705973174
202,0.103516,-350.344086,-577.251953,1.0,931.1982848123876,304.4753035973174
203,0.107422,-350.075592,-577.859741,1.0,929.6595268123875,303.13053159731743
204,0.105469,-349.821381,-578.436584,1.0,930.3590508123875,301.7863995973174
205,0.115234,-349.550659,-579.051941,1.0,997.1605648123875,443.41590159731743
206,0.101562,-349.315277,-579.587891,1.0,999.9911308123876,445.70706959731746
207,0.101562,-349.088409,-580.105225,1.0,992.3865168123875,447.2322765973174
208,0.115234,-348.831177,-580.692871,1.0,1025.7123838123875,452.8554765973174
209,0.113281,-348.583588,-581.259521,1.0,1028.6406058123875,455.03647659731746
210,0.113281,-348.341064,-581.815857,1.0,1046.0467948123876,495.58228259731743
211,0.113281,-348.101349,-582.366943,1.0,1053.9219778123875,495.67447659731744
212,0.113281,-347.869415,-582.901001,1.0,906.6854668123875,299.3939745973174
213,0.113281,-347.640106,-583.430115,1.0,914.2184868123876,300.0494155973174
214,0.111328,-347.415375,-583.949463,1.0,925.1342588123875,300.91503159731747
215,0.111328,-347.199646,-584.448975,1.0,923.9391288123876,304.4350505973174
216,0.115234,-346.976349,-584.966675,1.0,965.2853818123875,374.9328385973174
217,0.113281,-346.76178,-585.465027,1.0,1046.3677178123876,491.66822059731743
218,0.113281,-346.553101,-585.950012,1.0,1047.5195738123875,490.48654959731743
219,0.107422,-346.355377,-586.410339,1.0,1052.3143118123876,512.6827775973175
220,0.111328,-346.154785,-586.877563,1.0,1053.0528988123874,508.5531995973174
221,0.111328,-345.959686,-587.332764,1.0,1054.8811458123876,502.9858775973174
222,0.109375,-345.766846,-587.78302,1.0,1024.5848808123876,450.2254105973174
223,0.115234,-345.571655,-588.239319,1.0,1025.7396658123876,455.4598765973174
224,0.113281,-345.382019,-588.682739,1.0,921.6671568123876,435.80109459731744
225,0.107422,-345.202759,-589.102295,1.0,928.3995178123876,442.50260159731744
226,0.101562,-345.036865,-589.490601,1.0,932.3576468123875,442.93183159731745
227,0.103516,-344.871643,-589.87738,1.0,936.5901298123875,441.56296559731743
228,0.109375,-344.699738,-590.279541,1.0,993.5494808123875,449.0235675973174
229,0.109375,-344.528229,-590.68103,1.0,995.4731868123876,449.16388659731746
230,0.111328,-344.35788,-591.07959,1.0,980.2974058123875,455.41742759731744
231,0.113281,-344.18811,-591.476929,1.0,941.1257138123875,470.73902159731745
232,0.111328,-344.023712,-591.861572,1.0,937.2334408123876,466.45990759731745
233,0.113281,-343.858154,-592.249268,1.0,936.0072448123875,469.0810925973174
234,0.111328,-343.696686,-592.627441,1.0,684.3826108123876,397.8402785973174
235,0.113281,-343.538391,-592.998779,1.0,583.2730828123875,371.9793475973174
236,0.111328,-343.383698,-593.362244,1.0,990.0378228123876,477.5361095973174
237,0.111328,-343.231506,-593.720215,1.0,986.5033378123876,467.98242959731743
238,0.111328,-343.081177,-594.07428,1.0,987.9345518123876,469.1871105973174
239,0.103516,-342.945679,-594.393555,1.0,1041.2682918123876,482.43375359731743
240,0.101562,-342.813232,-594.705811,1.0,1062.2543758123875,499.02487959731747
241,0.109375,-342.673096,-595.03656,1.0,1038.8572198123875,485.13755059731744
242,0.113281,-342.531525,-595.370789,1.0,1027.9965018123876,475.05100259731745
243,0.113281,-342.391144,-595.702454,1.0,657.6280328123876,431.0691605973174
244,0.111328,-342.254517,-596.025452,1.0,514.2755248123876,424.82776659731746
245,0.113281,-342.118073,-596.348206,1.0,513.8161128123876,433.76132959731746
246,0.111328,-341.983765,-596.666504,1.0,509.89197981238755,332.98651859731746
247,0.101562,-341.864777,-596.948547,1.0,507.44495781238754,325.42325559731745
248,0.103516,-341.74411,-597.234863,1.0,614.4555478123875,-61.30827340268256
249,0.115234,-341.611359,-597.549805,1.0,614.4555478123875,-61.30827340268256
250,0.101562,-341.494629,-597.827209,1.0,614.4555478123875,-61.30827340268256
251,0.109375,-341.368896,-598.125977,1.0,614.4555478123875,-61.30827340268256
252,0.101562,-341.255402,-598.39624,1.0,1087.7595638123876,260.04741659731746
253,0.109375,-341.132446,-598.689209,1.0,1068.2961848123875,263.9552845973175
254,0.113281,-341.007172,-598.987976,1.0,1024.2001768123876,380.25568359731744
255,0.113281,-340.883026,-599.284302,1.0,1030.3455008123874,374.66999059731745
256,0.113281,-340.759583,-599.579102,1.0,1030.9956478123877,370.0537185973174
257,0.113281,-340.636963,-599.872192,1.0,913.3720518123876,90.44065059731744
258,0.111328,-340.516602,-600.160034,1.0,913.3720518123876,90.44065059731744
259,0.113281,-340.395874,-600.449219,1.0,913.3720518123876,90.44065059731744
260,0.113281,-340.275574,-600.737488,1.0,776.4388848123875,-12.221202402682565
261,0.115234,-340.153198,-601.030884,1.0,916.3400078123875,447.8738475973174
262,0.101562,-340.047485,-601.284668,1.0,914.0481378123876,425.31009659731745
263,0.111328,-339.930664,-601.565247,1.0,912.8734548123875,426.9456255973174
264,0.101562,-339.825043,-601.819153,1.0,912.8177298123876,435.73761759731747
265,0.105469,-339.717499,-602.077942,1.0,906.2220878123876,436.29050459731747
266,0.103516,-339.610107,-602.336365,1.0,714.9053768123875,427.36331959731746
267,0.109375,-339.499329,-602.603149,1.0,620.3702208123875,423.05072759731746
268,0.101562,-339.395538,-602.852966,1.0,618.9140438123876,425.47708859731745
269,0.101562,-339.291321,-603.103821,1.0,494.64496981238756,394.71161659731746
270,0.103516,-339.18692,-603.35498,1.0,483.06257281238754,393.5957715973174
271,0.107422,-339.078583,-603.615784,1.0,403.37070881238753,399.52481859731745
272,0.103516,-338.974762,-603.86554,1.0,384.91346381238753,396.9057085973174
273,0.101562,-338.872406,-604.111633,1.0,480.0581478123876,401.90949259731747
274,0.103516,-338.769623,-604.358765,1.0,593.7298698123875,396.51142159731745
275,0.105469,-338.663757,-604.613342,1.0,579.9516108123876,400.40451859731746
276,0.103516,-338.560852,-604.860474,1.0,561.2928588123875,405.40549459731744
277,0.103516,-338.45932,-605.104004,1.0,550.3650018123876,401.08368659731747
278,0.101562,-338.358704,-605.345215,1.0,536.8651848123875,402.65607459731746
279,0.103516,-338.257324,-605.587585,1.0,537.2558708123876,402.1901325973174
280,0.105469,-338.15155,-605.839905,1.0,543.8521238123876,399.88031759731746
281,0.103516,-338.049591,-606.082458,1.0,536.9019278123876,400.1872935973174
282,0.103516,-337.948273,-606.322815,1.0,531.8698538123876,405.82538659731745
283,0.103516,-337.847443,-606.561523,1.0,460.09138181238757,407.64795659731743
284,0.101562,-337.747406,-606.797607,1.0,432.39142981238757,405.5233235973174
285,0.107422,-337.644012,-607.040588,1.0,490.1576348123876,410.2324595973174
286,0.105469,-337.541809,-607.280457,1.0,593.3768428123876,394.66825159731746
287,0.109375,-337.439423,-607.520081,1.0,584.0571408123876,405.83380859731744
288,0.101562,-337.343689,-607.74353,1.0,626.1146658123876,397.48062859731743
289,0.101562,-337.248383,-607.965454,1.0,622.3981138123876,397.26609059731743
290,0.101562,-337.153107,-608.186584,1.0,625.5706598123876,393.25525659731744
291,0.113281,-337.049194,-608.427246,1.0,620.5387998123875,392.3471455973174
292,0.107422,-336.949097,-608.658264,1.0,432.2945678123876,337.76813559731744
293,0.111328,-336.848358,-608.89032,1.0,438.95136681238756,331.1663585973174
294,0.101562,-336.756195,-609.102295,1.0,382.77442581238756,320.0295795973174
295,0.109375,-336.657104,-609.329407,1.0,931.8353088123876,449.1051405973174
296,0.105469,-336.561646,-609.547607,1.0,929.4083068123875,441.26056659731745
297,0.105469,-336.469849,-609.75708,1.0,932.2511408123876,439.0755995973174
298,0.107422,-336.377625,-609.967224,1.0,598.3732108123876,476.8026805973174
299,0.101562,-336.295044,-610.155334,1.0,612.6418878123876,475.6831745973174
300,0.107422,-336.216614,-610.334534,1.0,633.8424498123876,478.46237959731747
301,0.105469,-336.151855,-610.483032,1.0,630.4151428123876,411.7634355973174
302,0.103516,-336.101685,-610.598389,1.0,620.9007378123875,380.2152785973174
303,0.103516,-336.064911,-610.682983,1.0,607.7488218123875,386.84632159731746
304,0.103516,-336.039978,-610.740234,1.0,600.6575438123875,398.73188059731746
305,0.107422,-336.023834,-610.776917,1.0,596.2397578123876,398.3074115973174
306,0.103516,-336.014771,-610.797302,1.0,594.3566098123875,394.33716559731744
307,0.103516,-336.010651,-610.806335,1.0,598.0008048123875,398.78311959731747
308,0.115234,-336.010132,-610.80719,1.0,633.2296568123876,-12.79460940268256
309,0.115234,-336.01059,-610.806274,1.0,633.2296568123876,-12.79460940268256
310,0.101562,-336.010895,-610.805603,1.0,633.2296568123876,-12.79460940268256
311,0.111328,-336.011047,-610.805481,1.0,618.6054498123875,379.05280359731745
312,0.107422,-336.010986,-610.805725,1.0,625.3877988123876,385.6885755973174
313,0.101562,-336.010895,-610.805908,1.0,467.5080988123876,355.84296459731746
314,0.105469,-336.010864,-610.805908,1.0,477.81357981238756,359.23938759731743
315,0.105469,-336.010864,-610.805847,1.0,572.5463678123876,380.6509785973174
316,0.105469,-336.010895,-610.805786,1.0,566.2004208123876,384.8723835973174
317,0.107422,-336.010925,-610.805725,1.0,566.3423278123876,379.04660759731746
318,0.103516,-336.010895,-610.805786,1.0,608.0629698123876,394.74390459731745
319,0.105469,-336.010773,-610.80603,1.0,572.3051568123876,389.12177259731743
320,0.103516,-336.009888,-610.808105,1.0,567.8965268123875,394.35288259731743
321,0.103516,-336.008179,-610.81189,1.0,564.1714898123876,399.42093659731745
322,0.101562,-336.005676,-610.817383,1.0,571.0505178123876,397.08277159731745
323,0.107422,-336.002289,-610.825256,1.0,561.8412588123875,400.91709159731744
324,0.113281,-335.997803,-610.835266,1.0,556.7680478123875,407.46341759731746
325,0.113281,-335.992432,-610.847229,1.0,349.6310388123876,316.54602859731745
326,0.105469,-335.986603,-610.860229,1.0,349.6100888123876,312.4005505973174
327,0.109375,-335.979767,-610.875549,1.0,303.99497581238757,300.6666335973174
328,0.107422,-335.972229,-610.892273,1.0,310.74738681238756,310.07651559731744
329,0.115234,-335.963409,-610.911987,1.0,343.79415581238754,327.22977459731743
330,0.101562,-335.954712,-610.931519,1.0,884.5381278123875,470.46961259731745
331,0.115234,-335.944275,-610.954895,1.0,871.8906668123875,467.30381059731747
332,0.101562,-335.934082,-610.977905,1.0,565.4385798123876,392.07566059731744
333,0.111328,-335.922485,-611.003967,1.0,580.5148428123875,389.53064759731745
334,0.105469,-335.910583,-611.030701,1.0,522.3516958123876,397.7701495973174
335,0.101562,-335.898254,-611.058289,1.0,373.0772818123876,412.7074665973174
336,0.107422,-335.884827,-611.08844,1.0,384.4575308123876,407.88892359731744
337,0.103516,-335.870972,-611.119507,1.0,595.4099848123876,397.40439659731743
338,0.105469,-335.856476,-611.152161,1.0,588.2113768123876,397.8664625973174
339,0.107422,-335.840851,-611.187073,1.0,406.8321038123876,389.15714259731743
340,0.103516,-335.825012,-611.222534,1.0,413.73063281238757,389.9224315973174
341,0.103516,-335.808472,-611.259583,1.0,330.21630481238753,378.1356885973174
342,0.111328,-335.790192,-611.300476,1.0,329.2998168123876,373.8240435973174
343,0.103516,-335.772278,-611.340576,1.0,337.01488881238754,378.4056165973174
344,0.105469,-335.753632,-611.38208,1.0,345.35831881238755,382.49253059731745
345,0.103516,-335.734436,-611.424805,1.0,465.07133081238754,391.1385265973174
346,0.101562,-335.714874,-611.468079,1.0,780.6648978123876,440.9225235973174
347,0.103516,-335.694489,-611.513184,1.0,775.3163878123876,432.75839959731746
348,0.101562,-335.673401,-611.559753,1.0,778.2491268123875,438.29721859731745
349,0.105469,-335.651062,-611.609009,1.0,934.6851618123876,297.5892715973174
350,0.107422,-335.627625,-611.660706,1.0,929.6041068123876,296.4925915973174
351,0.103516,-335.604279,-611.71228,1.0,929.2631648123876,297.6146165973174
352,0.103516,-335.580444,-611.764954,1.0,439.88166481238756,403.80243659731747
353,0.101562,-335.555908,-611.819153,1.0,474.34473781238756,395.73294859731743
354,0.107422,-335.529755,-611.876709,1.0,476.51020481238754,398.7076495973174
355,0.103516,-335.503693,-611.93396,1.0,567.9455988123875,383.91629759731745
356,0.105469,-335.47699,-611.99231,1.0,566.9403808123875,384.91550459731747
357,0.115234,-335.446533,-612.058472,1.0,607.3119318123876,398.17713159731744
358,0.111328,-335.416382,-612.123596,1.0,601.9833488123876,397.14252459731745
359,0.103516,-335.386993,-612.186584,1.0,551.9351318123876,409.20615359731744
360,0.107422,-335.35611,-612.251892,1.0,555.4735228123875,405.2614825973174
361,0.103516,-335.324829,-612.317749,1.0,761.7726248123876,419.4526745973174
362,0.105469,-335.292297,-612.385803,1.0,880.9116018123875,429.38074459731746
363,0.107422,-335.259277,-612.455566,1.0,875.2209898123875,426.54346459731744
364,0.105469,-335.225616,-612.526917,1.0,876.9593318123875,427.5319905973174
365,0.103516,-335.192352,-612.597717,1.0,880.7858698123875,425.33725759731743
366,0.109375,-335.156281,-612.674316,1.0,810.0435598123876,420.06525459731745
367,0.103516,-335.121796,-612.747131,1.0,792.8296318123876,424.82627159731743
368,0.103516,-335.086182,-612.821716,1.0,790.5833548123876,422.65430459731743
369,0.103516,-335.049652,-612.898315,1.0,881.2864188123875,435.1349255973174
370,0.101562,-335.014252,-612.972961,1.0,880.6585508123876,434.00034359731745
371,0.115234,-334.973816,-613.059265,1.0,882.5853698123875,428.77130859731744
372,0.109375,-334.935455,-613.141785,1.0,886.7526668123876,430.22083259731744
373,0.115234,-334.894012,-613.230957,1.0,834.4914358123875,417.92752859731746
374,0.101562,-334.8573,-613.309448,1.0,769.5903128123875,412.78131859731747
375,0.115234,-334.815033,-613.399353,1.0,781.7647518123875,414.6704785973174
376,0.113281,-334.772217,-613.490295,1.0,797.8368948123875,419.81558959731746
377,0.103516,-334.733673,-613.572144,1.0,807.5566218123876,417.18802659731745
378,0.115234,-334.689514,-613.666199,1.0,660.7786678123875,372.7078935973174
379,0.101562,-334.649689,-613.750916,1.0,505.68439881238754,316.2185435973174
380,0.103516,-334.608734,-613.837463,1.0,862.8213928123876,419.35596459731744
381,0.107422,-334.566101,-613.926758,1.0,860.2516288123876,414.20355959731745
382,0.103516,-334.523163,-614.016174,1.0,866.7849548123876,420.0976635973174
383,0.103516,-334.47818,-614.109314,1.0,1026.8201108123876,429.31678059731746
384,0.115234,-334.424622,-614.219727,1.0,1024.0190238123876,425.4610675973174
385,0.101562,-334.371338,-614.329712,1.0,1028.4573178123876,422.04944659731746
386,0.115234,-334.29718,-614.481995,1.0,1029.1792418123875,421.4594495973174
387,0.115234,-334.202332,-614.674561,1.0,971.9326598123876,427.87314659731743
388,0.101562,-334.098022,-614.88385,1.0,974.7413748123876,426.7705765973174
389,0.103516,-333.971008,-615.136719,1.0,1087.2255058123876,436.20688659731746
390,0.101562,-333.827332,-615.421448,1.0,1082.5491148123874,429.24451459731745
391,0.101562,-333.662262,-615.746948,1.0,1055.5915338123875,401.7345045973174
392,0.113281,-333.455231,-616.153381,1.0,1066.5021178123875,390.83780659731747
393,0.101562,-333.251648,-616.552002,1.0,993.9555478123875,406.86215959731743
394,0.101562,-333.025085,-616.993896,1.0,994.1981628123875,398.8760755973174
395,0.107422,-332.766205,-617.497437,1.0,996.3129698123876,400.72595959731746
396,0.101562,-332.501343,-618.01178,1.0,998.6050228123876,396.03076959731743
397,0.101562,-332.215515,-618.561768,1.0,1092.3940238123876,431.4481885973174
398,0.103516,-331.908752,-619.145081,1.0,1093.1240048123875,428.3591685973174
399,0.103516,-331.584351,-619.756653,1.0,1106.1451838123876,419.17066159731746
400,0.105469,-331.244293,-620.396545,1.0,1115.8369558123877,414.80240659731743
401,0.103516,-330.902466,-621.042725,1.0,1121.8231008123876,410.1780165973174
402,0.103516,-330.548157,-621.718811,1.0,1146.2331358123874,418.4864885973174
403,0.103516,-330.189972,-622.410095,1.0,1198.7780578123875,413.6648025973174
404,0.105469,-329.810211,-623.151733,1.0,1205.8102838123878,416.90219859731747
405,0.105469,-329.427094,-623.910889,1.0,1211.1608698123878,413.58664659731744
406,0.101562,-329.047119,-624.676697,1.0,1182.2934378123878,407.5112075973174
407,0.105469,-328.65451,-625.485901,1.0,1187.1148498123875,400.90076459731745
408,0.105469,-328.264404,-626.316101,1.0,1198.8349418123876,409.87378659731746
409,0.103516,-327.89032,-627.146057,1.0,1228.6530578123875,416.95920559731746
410,0.103516,-327.533997,-627.978821,1.0,1235.8100398123875,415.67911559731743
411,0.101562,-327.192566,-628.827515,1.0,1237.4596978123877,415.8949665973174
412,0.107422,-326.861603,-629.711792,1.0,1235.1087458123875,416.96799459731744
413,0.101562,-326.564636,-630.569702,1.0,1226.3805968123875,411.32352459731743
414,0.103516,-326.286865,-631.437622,1.0,1212.8714408123874,414.8033525973174
415,0.103516,-326.029358,-632.300354,1.0,1202.8133358123878,419.6143265973174
416,0.107422,-325.783417,-633.168701,1.0,1193.2232478123874,411.05039259731745
417,0.101562,-325.55658,-633.997314,1.0,1149.4548148123877,433.99314159731745
418,0.101562,-325.340973,-634.805298,1.0,1149.6793028123875,439.12064359731744
419,0.101562,-325.13208,-635.60791,1.0,1146.9490778123877,435.92713159731744
420,0.101562,-324.93219,-636.401611,1.0,1144.2273978123876,453.71994759731746
421,0.101562,-324.74411,-637.182251,1.0,1142.4944878123874,448.98215459731745
422,0.105469,-324.562775,-637.977783,1.0,1135.9439508123874,444.88803859731746
423,0.113281,-324.381073,-638.83075,1.0,1126.5501518123874,451.87183359731745
424,0.113281,-324.215424,-639.668396,1.0,1143.3476378123873,458.88056159731747
425,0.115234,-324.062042,-640.502625,1.0,1135.6032528123874,455.28162359731743
426,0.115234,-323.918091,-641.342468,1.0,1131.6462218123875,459.19156659731743
427,0.103516,-323.800232,-642.07605,1.0,1174.4449278123875,439.27793159731743
428,0.107422,-323.686096,-642.826904,1.0,1207.6407278123875,426.67688759731743
429,0.103516,-323.584717,-643.528625,1.0,1200.8368948123875,429.3947215973174
430,0.113281,-323.478912,-644.29895,1.0,1195.2220268123874,431.30109459731744
431,0.113281,-323.379944,-645.059998,1.0,1085.2933158123876,451.95178959731743
432,0.113281,-323.289001,-645.800598,1.0,1084.1276058123876,443.0701985973174
433,0.103516,-323.211395,-646.471497,1.0,1080.9481008123876,449.08484659731744
434,0.103516,-323.139496,-647.134827,1.0,1074.2765928123877,454.7862015973174
435,0.101562,-323.075531,-647.771851,1.0,1065.2381408123874,463.5609205973174
436,0.101562,-323.01767,-648.400574,1.0,1053.5140188123876,473.22495259731744
437,0.103516,-322.96521,-649.032593,1.0,1058.4551208123876,468.93271659731744
438,0.103516,-322.918976,-649.656677,1.0,1049.4335748123876,465.0123365973174
439,0.101562,-322.879456,-650.265503,1.0,1005.7651788123876,399.8385695973174
440,0.113281,-322.84314,-650.919556,1.0,997.3810848123876,404.8433605973174
441,0.113281,-322.81308,-651.573242,1.0,999.4576228123875,407.2327045973174
442,0.113281,-322.789581,-652.213623,1.0,990.0043758123876,404.37390859731744
443,0.113281,-322.772186,-652.84021,1.0,1002.2332578123876,434.17249259731744
444,0.113281,-322.760529,-653.450562,1.0,1002.0328178123875,444.06140859731744
445,0.113281,-322.753723,-654.065857,1.0,992.1987728123876,444.7072215973174
446,0.115234,-322.751038,-654.672302,1.0,982.3376888123876,445.79395259731746
447,0.101562,-322.751465,-655.196289,1.0,976.6744808123875,452.66275759731747
448,0.113281,-322.754639,-655.779053,1.0,991.4499328123876,461.36969759731744
449,0.115234,-322.760834,-656.356628,1.0,988.4230158123876,464.45520759731744
450,0.113281,-322.770294,-656.93988,1.0,986.0891538123875,460.36194659731746
451,0.101562,-322.781342,-657.454102,1.0,1008.0906188123876,459.7549515973174
452,0.103516,-322.795258,-657.987244,1.0,1006.1721008123876,460.00592859731745
453,0.115234,-322.813324,-658.571167,1.0,1006.6880308123875,461.53385159731744
454,0.107422,-322.832977,-659.13324,1.0,1003.8244438123876,460.50232659731745
455,0.101562,-322.853149,-659.653992,1.0,971.0187188123875,469.53803259731745
456,0.111328,-322.878296,-660.2453,1.0,971.5876278123876,468.52188859731746
457,0.113281,-322.906158,-660.850159,1.0,962.7197688123875,470.86301459731743
458,0.111328,-322.937134,-661.477478,1.0,966.7470518123876,463.54102359731746
459,0.113281,-322.970734,-662.123291,1.0,962.6742368123876,466.8316115973174
460,0.111328,-323.006653,-662.790405,1.0,943.8428768123875,461.40079459731743
461,0.113281,-323.045074,-663.490601,1.0,925.2880058123876,453.03940559731745
462,0.113281,-323.085754,-664.221008,1.0,923.5578428123875,453.71088459731743
463,0.109375,-323.127319,-664.962097,1.0,919.4246638123875,457.29798159731746
464,0.113281,-323.171478,-665.74762,1.0,917.4640318123876,451.15146659731744
465,0.113281,-323.21756,-666.567444,1.0,911.2865408123876,448.6719135973174
466,0.113281,-323.265289,-667.431152,1.0,939.3842588123875,445.9912185973174
467,0.111328,-323.310883,-668.300232,1.0,948.1132628123876,440.60034959731746
468,0.111328,-323.354279,-669.190613,1.0,953.3487968123876,448.87168159731743
469,0.111328,-323.395355,-670.120178,1.0,945.8722348123875,463.26175659731746
470,0.111328,-323.432922,-671.066895,1.0,952.4294248123875,462.07666759731745
471,0.111328,-323.467651,-672.05249,1.0,955.2698788123876,451.9437335973174
472,0.113281,-323.500427,-673.08429,1.0,959.9083678123876,453.53363759731747
473,0.103516,-323.528351,-674.043884,1.0,964.2933158123876,462.7494585973174
474,0.109375,-323.555664,-675.073364,1.0,966.5539968123876,459.41843459731746
475,0.101562,-323.579376,-676.062927,1.0,969.5895808123876,453.82566059731744
476,0.111328,-323.603638,-677.212769,1.0,960.6075248123875,466.47769959731744
477,0.101562,-323.623199,-678.289612,1.0,961.9145928123876,474.53543859731747
478,0.109375,-323.641632,-679.505859,1.0,964.5152398123876,468.20096559731746
479,0.103516,-323.655853,-680.683289,1.0,963.6511648123876,462.28745259731744
480,0.113281,-323.66803,-682.052856,1.0,980.7791558123876,461.6670305973174
481,0.105469,-323.676086,-683.34906,1.0,985.5624808123875,459.39972659731745
482,0.105469,-323.68158,-684.662842,1.0,988.3461118123876,462.54654659731744
483,0.103516,-323.685333,-685.980103,1.0,956.9933288123875,482.59442859731746
484,0.103516,-323.688446,-687.310303,1.0,960.6273618123876,476.20020259731746
485,0.101562,-323.691803,-688.638855,1.0,962.5107848123876,481.4596935973174
486,0.111328,-323.696777,-690.146484,1.0,967.0190848123875,478.52585559731745
487,0.115234,-323.703522,-691.707092,1.0,964.5288508123875,476.61481459731743
488,0.115234,-323.712158,-693.295776,1.0,967.9122128123876,481.20853459731745
489,0.115234,-323.722504,-694.910522,1.0,969.8101008123875,482.10501859731744
490,0.101562,-323.732941,-696.363159,1.0,966.2269098123876,480.54419759731746
491,0.101562,-323.743896,-697.817505,1.0,967.3168148123875,482.51261159731746
492,0.101562,-323.755157,-699.298889,1.0,963.2238578123876,474.00171659731745
493,0.101562,-323.766022,-700.788391,1.0,959.0844538123876,452.1839375973174
494,0.115234,-323.777649,-702.520935,1.0,962.2711608123875,450.46002959731743
495,0.101562,-323.786743,-704.052734,1.0,974.1870538123876,472.01889759731745
496,0.115234,-323.795563,-705.798157,1.0,917.6985288123875,316.1719135973174
497,0.101562,-323.801453,-707.360107,1.0,918.6321838123876,313.6575085973174
498,0.107422,-323.804901,-708.984558,1.0,999.6897398123875,451.99616259731744
499,0.113281,-323.804779,-710.662964,1.0,1003.4886898123875,437.9925005973174
500,0.111328,-323.800537,-712.322937,1.0,1003.2814138123875,443.19873859731746
501,0.115234,-323.792145,-713.995056,1.0,1022.8370178123876,474.50559259731745
502,0.101562,-323.781281,-715.468628,1.0,1039.3935358123877,467.72324359731743
503,0.101562,-323.767517,-716.938293,1.0,1051.6241268123877,463.12433659731744
504,0.103516,-323.751099,-718.428833,1.0,1058.4471248123875,457.0604935973174
505,0.113281,-323.73233,-720.021057,1.0,931.2603568123876,349.52243859731743
506,0.115234,-323.713287,-721.626831,1.0,925.8296318123876,340.9409865973174
507,0.101562,-323.697021,-723.028198,1.0,922.0660208123876,328.40943159731745
508,0.113281,-323.679443,-724.596741,1.0,963.3965878123876,453.3631055973174
509,0.101562,-323.66452,-725.963745,1.0,980.0461848123875,492.16364259731745
510,0.115234,-323.647552,-727.525208,1.0,975.9175838123875,483.1655655973174
511,0.107422,-323.631775,-728.960205,1.0,981.3512388123876,485.14945259731746
512,0.101562,-323.616272,-730.314941,1.0,981.6102718123875,493.85794859731743
513,0.101562,-323.600159,-731.639465,1.0,979.2810478123876,496.8796765973174
514,0.101562,-323.582947,-732.967224,1.0,979.5594298123875,487.84897659731746
515,0.103516,-323.56485,-734.282471,1.0,989.8427548123875,486.2882465973174
516,0.115234,-323.543549,-735.761902,1.0,921.3747978123876,320.63376659731745
517,0.103516,-323.524109,-737.070374,1.0,923.4086728123875,333.6341625973174
518,0.101562,-323.504913,-738.357117,1.0,995.3533138123876,480.6084065973174
519,0.107422,-323.485992,-739.692017,1.0,990.8811458123876,470.87784559731745
520,0.103516,-323.470276,-740.965271,1.0,991.9513358123876,476.98557259731746
521,0.103516,-323.458069,-742.230408,1.0,992.1556208123876,474.84247559731745
522,0.101562,-323.450989,-743.453552,1.0,984.9416318123875,478.94641859731746
523,0.101562,-323.449829,-744.67218,1.0,984.4662898123876,478.46619459731744
524,0.101562,-323.454773,-745.895691,1.0,924.9629328123875,340.10034959731746
525,0.105469,-323.46582,-747.125977,1.0,930.7936828123876,341.18958259731744
526,0.113281,-323.483765,-748.451965,1.0,933.8957938123875,343.8498915973174
527,0.103516,-323.504425,-749.65741,1.0,991.9802668123875,463.7851635973174
528,0.101562,-323.526489,-750.818726,1.0,987.1800348123876,467.4853595973174
529,0.115234,-323.55191,-752.133728,1.0,1009.5277518123876,453.95569659731746
530,0.113281,-323.575775,-753.422241,1.0,1026.9593928123877,455.02045459731744
531,0.111328,-323.596954,-754.649475,1.0,932.3427548123875,435.22391559731744
532,0.109375,-323.616119,-755.879211,1.0,938.5011408123876,434.00131959731743
533,0.113281,-323.632385,-757.105408,1.0,934.1661188123876,439.60999259731744
534,0.109375,-323.644714,-758.31012,1.0,932.3081478123876,440.00885759731744
535,0.111328,-323.652344,-759.505676,1.0,969.7169608123876,476.91410059731743
536,0.105469,-323.65506,-760.614563,1.0,977.9550588123875,473.88343059731744
537,0.113281,-323.653137,-761.810242,1.0,977.3039358123875,467.73484059731743
538,0.113281,-323.646423,-763.005859,1.0,1009.6363338123875,478.30966959731745
539,0.113281,-323.635864,-764.171936,1.0,1024.5472228123876,464.90030659731747
540,0.109375,-323.62326,-765.30835,1.0,1024.5917778123876,472.27704659731745
541,0.111328,-323.60907,-766.445862,1.0,1021.5436828123876,462.93314359731744
542,0.111328,-323.594391,-767.566589,1.0,991.6602598123876,467.10929159731745
543,0.107422,-323.579987,-768.651184,1.0,989.9885678123876,472.90503659731746
544,0.109375,-323.565216,-769.756958,1.0,996.3083308123876,475.27136959731746
545,0.101562,-323.5513,-770.76416,1.0,991.4705008123875,470.8158955973174
546,0.109375,-323.535767,-771.845093,1.0,989.0613218123875,474.0031505973174
547,0.113281,-323.518951,-772.955994,1.0,969.0843318123875,475.2140885973174
548,0.111328,-323.501984,-774.049194,1.0,971.8326228123875,482.11402159731745
549,0.107422,-323.485229,-775.116821,1.0,981.2508968123875,486.80719759731744
550,0.111328,-323.46814,-776.21405,1.0,983.6828428123875,485.41861759731745
551,0.107422,-323.451904,-777.284729,1.0,981.5679748123875,487.18112959731747
552,0.111328,-323.435455,-778.39209,1.0,939.4568298123876,373.06800059731745
553,0.109375,-323.419189,-779.509888,1.0,941.1642268123876,368.97281659731743
554,0.111328,-323.402954,-780.641602,1.0,985.5778008123875,467.97821859731744
555,0.111328,-323.386536,-781.799194,1.0,989.2394218123876,465.8134845973174
556,0.109375,-323.370117,-782.971191,1.0,990.4426688123875,465.26993559731744
557,0.111328,-323.353424,-784.170471,1.0,989.9974788123876,462.5889055973174
558,0.113281,-323.336792,-785.396301,1.0,981.1820488123875,459.1473765973174
559,0.111328,-323.321014,-786.643799,1.0,977.4201468123875,457.9032975973174
560,0.109375,-323.307343,-787.886536,1.0,981.6774108123875,465.5963825973174
561,0.111328,-323.295868,-789.169434,1.0,988.1836358123876,473.16913659731745
562,0.111328,-323.287354,-790.459961,1.0,986.5241508123876,481.06510159731744
563,0.111328,-323.281586,-791.797791,1.0,982.4041558123876,477.50171659731745
564,0.113281,-323.278656,-793.142456,1.0,982.4814878123875,479.65256459731745
565,0.115234,-323.278107,-794.548584,1.0,964.6478698123875,479.8706745973174
566,0.115234,-323.279175,-795.955566,1.0,965.8536188123876,475.06488759731747
567,0.113281,-323.281555,-797.367065,1.0,967.9692808123875,474.75354759731744
568,0.109375,-323.284668,-798.73822,1.0,964.5517388123876,478.51990559731746
569,0.111328,-323.288055,-800.156067,1.0,964.0876278123876,478.3171765973174
570,0.105469,-323.29129,-801.532715,1.0,964.9664118123876,475.1640395973174
571,0.111328,-323.294556,-802.969055,1.0,966.5776178123875,468.3845905973174
572,0.109375,-323.297668,-804.400818,1.0,971.4496268123876,473.03614059731746
573,0.107422,-323.30072,-805.834045,1.0,925.9036678123875,445.6719135973174
574,0.115234,-323.303986,-807.371582,1.0,979.3881648123876,481.0448685973174
575,0.113281,-323.307281,-808.931458,1.0,982.4579278123875,483.33774559731745
576,0.111328,-323.310608,-810.426575,1.0,983.6985288123875,488.17279859731747
577,0.109375,-323.314026,-811.951111,1.0,983.9283258123876,485.52439159731745
578,0.109375,-323.317261,-813.467773,1.0,985.1973688123876,490.03907059731745
579,0.126953,-323.32019,-815.236328,1.0,973.2081108123875,495.97132159731746
580,0.101562,-323.321533,-816.65802,1.0,977.6310238123875,495.41913659731745
581,0.113281,-323.321655,-818.275757,1.0,976.3228568123876,502.8776325973174
582,0.113281,-323.320221,-819.880859,1.0,978.4020808123876,504.08768459731743
583,0.111328,-323.317291,-821.471497,1.0,980.9818538123876,502.10181459731746
584,0.111328,-323.313049,-823.047241,1.0,1281.4100158123874,235.63474259731743
585,0.113281,-323.30777,-824.637207,1.0,1330.5669978123874,192.04657759731745
586,0.111328,-323.302216,-826.192078,1.0,1273.5661428123876,224.76494559731745
587,0.107422,-323.296906,-827.692078,1.0,1021.2601738123875,457.05908959731744
588,0.109375,-323.29184,-829.189148,1.0,1029.3982968123876,449.17316459731745
589,0.107422,-323.287292,-830.638306,1.0,1034.7358208123876,448.15027659731743
590,0.113281,-323.282867,-832.147827,1.0,1336.1370658123874,161.99650559731742
591,0.107422,-323.278717,-833.598755,1.0,1354.3873098123877,177.57538659731745
592,0.107422,-323.274811,-835.003601,1.0,1281.6974908123875,247.37134559731743
593,0.105469,-323.271057,-836.391296,1.0,1004.1092338123875,425.86084759731744
594,0.109375,-323.267334,-837.796936,1.0,987.3236508123875,463.5756915973174
595,0.105469,-323.263763,-839.158936,1.0,973.5186578123876,484.65891259731745
596,0.111328,-323.260345,-840.573059,1.0,972.8141898123876,483.08139759731745
597,0.109375,-323.25708,-841.945984,1.0,975.1595268123875,472.61396059731743
598,0.111328,-323.253754,-843.33374,1.0,971.1128348123875,475.2134785973174
599,0.111328,-323.249939,-844.728577,1.0,930.7809258123875,329.77036259731744
600,0.109375,-323.246033,-846.057739,1.0,924.6000788123876,331.8517835973174
601,0.113281,-323.241669,-847.423523,1.0,925.7864188123875,286.71108259731744
602,0.113281,-323.237213,-848.792725,1.0,954.3832818123875,471.35575159731746
603,0.111328,-323.232849,-850.116272,1.0,954.3422048123875,473.81964859731744
604,0.105469,-323.228943,-851.363525,1.0,957.1538508123875,473.60260759731744
605,0.101562,-323.225281,-852.550415,1.0,963.1557428123875,469.80420659731743
606,0.107422,-323.221558,-853.792603,1.0,968.6134458123876,466.86121359731743
607,0.111328,-323.217712,-855.052917,1.0,963.4916198123875,473.8752215973174
608,0.111328,-323.213837,-856.313416,1.0,961.6266898123876,463.85019659731745
609,0.109375,-323.210114,-857.536316,1.0,959.7988088123875,468.56320959731744
610,0.113281,-323.206268,-858.766235,1.0,953.0353208123876,472.77741259731744
611,0.101562,-323.203003,-859.812439,1.0,958.4035458123875,472.21540059731745
612,0.109375,-323.199524,-860.929199,1.0,958.8712578123875,472.20890059731744
613,0.107422,-323.196289,-861.959167,1.0,960.2111628123876,469.6596455973174
614,0.109375,-323.193268,-862.952698,1.0,926.9393118123876,377.87116259731744
615,0.111328,-323.190338,-863.891907,1.0,910.7862358123875,308.32038159731746
616,0.109375,-323.187592,-864.774902,1.0,910.3266418123876,311.63275959731743
617,0.107422,-323.185089,-865.587463,1.0,913.9577448123875,305.9291455973174
618,0.109375,-323.182739,-866.34668,1.0,960.2476008123875,463.3101575973174
619,0.113281,-323.180511,-867.069702,1.0,959.9594538123876,463.26221459731744
620,0.101562,-323.17865,-867.671509,1.0,958.1169248123875,457.00415759731743
621,0.107422,-323.176819,-868.264038,1.0,955.3259698123876,463.02600859731746
622,0.113281,-323.175018,-868.841797,1.0,954.5865288123875,462.77884659731745
623,0.113281,-323.173279,-869.416382,1.0,954.6767998123876,460.48642759731746
624,0.113281,-323.17157,-869.96875,1.0,973.6665458123875,475.73886859731743
625,0.107422,-323.169922,-870.489685,1.0,991.2542538123876,489.79694359731747
626,0.109375,-323.168243,-871.010071,1.0,994.0754818123876,492.12854759731744
627,0.109375,-323.166687,-871.520996,1.0,911.4755058123876,293.09673359731744
628,0.105469,-323.165253,-872.005615,1.0,911.9667778123876,299.7352985973174
629,0.105469,-323.163818,-872.475159,1.0,914.0626028123876,305.16303259731745
630,0.105469,-323.162354,-872.950623,1.0,912.3441588123876,298.53812459731745
631,0.107422,-323.160889,-873.420593,1.0,920.8670468123876,295.4324725973174
632,0.105469,-323.159424,-873.879639,1.0,950.1238828123876,395.01984459731744
633,0.109375,-323.157959,-874.340149,1.0,956.4775198123875,411.63764159731744
634,0.103516,-323.156494,-874.780945,1.0,958.8934748123876,455.34146859731743
635,0.107422,-323.15506,-875.224731,1.0,961.0500908123876,449.63101959731745
636,0.107422,-323.153625,-875.661621,1.0,967.9882018123876,446.92993959731746
637,0.111328,-323.1521,-876.103088,1.0,967.2658508123876,446.03363759731747
638,0.103516,-323.150604,-876.516052,1.0,974.4614068123875,470.87421459731746
639,0.105469,-323.148926,-876.925171,1.0,998.0494198123876,506.1023025973174
640,0.109375,-323.147278,-877.342773,1.0,991.7580378123876,507.4119645973174
641,0.105469,-323.14566,-877.74176,1.0,934.9943048123876,309.12812059731743
642,0.105469,-323.144043,-878.130981,1.0,948.9275938123876,339.05939459731746
643,0.107422,-323.142395,-878.524048,1.0,982.7842828123876,532.0622025973174
644,0.105469,-323.140839,-878.905396,1.0,985.5609548123875,531.4435505973174
645,0.107422,-323.139313,-879.286194,1.0,984.8539238123875,528.8863905973174
646,0.107422,-323.13797,-879.662231,1.0,945.7225158123875,405.89151759731743
647,0.103516,-323.136932,-880.021362,1.0,950.3698538123875,413.15042859731744
648,0.107422,-323.136108,-880.383911,1.0,950.5364798123876,403.0451125973174
649,0.107422,-323.135498,-880.745178,1.0,974.0373348123876,438.13486459731746
650,0.109375,-323.134857,-881.103088,1.0,974.7287408123875,436.4739455973174
651,0.105469,-323.134308,-881.446411,1.0,973.4651298123875,436.3683545973174
652,0.105469,-323.133698,-881.78595,1.0,963.4805108123876,445.0610125973174
653,0.109375,-323.133057,-882.127747,1.0,961.2721368123875,445.1351085973174
654,0.105469,-323.132233,-882.459961,1.0,962.2996028123875,450.21161659731746
655,0.109375,-323.131409,-882.798035,1.0,965.8345758123876,448.9661335973174
656,0.109375,-323.130554,-883.131958,1.0,961.8401908123876,443.90677659731745
657,0.111328,-323.129883,-883.464844,1.0,960.0542418123875,437.7206805973174
658,0.109375,-323.129242,-883.791687,1.0,961.0226858123875,440.31183659731744
659,0.107422,-323.128601,-884.110779,1.0,963.0099908123875,442.93250259731747
660,0.103516,-323.12796,-884.416504,1.0,961.4258238123875,441.8566055973174
661,0.103516,-323.12735,-884.719788,1.0,966.5507628123876,438.61472359731744
662,0.107422,-323.126709,-885.026184,1.0,967.2708548123876,437.11988059731743
663,0.103516,-323.126038,-885.326538,1.0,964.8410458123875,433.63877159731743
664,0.105469,-323.125397,-885.626831,1.0,963.8153498123876,436.3000255973174
665,0.105469,-323.124756,-885.927917,1.0,944.2849548123876,395.4054335973174
666,0.107422,-323.124115,-886.232178,1.0,929.4053768123875,348.1636735973174
667,0.111328,-323.123444,-886.543701,1.0,960.9714168123876,417.2433545973174
668,0.107422,-323.122742,-886.841553,1.0,965.7397888123876,426.18091559731744
669,0.107422,-323.122131,-887.139893,1.0,963.0022398123875,426.75061759731744
670,0.103516,-323.12146,-887.427917,1.0,963.0104788123875,421.87915759731743
671,0.105469,-323.120819,-887.717957,1.0,949.6710628123876,436.02201059731743
672,0.105469,-323.120178,-888.007812,1.0,949.5150568123876,418.57041159731745
673,0.103516,-323.119568,-888.291382,1.0,952.2424738123875,414.29010759731744
674,0.105469,-323.118927,-888.577209,1.0,940.2969778123876,422.77817559731744
675,0.103516,-323.118286,-888.861572,1.0,964.7305108123876,423.09754159731744
676,0.107422,-323.117615,-889.154053,1.0,952.0558898123876,419.4313735973174
677,0.101562,-323.117004,-889.429749,1.0,952.8160208123876,417.59796959731744
678,0.101562,-323.116394,-889.704834,1.0,957.0410578123875,429.41641959731743
679,0.103516,-323.115753,-889.979736,1.0,955.6147268123875,427.84210959731746
680,0.103516,-323.115143,-890.255066,1.0,957.2737848123876,422.61682859731746
681,0.105469,-323.114502,-890.536926,1.0,954.7375298123876,428.31037159731744
682,0.103516,-323.113831,-890.814453,1.0,959.0511898123875,424.50989559731744
683,0.105469,-323.11319,-891.092407,1.0,967.3370178123876,422.53974159731746
684,0.109375,-323.112549,-891.379883,1.0,960.9153258123876,413.5603105973174
685,0.103516,-323.111908,-891.65332,1.0,966.6911428123875,419.94196359731745
686,0.109375,-323.111237,-891.937134,1.0,964.2692678123875,418.48172759731744
687,0.105469,-323.110596,-892.210693,1.0,970.3113828123876,419.1351085973174
688,0.103516,-323.109955,-892.483704,1.0,938.6532408123876,416.82959759731744
689,0.109375,-323.109314,-892.763794,1.0,895.7875178123876,434.58457159731745
690,0.103516,-323.108673,-893.03418,1.0,946.3702818123876,419.23093459731746
691,0.107422,-323.108032,-893.309387,1.0,945.1200988123876,423.86008459731744
692,0.109375,-323.107361,-893.589478,1.0,993.7385678123876,504.1758805973174
693,0.109375,-323.106689,-893.872009,1.0,974.1336478123876,443.61481459731743
694,0.105469,-323.106018,-894.141418,1.0,948.1762508123876,394.54389159731744
695,0.107422,-323.105377,-894.41095,1.0,943.9343078123876,397.31851959731745
696,0.107422,-323.104736,-894.683899,1.0,948.4163018123876,396.13779459731745
697,0.105469,-323.104065,-894.951111,1.0,965.7487608123876,409.18372359731745
698,0.107422,-323.103424,-895.225159,1.0,962.2924008123875,404.16474159731746
699,0.105469,-323.102783,-895.488831,1.0,953.9115408123876,403.3394245973174
700,0.107422,-323.102112,-895.760071,1.0,955.9412048123876,398.75559259731745
701,0.107422,-323.101471,-896.0271,1.0,959.4417538123876,401.14896359731745
702,0.103516,-323.10083,-896.289673,1.0,964.6746638123875,401.7912675973174
703,0.111328,-323.100159,-896.564697,1.0,962.7477228123876,401.92694859731745
704,0.113281,-323.099457,-896.851074,1.0,969.5809748123876,397.60511059731743
705,0.109375,-323.098785,-897.122314,1.0,968.2333798123875,396.85370659731745
706,0.105469,-323.098145,-897.385864,1.0,967.5377008123876,395.0345535973174
707,0.107422,-323.097504,-897.651245,1.0,604.7615778123875,430.91852559731745
708,0.103516,-323.096863,-897.909119,1.0,500.73768281238756,448.89328759731745
709,0.109375,-323.096191,-898.178284,1.0,460.52497481238754,448.34195759731745
710,0.103516,-323.095581,-898.435974,1.0,461.6712158123876,441.32102259731744
711,0.107422,-323.09491,-898.70105,1.0,471.18790881238755,446.68784359731745
712,0.107422,-323.094269,-898.963806,1.0,469.35718981238756,442.34171259731744
713,0.107422,-323.093628,-899.226196,1.0,471.7104308123876,446.45053859731746
714,0.111328,-323.092926,-899.499207,1.0,922.2807428123875,392.48072059731743
715,0.111328,-323.092224,-899.771484,1.0,936.3382988123875,382.62973759731744
716,0.107422,-323.091583,-900.030518,1.0,934.3308528123875,387.5027235973174
717,0.105469,-323.091064,-900.289795,1.0,929.2638358123876,383.1417925973174
718,0.111328,-323.090546,-900.547058,1.0,933.6367608123876,379.14154859731747
719,0.113281,-323.090057,-900.785461,1.0,916.9686088123875,320.56867259731746
720,0.111328,-323.089569,-900.987,1.0,919.5082818123875,321.09119459731744
721,0.111328,-323.089233,-901.137756,1.0,922.8393978123876,321.85938259731745
722,0.115234,-323.08902,-901.224915,1.0,921.9812438123876,327.20676459731743
723,0.113281,-323.08902,-901.238586,1.0,918.2414358123875,310.24185959731744
724,0.113281,-323.08905,-901.230347,1.0,921.1403618123876,306.0909805973174
725,0.115234,-323.08905,-901.220947,1.0,919.6585508123876,309.50379159731744
726,0.109375,-323.08905,-901.218323,1.0,959.9079398123876,432.97251159731746
727,0.113281,-323.08905,-901.220886,1.0,953.2145198123876,427.3151325973174
728,0.113281,-323.08905,-901.224426,1.0,959.4172788123875,438.4202045973174
729,0.113281,-323.08905,-901.227112,1.0,946.6289488123875,504.08731859731745
730,0.109375,-323.08905,-901.230896,1.0,360.6622738123876,467.87201659731744
731,0.101562,-323.08905,-901.236572,1.0,372.2843438123876,458.1272965973174
732,0.113281,-323.08905,-901.245911,1.0,366.2013358123876,443.1221385973174
733,0.113281,-323.08905,-901.258301,1.0,385.4649778123876,311.51251959731746
734,0.109375,-323.08905,-901.272644,1.0,382.62842981238754,322.84857959731744
735,0.111328,-323.08905,-901.289307,1.0,405.3525198123876,332.93500559731746
736,0.111328,-323.08905,-901.308228,1.0,441.2840998123876,341.3238905973174
737,0.111328,-323.08905,-901.329285,1.0,429.06940881238756,443.38944259731744
738,0.109375,-323.08905,-901.352173,1.0,866.9559138123875,471.4792865973174
739,0.113281,-323.08902,-901.375977,1.0,981.9282038123876,473.17694859731745
740,0.109375,-323.08905,-901.395813,1.0,945.4805718123876,360.79938559731744
741,0.113281,-323.08905,-901.402771,1.0,920.0920218123875,314.13196559731745
742,0.113281,-323.08905,-901.40271,1.0,915.6375548123875,284.63364459731747
743,0.111328,-323.08905,-901.400757,1.0,917.3935968123876,287.65755459731747
744,0.111328,-323.08905,-901.399414,1.0,964.3979308123876,428.3492205973174
745,0.109375,-323.08905,-901.399292,1.0,962.0336728123875,422.73569459731743
746,0.111328,-323.08905,-901.399963,1.0,966.2004208123875,427.1676405973174
747,0.111328,-323.08905,-901.400574,1.0,961.8825498123875,423.44440459731743
748,0.109375,-323.08905,-901.400635,1.0,996.8149228123875,549.0080035973174
749,0.109375,-323.08905,-901.400513,1.0,1005.2170218123875,550.4121475973175
750,0.111328,-323.08905,-901.40033,1.0,1012.2365538123876,555.2014545973175
751,0.113281,-323.08905,-901.40033,1.0,1016.2213558123875,548.3402175973174
752,0.113281,-323.08905,-901.400391,1.0,566.3568538123875,531.0125195973175
753,0.107422,-323.08905,-901.40155,1.0,593.9007378123875,506.95914459731745
754,0.111328,-323.08905,-901.405029,1.0,700.9745298123876,357.21427159731746
755,0.111328,-323.08905,-901.411072,1.0,614.6961478123876,407.93991859731744
756,0.109375,-323.08905,-901.419556,1.0,546.3856628123876,445.32480659731743
757,0.113281,-323.08902,-901.430725,1.0,551.0416678123876,442.8691175973174
758,0.103516,-323.08905,-901.443298,1.0,587.7601128123875,448.55487859731744
759,0.105469,-323.08905,-901.458008,1.0,594.5425228123876,458.54660759731746
760,0.113281,-323.08905,-901.476746,1.0,599.2629508123875,455.4793475973174
761,0.113281,-323.08905,-901.498535,1.0,590.9520378123875,461.37177259731743
762,0.113281,-323.088989,-901.526428,1.0,913.7161678123875,307.72663159731746
763,0.113281,-323.088806,-901.562561,1.0,906.6512258123876,308.68070259731746
764,0.111328,-323.088593,-901.609802,1.0,905.9658018123876,310.05442059731746
765,0.111328,-323.088196,-901.672668,1.0,915.9951598123876,447.75336459731744
766,0.115234,-323.087646,-901.759277,1.0,914.7389338123876,435.50986459731746
767,0.115234,-323.086792,-901.880493,1.0,915.5890318123876,434.50901059731746
768,0.115234,-323.085602,-902.047546,1.0,918.3656428123876,426.5159375973174
769,0.101562,-323.084167,-902.234619,1.0,921.6074028123876,424.3063735973174
770,0.113281,-323.082001,-902.496216,1.0,923.6548888123875,429.64987959731747
771,0.109375,-323.079254,-902.796021,1.0,653.2322198123876,447.05066659731744
772,0.113281,-323.075623,-903.157471,1.0,620.6381648123876,441.03818559731747
773,0.115234,-323.070953,-903.579407,1.0,620.4271658123876,443.27805359731747
774,0.115234,-323.064972,-904.059753,1.0,591.9385798123876,444.5412675973174
775,0.101562,-323.058228,-904.524658,1.0,503.73432581238757,483.90900459731745
776,0.107422,-323.04892,-905.059021,1.0,483.5884518123876,467.5728535973174
777,0.101562,-323.036926,-905.61908,1.0,471.42032981238754,460.62775459731745
778,0.103516,-323.021729,-906.209045,1.0,462.30784281238755,455.08429759731746
779,0.103516,-323.002594,-906.826599,1.0,457.56107781238757,447.63687859731743
780,0.101562,-322.97934,-907.455505,1.0,450.4587218123876,470.8476635973174
781,0.101562,-322.951874,-908.089233,1.0,441.8685728123876,508.18555459731743
782,0.105469,-322.918152,-908.744446,1.0,440.29175981238757,504.4098285973174
783,0.105469,-322.877594,-909.3974,1.0,432.59254081238754,535.0977555973175
784,0.101562,-322.831451,-910.017639,1.0,534.8363768123876,518.3302075973174
785,0.103516,-322.775238,-910.647705,1.0,866.5748718123875,476.69617459731745
786,0.109375,-322.704407,-911.310486,1.0,866.5594298123875,476.45453659731743
787,0.113281,-322.619415,-911.978149,1.0,871.6954768123876,481.51984459731744
788,0.107422,-322.522644,-912.620117,1.0,882.0468558123875,477.94867759731744
789,0.109375,-322.408783,-913.263977,1.0,889.0782888123875,478.69001059731744
790,0.105469,-322.282288,-913.882812,1.0,1322.7177548123877,526.1715165973175
791,0.105469,-322.140686,-914.494629,1.0,1312.7715878123877,526.4898755973175
792,0.107422,-321.978302,-915.124573,1.0,814.7877618123875,441.61539459731745
793,0.105469,-321.802979,-915.742615,1.0,828.0655328123876,442.7140885973174
794,0.105469,-321.606323,-916.378418,1.0,789.7184258123875,384.06836659731744
795,0.109375,-321.381592,-917.046631,1.0,791.4551208123876,392.81259959731744
796,0.115234,-321.125916,-917.743652,1.0,804.0607108123876,386.98456559731744
797,0.105469,-320.859314,-918.404907,1.0,817.8197448123875,382.2381975973174
798,0.113281,-320.547943,-919.099854,1.0,754.1765558123875,396.88211859731746
799,0.113281,-320.188751,-919.809814,1.0,673.4968688123876,386.7498855973174
800,0.107422,-319.81488,-920.463989,1.0,633.6891288123876,381.28183759731746
801,0.111328,-319.381866,-921.13623,1.0,648.6966978123876,373.65473159731744
802,0.115234,-318.89801,-921.799561,1.0,653.7046928123875,370.53339359731746
803,0.115234,-318.369415,-922.436218,1.0,625.7899588123876,363.57849859731743
804,0.101562,-317.86853,-922.968933,1.0,649.3528868123875,369.0345535973174
805,0.101562,-317.343719,-923.466431,1.0,670.6346248123875,367.69867759731744
806,0.117188,-316.694427,-924.009644,1.0,608.5333678123876,381.10120359731746
807,0.115234,-316.014282,-924.504822,1.0,629.2621268123876,372.42670459731744
808,0.117188,-315.299286,-924.954773,1.0,659.8151058123875,375.61777459731746
809,0.103516,-314.63147,-925.317261,1.0,682.4553648123875,374.37259659731745
810,0.117188,-313.850494,-925.678101,1.0,723.1079528123876,369.5464245973174
811,0.117188,-313.034485,-925.988464,1.0,759.9988218123875,379.6408465973174
812,0.101562,-312.311279,-926.210938,1.0,801.0741998123875,376.39597359731744
813,0.103516,-311.577393,-926.388855,1.0,828.1990168123875,370.5971455973174
814,0.113281,-310.757599,-926.532837,1.0,869.0983698123875,365.8568495973174
815,0.101562,-310.044312,-926.612488,1.0,814.9748348123876,422.78626259731743
816,0.105469,-309.292389,-926.652649,1.0,852.9914968123876,424.78546959731744
817,0.105469,-308.563538,-926.652344,1.0,881.3567318123876,427.34168259731746
818,0.115234,-307.765991,-926.612976,1.0,926.3543508123876,423.88129459731744
819,0.117188,-306.980713,-926.545105,1.0,959.2319758123875,418.74796259731744
820,0.115234,-306.214172,-926.464172,1.0,982.5591848123876,411.14716359731744
821,0.117188,-305.457153,-926.386597,1.0,998.6871758123875,419.06922159731744
822,0.101562,-304.807892,-926.331238,1.0,1020.1819268123876,409.86478459731745
823,0.103516,-304.157959,-926.285156,1.0,1026.2844658123877,406.90238159731746
824,0.115234,-303.441711,-926.244019,1.0,1035.1159478123877,406.02439159731745
825,0.117188,-302.725433,-926.208984,1.0,1018.3386038123875,415.6788715973174
826,0.115234,-302.029388,-926.176086,1.0,994.1335868123875,446.75370059731745
827,0.115234,-301.344238,-926.142761,1.0,999.9142268123876,441.93778259731744
828,0.117188,-300.67337,-926.109863,1.0,996.8807188123876,443.30939459731746
829,0.115234,-300.015747,-926.079651,1.0,995.9238088123875,441.58499959731745
830,0.105469,-299.426422,-926.055786,1.0,995.9128838123876,451.88910659731744
831,0.115234,-298.7901,-926.033813,1.0,996.2288018123876,457.79566159731746
832,0.115234,-298.150452,-926.01532,1.0,994.7724418123876,456.0919875973174
833,0.109375,-297.545746,-925.999634,1.0,993.3306088123876,448.80673959731746
834,0.109375,-296.931702,-925.984741,1.0,987.9898498123875,454.24073059731745
835,0.105469,-296.328186,-925.970581,1.0,988.6186948123876,453.6604995973174
836,0.111328,-295.691345,-925.956482,1.0,984.8838308123876,452.48859459731744
837,0.107422,-295.055908,-925.942993,1.0,1269.5648008123876,201.67350059731743
838,0.109375,-294.412933,-925.93042,1.0,1295.8668028123875,187.22666159731745
839,0.107422,-293.774353,-925.91864,1.0,1291.1867488123876,140.16690059731744
840,0.111328,-293.109741,-925.906555,1.0,1009.2725028123875,451.4452895973174
841,0.113281,-292.425629,-925.893677,1.0,1023.1582458123876,461.35999259731744
842,0.107422,-291.769531,-925.881042,1.0,1026.3552668123875,461.64456959731746
843,0.109375,-291.096863,-925.867737,1.0,994.5145078123876,478.18964359731746
844,0.103516,-290.464325,-925.855103,1.0,997.7601738123875,478.6178355973174
845,0.109375,-289.778778,-925.841553,1.0,985.9090388123875,479.35257759731746
846,0.107422,-289.110779,-925.828186,1.0,976.0326348123875,473.99594859731747
847,0.111328,-288.396729,-925.814087,1.0,974.0261038123875,485.44953159731745
848,0.109375,-287.697754,-925.800598,1.0,975.8277398123876,481.6421275973174
849,0.109375,-286.981537,-925.786621,1.0,980.2743948123875,479.79969059731746
850,0.119141,-286.180481,-925.771057,1.0,1034.2084158123876,413.1775895973174
851,0.111328,-285.407196,-925.756287,1.0,1034.6781428123877,416.57865159731745
852,0.109375,-284.639801,-925.741455,1.0,1038.3653988123874,416.00617259731746
853,0.109375,-283.865814,-925.727051,1.0,1394.9848448123876,440.08557859731746
854,0.107422,-283.101959,-925.713013,1.0,1381.9084288123877,439.10956559731744
855,0.107422,-282.315765,-925.698792,1.0,1414.5524718123875,38.27940959731744
856,0.103516,-281.572479,-925.685425,1.0,1414.5524718123875,38.27940959731744
857,0.117188,-280.70282,-925.670044,1.0,1414.5524718123875,38.27940959731744
858,0.101562,-279.940094,-925.656677,1.0,1414.5524718123875,38.27940959731744
859,0.111328,-279.099182,-925.642029,1.0,1063.4401668123876,475.21799459731744
860,0.103516,-278.319397,-925.62854,1.0,1067.6306578123877,450.70719159731743
861,0.113281,-277.450592,-925.613647,1.0,1004.1583678123876,474.36640159731746
862,0.115234,-276.561523,-925.598511,1.0,1049.8054618123874,461.24710859731744
863,0.117188,-275.642792,-925.582825,1.0,1418.5644348123874,412.04819459731743
864,0.117188,-274.717133,-925.5672,1.0,1516.8998838123875,406.27817559731744
865,0.117188,-273.774445,-925.551331,1.0,1469.5903128123878,415.16397859731745
866,0.117188,-272.825775,-925.535522,1.0,1166.1845518123878,430.1253125973174
867,0.113281,-271.919495,-925.520447,1.0,970.1163138123876,446.80106359731747
868,0.117188,-270.956573,-925.504944,1.0,975.8273738123876,443.44727359731746
869,0.113281,-270.02301,-925.490906,1.0,1005.3986628123876,473.4110185973174
870,0.111328,-269.09201,-925.47937,1.0,1007.8414728123876,471.93366259731744
871,0.113281,-268.136414,-925.471252,1.0,1007.1168028123875,467.4502635973174
872,0.113281,-267.17804,-925.468323,1.0,1033.7605398123876,467.57004559731746
873,0.107422,-266.256927,-925.470764,1.0,1273.9810598123877,516.4769365973175
874,0.109375,-265.320587,-925.478394,1.0,1272.7817198123876,518.7554095973175
875,0.103516,-264.426819,-925.490234,1.0,1383.3368948123875,565.7010875973174
876,0.101562,-263.542114,-925.506042,1.0,1042.9714168123876,385.55030059731746
877,0.111328,-262.562805,-925.528198,1.0,1047.4559748123875,393.18561559731745
878,0.103516,-261.656036,-925.552856,1.0,992.6808898123876,449.54868359731745
879,0.109375,-260.677612,-925.584106,1.0,978.2006038123876,467.1544875973174
880,0.107422,-259.724243,-925.619446,1.0,981.3331108123875,460.8371045973174
881,0.107422,-258.75766,-925.660767,1.0,1002.6674618123876,397.82120559731743
882,0.107422,-257.788727,-925.707825,1.0,1005.6220518123876,391.57898759731745
883,0.109375,-256.799316,-925.762146,1.0,1009.2273368123875,381.26136059731743
884,0.107422,-255.807678,-925.822632,1.0,1035.4151428123876,419.61463159731744
885,0.111328,-254.792511,-925.890442,1.0,1029.3732718123874,424.9526745973174
886,0.113281,-253.745392,-925.966187,1.0,1025.7966118123877,419.7318495973174
887,0.107422,-252.744492,-926.043762,1.0,1026.8025938123876,414.6636735973174
888,0.101562,-251.79364,-926.121948,1.0,1022.6192438123876,424.46140259731743
889,0.109375,-250.776169,-926.210388,1.0,994.1621518123876,411.24265259731743
890,0.107422,-249.761871,-926.303345,1.0,992.2599298123876,414.30142959731745
891,0.111328,-248.7229,-926.403137,1.0,993.0239678123876,409.23035459731744
892,0.105469,-247.711792,-926.504089,1.0,989.0949518123875,407.2662735973174
893,0.109375,-246.667816,-926.611389,1.0,989.1069758123875,400.72745559731743
894,0.107422,-245.619171,-926.71991,1.0,973.1374938123876,409.71277659731743
895,0.111328,-244.465363,-926.838379,1.0,932.3517268123876,410.5583575973174
896,0.115234,-243.230637,-926.962097,1.0,934.6482968123876,416.5194475973174
897,0.107422,-242.017242,-927.078491,1.0,928.8769958123876,403.15061159731744
898,0.113281,-240.71669,-927.196594,1.0,933.1910208123876,404.30667859731744
899,0.107422,-239.482529,-927.301819,1.0,943.4778868123875,438.91980759731746
900,0.109375,-238.212433,-927.403137,1.0,954.3003348123875,443.3852615973174
901,0.113281,-236.902222,-927.500244,1.0,950.6503108123876,443.52912159731744
902,0.111328,-235.60379,-927.588928,1.0,908.7632258123875,472.8884355973174
903,0.109375,-234.30722,-927.669189,1.0,911.7942928123875,463.94300059731745
904,0.113281,-232.977829,-927.741516,1.0,914.7455868123876,461.36017659731743
905,0.117188,-231.602661,-927.804382,1.0,919.4727598123876,464.7548595973174
906,0.111328,-230.2854,-927.852112,1.0,923.9366878123876,451.10297359731743
907,0.109375,-228.99411,-927.885742,1.0,934.8265798123875,457.34049259731745
908,0.113281,-227.691818,-927.906433,1.0,943.5385558123876,455.49985559731743
909,0.109375,-226.424362,-927.913818,1.0,949.3887138123876,420.15650159731746
910,0.111328,-225.171646,-927.910889,1.0,956.8934748123876,422.92069259731744
911,0.111328,-223.910797,-927.899414,1.0,953.8920098123875,419.3554765973174
912,0.105469,-222.726303,-927.882385,1.0,962.6048398123876,414.09821359731745
913,0.113281,-221.474365,-927.860107,1.0,1001.8013728123875,448.2338335973174
914,0.115234,-220.210922,-927.83728,1.0,1001.7942928123875,454.28684259731745
915,0.111328,-219.005142,-927.819031,1.0,1005.9107478123875,454.40607459731746
916,0.111328,-217.818527,-927.807068,1.0,1002.9841728123876,450.75681359731743
917,0.113281,-216.613358,-927.802063,1.0,964.5091978123876,457.91526059731746
918,0.113281,-215.421402,-927.80426,1.0,963.4966238123876,458.79196959731746
919,0.111328,-214.252991,-927.812744,1.0,959.1851008123875,462.7627635973174
920,0.111328,-213.102203,-927.826965,1.0,956.0498468123876,458.2434465973174
921,0.113281,-211.942047,-927.84729,1.0,950.2589538123875,456.2316665973174
922,0.109375,-210.832062,-927.873047,1.0,947.5048638123876,450.77695459731746
923,0.119141,-209.632385,-927.908325,1.0,936.5214658123875,474.0607375973174
924,0.113281,-208.505753,-927.949036,1.0,932.3622858123875,473.0603105973174
925,0.113281,-207.385742,-927.995972,1.0,932.2940488123876,473.54621159731744
926,0.111328,-206.307312,-928.045715,1.0,935.0759088123875,459.70355959731745
927,0.113281,-205.214111,-928.098511,1.0,931.9398618123876,462.06232459731746
928,0.111328,-204.148041,-928.149658,1.0,962.5300108123876,459.70636759731747
929,0.111328,-203.096085,-928.196838,1.0,982.5260428123876,458.60507959731746
930,0.115234,-202.007889,-928.24054,1.0,947.3105888123876,469.05393259731744
931,0.117188,-200.930908,-928.277893,1.0,953.7689628123876,461.3636245973174
932,0.115234,-199.863983,-928.309326,1.0,937.7162898123876,487.28253959731745
933,0.113281,-198.838394,-928.335083,1.0,930.2757988123875,492.80451159731746
934,0.109375,-197.837982,-928.356689,1.0,935.4027518123876,459.11164059731743
935,0.109375,-196.858994,-928.374756,1.0,938.8920708123876,459.45001959731746
936,0.109375,-195.904175,-928.389465,1.0,940.5843318123875,463.50241859731744
937,0.105469,-194.967834,-928.400818,1.0,945.6700858123876,457.47315259731744
938,0.103516,-194.07663,-928.408569,1.0,957.8389708123875,463.4253615973174
939,0.107422,-193.14856,-928.413147,1.0,956.6651428123876,461.0322345973174
940,0.113281,-192.181717,-928.414124,1.0,963.0992248123875,463.27301759731745
941,0.117188,-191.196121,-928.41095,1.0,971.9130668123876,454.36264759731745
942,0.109375,-190.328003,-928.404785,1.0,966.5190238123876,449.11145759731744
943,0.103516,-189.570877,-928.397034,1.0,973.8409848123875,452.11270959731746
944,0.105469,-188.823364,-928.388123,1.0,973.0616268123875,462.98621359731743
945,0.107422,-188.118301,-928.379456,1.0,976.6163138123876,457.58536559731743
946,0.101562,-187.488922,-928.371948,1.0,977.4307058123876,459.18448659731746
947,0.117188,-186.773438,-928.363586,1.0,980.8602718123875,456.61188559731744
948,0.117188,-186.057144,-928.355652,1.0,977.8014338123876,460.12357359731743
949,0.105469,-185.41832,-928.348816,1.0,983.6650808123876,458.37064359731744
950,0.109375,-184.783966,-928.34259,1.0,983.0875058123876,459.19644959731744
951,0.117188,-184.117722,-928.336304,1.0,979.2796438123876,455.18387659731746
952,0.115234,-183.457367,-928.330566,1.0,984.4914968123876,454.95813759731743
953,0.101562,-182.90094,-928.326172,1.0,984.9023858123876,454.17551459731743
954,0.115234,-182.265488,-928.321533,1.0,989.2895318123875,448.9972915973174
955,0.101562,-181.725693,-928.318237,1.0,987.1561088123875,449.88742859731747
956,0.115234,-181.112854,-928.315369,1.0,959.2446708123875,421.9931105973174
957,0.117188,-180.501938,-928.313599,1.0,954.4939388123876,426.2363055973174
958,0.115234,-179.907898,-928.312866,1.0,949.3640558123875,423.7634355973174
959,0.107422,-179.366608,-928.312805,1.0,972.7884338123876,446.82511159731746
960,0.101562,-178.865936,-928.313416,1.0,971.9007378123875,439.65238159731746
961,0.107422,-178.33876,-928.314575,1.0,967.7870298123876,442.4672625973174
962,0.101562,-177.848846,-928.315979,1.0,563.3172728123875,435.01020059731746
963,0.101562,-177.367325,-928.317505,1.0,521.5448728123876,453.42350059731746
964,0.117188,-176.821564,-928.319702,1.0,517.6331598123876,454.2424085973174
965,0.105469,-176.332214,-928.321838,1.0,945.5502738123876,460.64740759731745
966,0.107422,-175.846054,-928.324158,1.0,935.9344298123875,459.30127759731744
967,0.101562,-175.395248,-928.326172,1.0,957.9449888123876,441.81800059731745
968,0.117188,-174.873016,-928.32843,1.0,958.5511288123876,433.76621259731746
969,0.117188,-174.372192,-928.330566,1.0,961.4789848123876,434.0803295973174
970,0.113281,-173.885025,-928.332581,1.0,961.0024228123875,440.7391435973174
971,0.117188,-173.398407,-928.334717,1.0,953.1312068123875,517.6227495973175
972,0.115234,-172.918884,-928.336731,1.0,952.5375788123876,520.1166155973174
973,0.101562,-172.511459,-928.338623,1.0,956.9781918123875,511.59549759731743
974,0.101562,-172.106949,-928.340576,1.0,948.2109798123876,521.6972125973175
975,0.107422,-171.686432,-928.342712,1.0,995.7896538123875,424.9668345973174
976,0.107422,-171.266251,-928.344727,1.0,1005.9479788123875,378.46619459731744
977,0.111328,-170.845367,-928.346802,1.0,974.1522028123876,417.64759059731745
978,0.105469,-170.444168,-928.348755,1.0,980.0399588123876,423.33078759731745
979,0.117188,-170.014984,-928.35083,1.0,1019.3992728123876,446.57563059731746
980,0.117188,-169.586975,-928.352905,1.0,1015.6067928123875,446.61832459731744
981,0.117188,-169.165787,-928.355103,1.0,948.9239928123876,443.28742259731746
982,0.117188,-168.753677,-928.356995,1.0,484.30524881238756,447.0343095973174
983,0.105469,-168.388016,-928.358643,1.0,479.95695181238756,447.0255505973174
984,0.103516,-168.035858,-928.360291,1.0,818.5989188123875,444.91251359731746
985,0.105469,-167.680618,-928.361877,1.0,1034.3312798123875,439.1407545973174
986,0.111328,-167.305237,-928.363586,1.0,1032.5160338123876,436.50962059731745
987,0.105469,-166.955139,-928.364929,1.0,1040.8691828123874,435.45899159731744
988,0.101562,-166.625534,-928.36615,1.0,1042.5933038123876,437.02637459731744
989,0.113281,-166.249283,-928.367493,1.0,961.3040588123876,535.8385695973175
990,0.101562,-165.921951,-928.368713,1.0,967.4047668123876,538.5084915973175
991,0.117188,-165.538132,-928.370178,1.0,1001.9939388123876,389.24149359731746
992,0.117188,-165.152756,-928.371643,1.0,1097.0712088123876,-215.42366740268255
993,0.115234,-164.772736,-928.372986,1.0,1097.0712088123876,-215.42366740268255
994,0.115234,-164.379196,-928.374023,1.0,1097.0712088123876,-215.42366740268255
995,0.101562,-164.035095,-928.374939,1.0,1097.0712088123876,-215.42366740268255
996,0.117188,-163.619995,-928.375977,1.0,1013.8426938123876,57.36710859731744
997,0.115234,-163.190964,-928.377014,1.0,1005.3391538123875,321.7132335973174
998,0.115234,-162.750015,-928.378113,1.0,988.5566218123876,398.7044755973174
999,0.101562,-162.353714,-928.379211,1.0,990.9662898123876,383.7221455973174
1000,0.115234,-161.872879,-928.380676,1.0,994.9684868123876,394.52637459731744
1001,0.101562,-161.444824,-928.381897,1.0,1005.3844418123875,437.0045245973174
1002,0.115234,-160.926514,-928.383301,1.0,1014.8982358123876,522.8681105973174
1003,0.101562,-160.451263,-928.384766,1.0,1021.6136288123876,460.28641559731744
1004,0.115234,-159.861008,-928.386475,1.0,1018.8932918123876,418.37726559731743
1005,0.103516,-159.292557,-928.388062,1.0,1011.9824638123876,417.05966959731745
1006,0.113281,-158.642471,-928.389771,1.0,1088.3210258123877,421.50965159731743
1007,0.117188,-157.928146,-928.391663,1.0,1090.2398498123875,419.49228659731745
1008,0.115234,-157.201462,-928.393311,1.0,1095.9995538123876,417.29987359731746
1009,0.117188,-156.441544,-928.39563,1.0,1102.1769828123875,416.79404459731745
1010,0.117188,-155.647415,-928.399658,1.0,1108.6166198123874,411.91355159731745
1011,0.115234,-154.8358,-928.40686,1.0,1134.8013728123874,419.62897459731744
1012,0.117188,-154.006927,-928.417725,1.0,1143.6795468123873,411.03769659731745
1013,0.117188,-153.15123,-928.433228,1.0,1151.0430718123876,407.44995859731745
1014,0.117188,-152.277939,-928.453613,1.0,1164.6509818123877,410.38993059731746
1015,0.115234,-151.406723,-928.479126,1.0,1173.4501768123878,401.60739859731746
1016,0.101562,-150.637009,-928.50708,1.0,1249.0198788123876,406.6740795973174
1017,0.115234,-149.776047,-928.545776,1.0,1252.4499328123875,404.1712415973174
1018,0.117188,-148.926743,-928.594055,1.0,1265.5684628123877,398.30573259731744
1019,0.115234,-148.100891,-928.653137,1.0,1271.7011528123876,393.80518359731747
1020,0.101562,-147.385178,-928.716553,1.0,1277.5849418123876,390.80564159731745
1021,0.101562,-146.691406,-928.7901,1.0,1281.3963438123874,390.11444859731745
1022,0.101562,-146.005951,-928.877197,1.0,1280.5940978123876,388.9035415973174
1023,0.113281,-145.246765,-928.994202,1.0,1308.5046198123878,381.66147659731746
1024,0.117188,-144.480453,-929.138245,1.0,1333.6498838123875,377.06879459731744
1025,0.115234,-143.75116,-929.303589,1.0,1340.0833548123874,372.25559259731745
1026,0.101562,-143.131516,-929.468201,1.0,1450.5200008123875,382.98883859731745
1027,0.115234,-142.433502,-929.684509,1.0,1523.5564998123878,394.31439959731745
1028,0.117188,-141.746017,-929.936035,1.0,1500.2023738123876,394.14621759731745
1029,0.117188,-141.083847,-930.220398,1.0,1596.6338928123878,371.86905659731747
1030,0.119141,-140.436951,-930.545776,1.0,1573.7763488123874,363.44745659731745
1031,0.115234,-139.834366,-930.898071,1.0,1605.9518858123874,351.98453559731746
1032,0.107422,-139.307068,-931.252991,1.0,1603.4278378123877,349.0201495973174
1033,0.103516,-138.822495,-931.625305,1.0,1590.9135558123876,349.0377275973174
1034,0.101562,-138.365997,-932.023804,1.0,1628.7306938123875,360.86652359731744
1035,0.117188,-137.873047,-932.517822,1.0,1601.0676078123875,370.6957165973174
1036,0.115234,-137.41568,-933.050598,1.0,1565.1033748123878,368.92456859731743
1037,0.109375,-137.013245,-933.596497,1.0,1532.9467588123875,370.27783959731744
1038,0.109375,-136.646027,-934.179932,1.0,1541.5434378123878,414.66046959731744
1039,0.109375,-136.315628,-934.807129,1.0,1503.7060358123877,424.2560505973174
1040,0.105469,-136.04393,-935.435913,1.0,1444.2118948123875,426.1785355973174
1041,0.101562,-135.825531,-936.067383,1.0,1391.5387998123874,435.0942455973174
1042,0.111328,-135.635178,-936.798523,1.0,1324.0132868123874,434.79679159731745
1043,0.115234,-135.502884,-937.55835,1.0,1195.3194388123875,390.51511359731745
1044,0.103516,-135.435638,-938.279236,1.0,1145.2823298123876,389.40811959731747
1045,0.115234,-135.420959,-939.077759,1.0,1083.3920098123876,388.56232459731746
1046,0.103516,-135.456161,-939.816406,1.0,1046.3667418123875,389.5240855973174
1047,0.115234,-135.545746,-940.647034,1.0,1005.2492488123876,390.89850659731746
1048,0.109375,-135.676727,-941.453125,1.0,965.1027038123875,390.96515659731745
1049,0.109375,-135.844833,-942.253418,1.0,933.3682058123876,391.26306959731744
1050,0.117188,-136.066147,-943.130615,1.0,958.6595878123876,417.45734459731744
1051,0.113281,-136.312256,-943.99408,1.0,924.0748098123876,413.9872515973174
1052,0.109375,-136.565659,-944.832214,1.0,905.0450248123875,416.3226085973174
1053,0.107422,-136.812744,-945.656006,1.0,811.3017388123876,466.07572159731745
1054,0.103516,-137.045441,-946.466064,1.0,800.7564508123876,467.00089259731743
1055,0.105469,-137.273972,-947.309509,1.0,794.0816458123876,457.81156159731745
1056,0.107422,-137.496735,-948.196472,1.0,797.7630428123875,462.57703359731744
1057,0.105469,-137.697113,-949.060608,1.0,778.9039728123876,467.7820815973174
1058,0.105469,-137.888458,-949.954163,1.0,793.4575618123876,467.89398959731744
1059,0.105469,-138.063904,-950.847656,1.0,795.4333308123876,465.29019959731744
1060,0.103516,-138.223038,-951.743164,1.0,807.1943168123876,471.0393755973174
1061,0.103516,-138.365997,-952.648499,1.0,819.5372738123875,470.37046059731745
1062,0.107422,-138.496704,-953.604675,1.0,843.3942068123876,474.42340859731746
1063,0.103516,-138.603455,-954.526001,1.0,856.6384088123875,472.5744095973174
1064,0.101562,-138.692734,-955.447937,1.0,870.4061088123875,465.81574259731747
1065,0.101562,-138.765762,-956.377197,1.0,1217.2968558123875,278.19208559731743
1066,0.111328,-138.828461,-957.420776,1.0,1308.3105278123876,214.73990659731743
1067,0.101562,-138.86792,-958.364624,1.0,924.7190978123875,506.72959159731744
1068,0.101562,-138.89093,-959.312561,1.0,945.4603698123875,504.37201659731744
1069,0.111328,-138.896606,-960.375854,1.0,955.9618948123875,505.17118059731746
1070,0.105469,-138.883987,-961.380249,1.0,965.8229788123875,504.16336859731746
1071,0.105469,-138.854721,-962.421753,1.0,991.3278008123875,506.50009959731744
1072,0.105469,-138.809875,-963.495789,1.0,977.2034118123876,436.66638959731745
1073,0.103516,-138.749893,-964.599121,1.0,984.6694758123875,436.43756859731747
1074,0.107422,-138.671478,-965.770447,1.0,990.3057058123876,437.0156635973174
1075,0.107422,-138.574524,-966.987671,1.0,995.7612118123876,448.56107359731743
1076,0.103516,-138.465698,-968.189026,1.0,997.5519218123876,448.76761659731744
1077,0.109375,-138.339676,-969.466675,1.0,1009.2490048123875,446.94464859731744
1078,0.105469,-138.210205,-970.697388,1.0,1009.6705748123876,454.69763959731745
1079,0.107422,-138.074005,-971.940857,1.0,1026.9072078123877,472.47937759731747
1080,0.101562,-137.937225,-973.153076,1.0,1025.9893608123875,468.36969759731744
1081,0.103516,-137.79451,-974.382629,1.0,1152.6345028123874,342.88764159731744
1082,0.105469,-137.645172,-975.637451,1.0,1257.4388238123875,220.37097959731744
1083,0.107422,-137.488693,-976.934204,1.0,1127.3099178123875,342.8541035973174
1084,0.105469,-137.337906,-978.187866,1.0,1030.8099178123875,444.30536659731746
1085,0.105469,-137.19104,-979.446716,1.0,1025.2450988123876,438.02008859731745
1086,0.107422,-137.04776,-980.736023,1.0,1023.6797298123876,435.8224255973174
1087,0.105469,-136.920151,-981.960632,1.0,1024.8201718123876,435.10544559731744
1088,0.103516,-136.801483,-983.183594,1.0,1016.4228328123876,432.3296275973174
1089,0.109375,-136.687546,-984.443787,1.0,1021.6035578123875,472.08448059731745
1090,0.101562,-136.587692,-985.615234,1.0,1023.7801938123876,471.6271135973174
1091,0.105469,-136.491577,-986.80011,1.0,1019.5271418123875,478.03879559731746
1092,0.103516,-136.399872,-987.983765,1.0,1018.6536678123875,472.90671559731743
1093,0.105469,-136.312683,-989.166016,1.0,1017.5085868123875,467.96976459731746
1094,0.103516,-136.233536,-990.306946,1.0,1014.0799368123876,468.54724859731743
1095,0.101562,-136.161331,-991.429199,1.0,1009.7842828123876,459.51093259731744
1096,0.109375,-136.091568,-992.617798,1.0,1003.0851248123876,465.14438659731746
1097,0.103516,-136.032349,-993.738403,1.0,999.6617858123875,464.39868959731746
1098,0.109375,-135.977371,-994.905212,1.0,993.9113578123876,465.8276745973174
1099,0.113281,-135.928207,-996.10437,1.0,995.4026908123876,460.77378059731745
1100,0.111328,-135.887589,-997.276062,1.0,989.9670218123875,462.79669959731746
1101,0.107422,-135.855896,-998.387817,1.0,986.6524468123876,466.9241715973174
1102,0.107422,-135.83136,-999.50293,1.0,977.3072928123876,445.6327895973174
1103,0.107422,-135.814972,-1000.577454,1.0,972.9302178123876,453.6986155973174
1104,0.109375,-135.805634,-1001.68219,1.0,966.9151428123876,457.9783405973174
1105,0.105469,-135.803558,-1002.730408,1.0,966.5368468123876,449.88068359731744
1106,0.109375,-135.807861,-1003.813354,1.0,959.9029348123876,444.76444259731744
1107,0.107422,-135.817856,-1004.847717,1.0,956.3395198123876,439.2868725973174
1108,0.109375,-135.832962,-1005.886658,1.0,967.6408508123876,435.04706559731744
1109,0.103516,-135.851303,-1006.85675,1.0,962.3178518123875,440.4113545973174
1110,0.103516,-135.873505,-1007.822632,1.0,956.1094168123875,454.45081359731745
1111,0.109375,-135.900177,-1008.821838,1.0,952.7739678123876,460.87570959731744
1112,0.103516,-135.928238,-1009.765076,1.0,951.5900078123875,450.76419859731743
1113,0.103516,-135.958115,-1010.703552,1.0,952.8552058123876,457.44043759731744
1114,0.111328,-135.990707,-1011.689636,1.0,947.5288508123875,453.81201959731743
1115,0.103516,-136.021164,-1012.614441,1.0,953.8221858123876,458.94309259731745
1116,0.109375,-136.051422,-1013.568176,1.0,948.4164848123876,457.58386959731746
1117,0.105469,-136.078445,-1014.495422,1.0,950.2770808123876,445.06690259731744
1118,0.107422,-136.101852,-1015.415894,1.0,925.8928648123875,469.2988965973174
1119,0.105469,-136.12117,-1016.327087,1.0,926.4614678123876,469.2612075973174
1120,0.103516,-136.136002,-1017.19281,1.0,933.7134818123876,465.69376359731746
1121,0.101562,-136.14743,-1018.030823,1.0,948.2728088123876,458.08542659731745
1122,0.101562,-136.155807,-1018.813599,1.0,950.7533378123876,456.39063259731745
1123,0.105469,-136.162109,-1019.586548,1.0,926.4990048123875,339.73178859731746
1124,0.105469,-136.166748,-1020.330383,1.0,926.8318908123875,330.9135205973174
1125,0.107422,-136.170227,-1021.038757,1.0,918.0230528123875,315.8924025973174
1126,0.105469,-136.173004,-1021.710083,1.0,921.4875298123876,295.2369615973174
1127,0.103516,-136.175323,-1022.366882,1.0,958.5525328123875,437.30719759731744
1128,0.101562,-136.177124,-1023.013855,1.0,960.8790708123876,437.98273459731746
1129,0.115234,-136.178391,-1023.72522,1.0,959.3392148123876,434.62198659731746
1130,0.115234,-136.178818,-1024.427368,1.0,966.9519468123875,440.3692095973174
1131,0.111328,-136.178802,-1025.097412,1.0,969.1241878123876,441.9841685973174
1132,0.111328,-136.178909,-1025.755981,1.0,970.9545708123876,441.0003125973174
1133,0.111328,-136.179382,-1026.391479,1.0,970.2499198123876,434.61917859731744
1134,0.107422,-136.180283,-1027.008545,1.0,970.5649228123875,436.88443759731746
1135,0.113281,-136.181595,-1027.638062,1.0,969.5628478123875,438.68280759731744
1136,0.101562,-136.182953,-1028.198242,1.0,968.5574148123876,440.0506055973174
1137,0.111328,-136.184525,-1028.800415,1.0,954.5959898123875,444.3470535973174
1138,0.107422,-136.186005,-1029.376465,1.0,958.4143488123875,448.78769659731745
1139,0.109375,-136.187485,-1029.949341,1.0,951.9963188123876,452.95697759731746
1140,0.113281,-136.188995,-1030.527832,1.0,960.2556578123875,443.47486159731744
1141,0.111328,-136.190613,-1031.099365,1.0,957.6047178123875,447.90720359731745
1142,0.101562,-136.192139,-1031.603271,1.0,961.2322808123876,450.47837059731745
1143,0.101562,-136.19368,-1032.1073,1.0,970.3315848123875,460.42868859731743
1144,0.113281,-136.195374,-1032.653931,1.0,972.8887748123875,455.86017659731743
1145,0.107422,-136.196732,-1033.169434,1.0,972.5406918123875,451.3541035973174
1146,0.101562,-136.197632,-1033.648193,1.0,966.5087088123876,449.12958559731743
1147,0.101562,-136.198135,-1034.118164,1.0,954.2360648123876,453.08240559731746
1148,0.113281,-136.198151,-1034.636108,1.0,930.0399588123876,465.36142759731746
1149,0.109375,-136.197617,-1035.125366,1.0,932.2148858123876,461.4125745973174
1150,0.111328,-136.19664,-1035.620483,1.0,970.8379938123876,508.77500159731744
1151,0.111328,-136.195251,-1036.110229,1.0,962.2198298123876,499.28974159731746
1152,0.109375,-136.193634,-1036.576416,1.0,929.4591488123875,461.2185435973174
1153,0.113281,-136.191681,-1037.05188,1.0,935.8854178123876,442.76966059731745
1154,0.115234,-136.189453,-1037.530151,1.0,950.1809508123876,414.49024159731744
1155,0.101562,-136.187424,-1037.949097,1.0,951.1958428123876,415.5480425973174
1156,0.115234,-136.185379,-1038.408447,1.0,948.4924128123876,410.27866359731746
1157,0.109375,-136.18367,-1038.84314,1.0,948.4804498123875,416.68015259731743
1158,0.107422,-136.182175,-1039.26062,1.0,968.6951718123876,431.40436559731745
1159,0.111328,-136.180801,-1039.689575,1.0,966.9351008123875,428.06446059731746
1160,0.111328,-136.179428,-1040.112793,1.0,967.4109308123875,434.0729445973174
1161,0.101562,-136.178162,-1040.497437,1.0,967.9523738123876,429.1421275973174
1162,0.109375,-136.176712,-1040.910034,1.0,969.6553768123875,430.42591059731745
1163,0.113281,-136.17514,-1041.321167,1.0,970.0072448123875,429.3420795973174
1164,0.107422,-136.173645,-1041.714355,1.0,972.5042538123876,433.5658035973174
1165,0.109375,-136.172195,-1042.109131,1.0,968.8710138123876,428.9526745973174
1166,0.109375,-136.170792,-1042.495483,1.0,971.0503958123876,430.02405559731744
1167,0.109375,-136.169418,-1042.879761,1.0,967.0365408123876,427.93134359731744
1168,0.107422,-136.168137,-1043.246094,1.0,965.3887138123876,428.72647859731745
1169,0.109375,-136.166809,-1043.620483,1.0,974.2528498123876,423.7491835973174
1170,0.115234,-136.165405,-1044.003418,1.0,964.1104548123876,431.7432635973174
1171,0.101562,-136.164154,-1044.338257,1.0,966.0044368123876,434.00046559731743
1172,0.113281,-136.162857,-1044.705322,1.0,969.7618218123876,431.92182159731743
1173,0.113281,-136.16156,-1045.070312,1.0,971.3971368123875,425.75345659731744
1174,0.111328,-136.160278,-1045.426025,1.0,974.7458918123875,421.82657659731746
1175,0.111328,-136.159012,-1045.777832,1.0,983.0289118123876,452.74939759731745
1176,0.113281,-136.157715,-1046.134155,1.0,990.3091238123876,487.58737959731747
1177,0.111328,-136.156418,-1046.484131,1.0,983.9458428123876,442.87799859731746
1178,0.101562,-136.155273,-1046.792603,1.0,966.7985038123876,396.99265259731743
1179,0.111328,-136.153992,-1047.139771,1.0,948.9143488123875,419.01419859731743
1180,0.115234,-136.152679,-1047.489258,1.0,929.8747978123876,443.7622455973174
1181,0.113281,-136.151382,-1047.838867,1.0,929.4100158123875,438.8078385973174
1182,0.103516,-136.150192,-1048.161865,1.0,926.5165218123875,437.4955825973174
1183,0.113281,-136.148895,-1048.528809,1.0,848.3177298123876,458.55030059731746
1184,0.113281,-136.147476,-1048.92334,1.0,829.0735898123876,461.07917059731744
1185,0.113281,-136.145935,-1049.350708,1.0,866.9150198123875,455.3531575973174
1186,0.107422,-136.144363,-1049.787964,1.0,894.0160948123876,461.14902459731746
1187,0.105469,-136.142807,-1050.255127,1.0,898.5748718123875,394.2653275973174
1188,0.113281,-136.141113,-1050.796143,1.0,902.6078298123875,388.91632859731743
1189,0.111328,-136.139542,-1051.374268,1.0,900.0867118123875,387.1665115973174
1190,0.111328,-136.138077,-1051.985352,1.0,665.0646788123876,398.00070959731744
1191,0.103516,-136.136841,-1052.576782,1.0,629.1706358123876,397.94248159731745
1192,0.111328,-136.135605,-1053.24939,1.0,620.6539118123876,400.73526759731743
1193,0.113281,-136.13446,-1053.934204,1.0,815.8064998123875,437.22281659731743
1194,0.115234,-136.132629,-1054.65564,1.0,805.6440848123875,440.17765059731744
1195,0.113281,-136.128754,-1055.386108,1.0,808.1726498123876,439.61164059731743
1196,0.111328,-136.122681,-1056.106445,1.0,801.0562558123876,434.7206805973174
1197,0.113281,-136.114014,-1056.836426,1.0,805.3645438123875,427.64090759731744
1198,0.113281,-136.102478,-1057.565796,1.0,800.8946348123876,428.9566115973174
1199,0.113281,-136.088303,-1058.279297,1.0,742.0264098123876,430.44602259731744
1200,0.101562,-136.073196,-1058.915649,1.0,536.5221368123875,439.77060659731745
1201,0.113281,-136.053162,-1059.634644,1.0,523.7571528123876,435.62854759731744
1202,0.113281,-136.028854,-1060.361572,1.0,678.9131888123876,406.88950359731746
1203,0.113281,-135.998779,-1061.080078,1.0,807.5065118123875,376.73154459731745
1204,0.111328,-135.960037,-1061.797363,1.0,861.2745788123875,341.67563659731746
1205,0.103516,-135.914734,-1062.454956,1.0,907.4019588123875,302.93233459731744
1206,0.107422,-135.855392,-1063.141846,1.0,892.1772888123876,371.26016959731743
1207,0.101562,-135.785522,-1063.794067,1.0,823.2973448123876,506.80393259731744
1208,0.115234,-135.686905,-1064.539062,1.0,838.3835868123875,493.50608059731746
1209,0.103516,-135.578964,-1065.210083,1.0,846.2306938123876,495.47852359731746
1210,0.113281,-135.438049,-1065.94165,1.0,505.0160638123876,480.44812759731747
1211,0.101562,-135.287643,-1066.602661,1.0,521.2124138123876,477.77088159731744
1212,0.101562,-135.112167,-1067.270874,1.0,533.3718078123875,484.90418259731746
1213,0.101562,-134.912186,-1067.937622,1.0,548.0012938123875,482.76947759731746
1214,0.101562,-134.683548,-1068.611206,1.0,575.6417658123876,417.53598759731744
1215,0.103516,-134.419037,-1069.303955,1.0,581.1929748123875,383.87516059731746
1216,0.105469,-134.113541,-1070.018188,1.0,596.7579768123876,385.6621475973174
1217,0.103516,-133.775238,-1070.727783,1.0,616.1747858123875,387.40207659731743
1218,0.103516,-133.404251,-1071.427856,1.0,637.1252868123876,387.60852859731745
1219,0.109375,-132.959732,-1072.180298,1.0,638.8084528123876,388.4601215973174
1220,0.101562,-132.504166,-1072.870239,1.0,614.7926448123876,388.3476635973174
1221,0.101562,-132.008926,-1073.543945,1.0,636.9923518123876,385.50525659731744
1222,0.101562,-131.456253,-1074.216919,1.0,660.1705748123876,380.45908359731743
1223,0.101562,-130.867111,-1074.856689,1.0,679.0021178123876,382.1393815973174
1224,0.105469,-130.222534,-1075.47583,1.0,709.5508238123875,380.6935505973174
1225,0.107422,-129.512482,-1076.071533,1.0,739.3625908123876,383.62030759731744
1226,0.101562,-128.789886,-1076.59668,1.0,770.0449028123876,377.38330859731747
1227,0.105469,-128.006271,-1077.087646,1.0,794.5200008123876,379.07257859731743
1228,0.107422,-127.194298,-1077.522339,1.0,799.1974908123875,384.2923045973174
1229,0.101562,-126.371292,-1077.897095,1.0,790.9836238123876,400.68671459731746
1230,0.115234,-125.431877,-1078.25415,1.0,831.9421198123875,396.99106559731746
1231,0.105469,-124.524399,-1078.538574,1.0,859.2142758123875,399.9410785973174
1232,0.113281,-123.550957,-1078.784546,1.0,895.8429988123876,397.71161659731746
1233,0.113281,-122.537216,-1078.983765,1.0,870.5272028123876,451.0685505973174
1234,0.107422,-121.561493,-1079.133667,1.0,906.8858458123875,451.09220159731746
1235,0.113281,-120.533951,-1079.263672,1.0,936.8072318123876,475.5937885973174
1236,0.111328,-119.488998,-1079.384277,1.0,966.2422298123876,474.40525059731743
1237,0.107422,-118.496513,-1079.499512,1.0,980.8239558123876,470.42624659731746
1238,0.109375,-117.451729,-1079.622925,1.0,955.3024108123875,468.6566545973174
1239,0.107422,-116.425873,-1079.743896,1.0,949.6655088123875,454.9938735973174
1240,0.111328,-115.340202,-1079.866333,1.0,902.2644468123875,459.49604059731746
1241,0.107422,-114.237587,-1079.979858,1.0,903.6026428123876,455.80295559731746
1242,0.109375,-113.06266,-1080.086792,1.0,917.0272028123876,450.77939659731743
1243,0.107422,-111.860954,-1080.181396,1.0,921.6313288123876,453.7929765973174
1244,0.109375,-110.593338,-1080.266602,1.0,914.4883238123875,319.46625559731746
1245,0.111328,-109.347984,-1080.33728,1.0,918.9469418123875,315.38971759731743
1246,0.105469,-108.167725,-1080.392822,1.0,930.8047908123875,444.99948859731745
1247,0.109375,-106.954849,-1080.438354,1.0,939.6811338123875,448.5896685973174
1248,0.109375,-105.775421,-1080.470825,1.0,973.3586238123876,471.98404659731744
1249,0.113281,-104.543221,-1080.491699,1.0,1071.1669738123876,480.53763559731743
1250,0.109375,-103.377975,-1080.498291,1.0,1137.8476378123873,489.97348759731744
1251,0.109375,-102.264389,-1080.491699,1.0,1160.4811828123875,487.10190559731745
1252,0.115234,-101.100563,-1080.470825,1.0,1185.4915588123877,483.47605159731745
1253,0.117188,-99.99559,-1080.4375,1.0,1293.6978568123877,178.75003859731743
1254,0.113281,-98.958885,-1080.394409,1.0,1160.3764458123874,309.7607805973174
1255,0.107422,-98.027588,-1080.346069,1.0,1013.1078298123875,447.3675915973174
1256,0.113281,-97.110786,-1080.290527,1.0,1033.2360038123875,440.56055459731743
1257,0.115234,-96.248856,-1080.232666,1.0,971.6226618123876,355.93140459731745
1258,0.113281,-95.477974,-1080.177734,1.0,930.1660578123875,304.94580859731747
1259,0.109375,-94.808952,-1080.130249,1.0,908.9541438123875,286.17227959731747
1260,0.109375,-94.193062,-1080.088501,1.0,916.7765318123876,287.73096459731744
1261,0.115234,-93.618698,-1080.052612,1.0,915.0231748123875,288.91219359731747
1262,0.111328,-93.096756,-1080.022705,1.0,1028.2413138123875,468.5164565973174
1263,0.115234,-92.596275,-1079.996582,1.0,1035.1507988123876,475.41260559731745
1264,0.111328,-92.143219,-1079.974121,1.0,1063.5347098123875,477.15781359731744
1265,0.117188,-91.700134,-1079.953003,1.0,1075.8606378123877,465.53784959731746
1266,0.111328,-91.292824,-1079.934204,1.0,1068.7243468123875,454.1712415973174
1267,0.109375,-90.904663,-1079.916504,1.0,913.4928398123876,302.04682159731743
1268,0.109375,-90.507294,-1079.89917,1.0,914.5067558123876,300.71663659731746
1269,0.107422,-90.125122,-1079.883057,1.0,914.3747978123876,299.16803759731744
1270,0.109375,-89.73246,-1079.867432,1.0,923.2308158123876,324.42877959731743
1271,0.113281,-89.332924,-1079.852417,1.0,993.7486388123875,446.72766859731746
1272,0.107422,-88.957985,-1079.838745,1.0,989.6517148123876,439.1323625973174
1273,0.113281,-88.570885,-1079.824463,1.0,994.3146178123876,442.67078359731744
1274,0.115234,-88.173759,-1079.809082,1.0,950.0905578123876,370.71076159731746
1275,0.101562,-87.836761,-1079.795166,1.0,908.4590878123876,294.0658035973174
1276,0.113281,-87.457458,-1079.778687,1.0,997.9800838123875,481.65451859731746
1277,0.107422,-87.10453,-1079.762817,1.0,1001.1651428123876,471.31119559731746
1278,0.111328,-86.742523,-1079.746216,1.0,1007.2623718123875,471.50894959731744
1279,0.115234,-86.370491,-1079.72937,1.0,1000.6518368123876,471.49692559731744
1280,0.117188,-86.00013,-1079.712891,1.0,877.9688528123876,477.38910659731744
1281,0.105469,-85.662262,-1079.698975,1.0,888.6091118123876,474.67429359731744
1282,0.111328,-85.30117,-1079.684448,1.0,1007.4440118123875,473.8223345973174
1283,0.117188,-84.927025,-1079.67041,1.0,1004.5986748123876,467.67874959731745
1284,0.111328,-84.560944,-1079.657104,1.0,1008.1442678123875,476.6997455973174
1285,0.109375,-84.18631,-1079.643677,1.0,1031.9831358123874,442.04059559731746
1286,0.113281,-83.778786,-1079.629272,1.0,1033.9576838123876,441.96463759731745
1287,0.107422,-83.358864,-1079.614624,1.0,1031.5699278123875,440.3709185973174
1288,0.109375,-82.892021,-1079.598755,1.0,990.5100518123876,461.4927445973174
1289,0.109375,-82.394859,-1079.58252,1.0,992.9366878123876,461.35123459731744
1290,0.109375,-81.871574,-1079.565918,1.0,929.3986628123876,316.33914959731743
1291,0.111328,-81.294876,-1079.548706,1.0,918.9811218123875,286.46736959731743
1292,0.107422,-80.724777,-1079.531982,1.0,913.2819028123876,281.62793759731744
1293,0.109375,-80.114418,-1079.515015,1.0,913.3058288123875,286.01638059731744
1294,0.107422,-79.519371,-1079.499023,1.0,913.4966238123876,283.95258359731747
1295,0.111328,-78.900146,-1079.482788,1.0,916.2011528123876,286.0856705973174
1296,0.113281,-78.267296,-1079.466431,1.0,1008.0063898123875,447.19147459731744
1297,0.111328,-77.651031,-1079.450562,1.0,1006.9165458123875,445.30854059731746
1298,0.111328,-77.047005,-1079.434814,1.0,1008.6144218123876,445.1302875973174
1299,0.113281,-76.44899,-1079.418945,1.0,1009.4350398123876,439.4443435973174
1300,0.109375,-75.87957,-1079.403809,1.0,1012.0925108123876,446.1471935973174
1301,0.109375,-75.312126,-1079.388306,1.0,1020.7248348123876,443.03827659731746
1302,0.113281,-74.737381,-1079.372437,1.0,1053.7242248123875,487.53330259731746
1303,0.107422,-74.199646,-1079.357544,1.0,1060.9379698123876,474.52628359731744
1304,0.109375,-73.656464,-1079.342773,1.0,1057.8368948123875,479.1229015973174
1305,0.107422,-73.133064,-1079.328369,1.0,1056.8762018123875,482.12705259731746
1306,0.111328,-72.604553,-1079.314331,1.0,979.7032888123875,471.2037735973174
1307,0.101562,-72.126755,-1079.301392,1.0,985.4743468123876,475.80872359731745
1308,0.113281,-71.588791,-1079.287231,1.0,1029.3693658123875,480.74127959731743
1309,0.113281,-71.061577,-1079.27356,1.0,1078.1912048123877,476.3388135973174
1310,0.105469,-70.56443,-1079.260986,1.0,1081.5699888123877,471.03217359731747
1311,0.113281,-70.025322,-1079.247803,1.0,948.4184988123876,345.1860125973174
1312,0.105469,-69.523552,-1079.235596,1.0,972.5944638123875,392.1407545973174
1313,0.111328,-68.984406,-1079.2229,1.0,1016.6031308123876,472.72183959731746
1314,0.109375,-68.450096,-1079.210205,1.0,1019.2264218123876,472.87030759731744
1315,0.113281,-67.894562,-1079.19751,1.0,419.6221738123876,328.3541945973174
1316,0.111328,-67.345596,-1079.185547,1.0,434.6174738123876,327.1807635973174
1317,0.111328,-66.80143,-1079.174438,1.0,1000.8146178123876,491.5697705973174
1318,0.107422,-66.286652,-1079.164551,1.0,998.8861508123875,498.87812059731743
1319,0.115234,-65.743217,-1079.154907,1.0,1003.7015798123875,488.8012165973174
1320,0.107422,-65.252312,-1079.146729,1.0,1003.6656308123876,486.20468859731744
1321,0.115234,-64.724174,-1079.13855,1.0,1006.8320128123876,489.28543859731747
1322,0.111328,-64.22155,-1079.131104,1.0,1001.3646048123876,502.4669265973174
1323,0.113281,-63.721561,-1079.12439,1.0,906.9139218123876,515.6887285973174
1324,0.105469,-63.262199,-1079.118652,1.0,915.0441708123875,516.8423535973175
1325,0.111328,-62.7845,-1079.113281,1.0,914.0190238123876,512.5802075973174
1326,0.105469,-62.330357,-1079.108521,1.0,934.4394348123876,510.97742459731745
1327,0.111328,-61.859684,-1079.103882,1.0,972.6324278123875,502.7249835973174
1328,0.107422,-61.411388,-1079.099854,1.0,1044.0100518123877,491.62259659731745
1329,0.111328,-60.933743,-1079.095947,1.0,1123.1030088123875,479.78205159731743
1330,0.105469,-60.48534,-1079.092285,1.0,1128.5793268123875,484.9523085973174
1331,0.107422,-60.023102,-1079.088989,1.0,1133.2488828123874,478.5526805973174
1332,0.105469,-59.570515,-1079.085815,1.0,1146.7178768123877,484.47827959731745
1333,0.103516,-59.11417,-1079.082642,1.0,1152.7380178123876,482.8963395973174
1334,0.101562,-58.668678,-1079.079712,1.0,1155.0420958123877,471.88162959731744
1335,0.103516,-58.208675,-1079.077148,1.0,1173.4633598123874,436.37543459731745
1336,0.103516,-57.740807,-1079.074585,1.0,1240.4579888123876,276.1968155973174
1337,0.101562,-57.27515,-1079.072144,1.0,1180.6961478123876,343.79404459731745
1338,0.101562,-56.802238,-1079.07019,1.0,1012.6428648123875,472.6792375973174
1339,0.101562,-56.320282,-1079.068237,1.0,1015.6617858123875,469.53922259731746
1340,0.103516,-55.825867,-1079.066406,1.0,1016.9065978123875,470.85449959731744
1341,0.103516,-55.322647,-1079.064453,1.0,1013.5525328123875,471.26306959731744
1342,0.105469,-54.805725,-1079.062744,1.0,956.0847588123876,483.43930859731745
1343,0.103516,-54.282413,-1079.060791,1.0,958.3779108123875,488.56381959731743
1344,0.107422,-53.723709,-1079.058838,1.0,972.6877868123876,492.3445815973174
1345,0.105469,-53.167831,-1079.056763,1.0,976.4279598123876,488.15653259731744
1346,0.103516,-52.612915,-1079.054932,1.0,981.0660818123876,487.94068159731745
1347,0.101562,-52.048389,-1079.053101,1.0,975.8876158123876,488.99805459731743
1348,0.101562,-51.47155,-1079.05127,1.0,978.0302548123875,490.00885759731744
1349,0.113281,-50.81308,-1079.049194,1.0,974.3119318123876,490.10028859731744
1350,0.101562,-50.222286,-1079.047363,1.0,976.9645198123876,496.15824159731744
1351,0.113281,-49.529091,-1079.045288,1.0,919.9047668123876,483.60672759731744
1352,0.113281,-48.83086,-1079.043213,1.0,921.0721248123875,484.64438659731746
1353,0.111328,-48.124203,-1079.041138,1.0,923.9166068123876,485.8219985973174
1354,0.105469,-47.438633,-1079.039185,1.0,925.0045588123876,480.22238959731743
1355,0.103516,-46.76017,-1079.037354,1.0,971.1189998123875,475.35160059731743
1356,0.101562,-46.090595,-1079.035767,1.0,971.3632018123876,474.9612505973174
1357,0.115234,-45.297867,-1079.034302,1.0,971.8209038123875,478.9513625973174
1358,0.103516,-44.581505,-1079.032959,1.0,972.4719048123876,468.1232375973174
1359,0.113281,-43.783642,-1079.031982,1.0,975.2478448123876,476.9939655973174
1360,0.115234,-42.96944,-1079.031128,1.0,975.0751158123876,474.9795305973174
1361,0.113281,-42.140545,-1079.030884,1.0,972.2692068123876,480.62357359731743
1362,0.101562,-41.400661,-1079.030884,1.0,968.0467948123876,395.8455275973174
1363,0.103516,-40.632847,-1079.031616,1.0,825.8099788123876,-194.94713540268256
1364,0.101562,-39.863529,-1079.03186,1.0,825.8099788123876,-194.94713540268256
1365,0.115234,-38.979832,-1079.031982,1.0,825.8099788123876,-194.94713540268256
1366,0.113281,-38.099892,-1079.031982,1.0,955.7190978123875,412.71796459731746
1367,0.101562,-37.31535,-1079.031982,1.0,1006.1505548123876,468.9531635973174
1368,0.101562,-36.498753,-1079.03186,1.0,1008.1390798123875,461.8661265973174
1369,0.115234,-35.584866,-1079.03186,1.0,1008.1854668123875,458.2605975973174
1370,0.111328,-34.689159,-1079.03186,1.0,1017.9871638123875,453.65479259731745
1371,0.111328,-33.776253,-1079.03186,1.0,1015.6553768123875,452.95810659731745
1372,0.115234,-32.827976,-1079.03186,1.0,966.3785208123876,466.2085035973174
1373,0.101562,-31.982988,-1079.032349,1.0,973.3826718123876,458.86203759731745
1374,0.101562,-31.131733,-1079.032959,1.0,975.9366878123876,462.47745559731743
1375,0.101562,-30.27599,-1079.033691,1.0,972.7504088123876,463.6999895973174
1376,0.113281,-29.335571,-1079.034302,1.0,972.7976498123876,457.71585859731744
1377,0.115234,-28.414776,-1079.034912,1.0,1071.3927428123875,458.81403359731746
1378,0.111328,-27.534821,-1079.0354,1.0,1064.5159118123875,467.59333059731745
1379,0.101562,-26.748137,-1079.0354,1.0,1069.0305598123875,464.5843585973174
1380,0.115234,-25.863218,-1079.035522,1.0,1111.6044738123876,467.50839959731746
1381,0.113281,-25.021885,-1079.035034,1.0,1105.5015068123876,457.4310375973174
1382,0.101562,-24.282755,-1079.03418,1.0,1130.6229058123877,449.29456359731745
1383,0.101562,-23.570248,-1079.032959,1.0,1123.7305718123876,452.91641959731743
1384,0.115234,-22.805166,-1079.031372,1.0,1115.0463678123874,455.91880059731744
1385,0.115234,-22.112074,-1079.029907,1.0,1110.6578178123875,453.7320325973174
1386,0.109375,-21.487246,-1079.028442,1.0,1107.4145318123874,455.69263459731746
1387,0.115234,-20.909658,-1079.0271,1.0,1013.0760918123875,493.41672559731745
1388,0.113281,-20.401573,-1079.025757,1.0,1008.0357478123875,491.32538659731745
1389,0.103516,-20.009367,-1079.024536,1.0,1075.9239318123875,470.9578935973174
1390,0.107422,-19.658199,-1079.023682,1.0,1069.3670468123876,468.39096859731745
1391,0.103516,-19.375526,-1079.023071,1.0,1039.9759338123877,496.64847559731743
1392,0.103516,-19.131088,-1079.022461,1.0,1006.1583068123875,510.58356459731743
1393,0.103516,-18.912485,-1079.021851,1.0,1008.0257378123875,508.07386059731743
1394,0.101562,-18.700926,-1079.02124,1.0,1008.7001158123876,504.41657259731744
1395,0.103516,-18.481794,-1079.020508,1.0,1007.4612848123876,483.25531759731746
1396,0.101562,-18.263411,-1079.019897,1.0,1005.0149348123875,467.0440135973174
1397,0.113281,-18.01861,-1079.019165,1.0,1006.6014218123876,471.25473759731744
1398,0.113281,-17.770117,-1079.018555,1.0,1049.5587578123875,462.46839159731746
1399,0.101562,-17.553417,-1079.017944,1.0,1049.4510918123874,460.8183975973174
1400,0.107422,-17.320896,-1079.017334,1.0,1034.2227598123877,466.3482745973174
1401,0.105469,-17.093586,-1079.016602,1.0,999.9343688123876,480.72946959731746
1402,0.103516,-16.867987,-1079.015991,1.0,1001.4659238123876,473.33737959731747
1403,0.103516,-16.647274,-1079.015381,1.0,981.3400078123875,496.7344135973174
1404,0.113281,-16.399464,-1079.014648,1.0,945.8417168123875,501.5575635973174
1405,0.107422,-16.168297,-1079.013916,1.0,906.8754698123876,511.6201555973174
1406,0.101562,-15.945961,-1079.013428,1.0,993.8461118123876,454.04627259731745
1407,0.101562,-15.721369,-1079.012817,1.0,988.3133968123875,462.28443159731745
1408,0.101562,-15.492425,-1079.012207,1.0,982.5840268123876,456.24655959731746
1409,0.101562,-15.261444,-1079.011475,1.0,982.9822808123876,456.29901859731746
1410,0.105469,-15.014909,-1079.010864,1.0,989.7601738123875,453.73633559731746
1411,0.111328,-14.743862,-1079.010254,1.0,999.4254568123876,475.33188659731746
1412,0.115234,-14.456008,-1079.009521,1.0,1006.9441338123876,470.40464059731744
1413,0.115234,-14.150219,-1079.008789,1.0,1006.5816458123876,468.16822059731743
1414,0.101562,-13.860774,-1079.008179,1.0,1000.5027278123875,460.45209459731745
1415,0.103516,-13.550154,-1079.007568,1.0,890.6072198123876,482.28382159731746
1416,0.113281,-13.175238,-1079.006836,1.0,932.7948418123875,471.60578159731745
1417,0.115234,-12.769853,-1079.005859,1.0,979.6410338123876,463.47537959731744
1418,0.113281,-12.326749,-1079.004395,1.0,981.7573058123876,463.85733759731744
1419,0.115234,-11.841737,-1079.003052,1.0,933.4673278123876,498.2342605973174
1420,0.115234,-11.322639,-1079.001587,1.0,884.8654598123876,527.3071975973174
1421,0.113281,-10.770384,-1079.000244,1.0,887.4006768123876,522.6909865973174
1422,0.113281,-10.169832,-1078.998901,1.0,955.9154478123876,440.5207295973174
1423,0.103516,-9.605326,-1078.997559,1.0,949.1228448123876,450.8637165973174
1424,0.101562,-9.017338,-1078.996338,1.0,956.5038268123876,445.41757959731746
1425,0.111328,-8.358157,-1078.994873,1.0,956.8523368123875,440.05667859731744
1426,0.101562,-7.747956,-1078.993042,1.0,979.2562068123875,450.1972425973174
1427,0.115234,-7.024905,-1078.990967,1.0,979.3270078123876,447.3585585973174
1428,0.101562,-6.381736,-1078.989502,1.0,979.8618588123876,453.13697059731743
1429,0.111328,-5.680139,-1078.988647,1.0,992.4096488123876,451.04370859731745
1430,0.113281,-5.004059,-1078.988281,1.0,985.8726008123875,447.6488415973174
1431,0.113281,-4.337305,-1078.988647,1.0,984.9283258123876,453.08097059731745
1432,0.111328,-3.68206,-1078.989502,1.0,988.5083428123876,449.31140859731744
1433,0.103516,-3.093279,-1078.990845,1.0,990.9676938123876,445.32956659731747
1434,0.111328,-2.470078,-1078.992676,1.0,992.1702078123876,442.00757559731744
1435,0.101562,-1.92492,-1078.994629,1.0,992.4797178123875,441.35980959731745
1436,0.105469,-1.36162,-1078.996826,1.0,993.9958918123875,441.41507759731746
1437,0.101562,-0.840064,-1078.999268,1.0,993.1177788123875,443.14417259731744
1438,0.101562,-0.344703,-1079.001831,1.0,998.1106988123876,445.49716959731745
1439,0.101562,0.119525,-1079.004761,1.0,1004.8942068123876,447.2969135973174
1440,0.115234,0.609803,-1079.008423,1.0,1002.9896658123876,443.2043835973174
1441,0.101562,0.99849,-1079.011353,1.0,1008.9865538123876,443.49427059731744
1442,0.115234,1.398243,-1079.014893,1.0,1002.1841238123876,436.26691459731745
1443,0.101562,1.685411,-1079.017456,1.0,1002.6401178123875,435.5972365973174
1444,0.113281,1.92696,-1079.019531,1.0,945.6556208123876,337.72632559731744
1445,0.101562,2.055452,-1079.020752,1.0,935.8705868123876,327.5010755973174
1446,0.115234,2.106275,-1079.02124,1.0,912.7514458123876,298.5129015973174
1447,0.109375,2.100757,-1079.021118,1.0,911.9402278123875,295.6051405973175
1448,0.107422,2.088234,-1079.020996,1.0,915.1957818123875,299.74431659731744
1449,0.103516,2.081586,-1079.020996,1.0,982.6387138123876,381.72492259731746
1450,0.113281,2.082637,-1079.020996,1.0,1018.9161798123876,422.42075359731746
1451,0.103516,2.087039,-1079.020996,1.0,1024.0262258123876,426.4873425973174
1452,0.113281,2.092636,-1079.020996,1.0,1021.6284598123875,432.6856765973174
1453,0.111328,2.098138,-1079.020996,1.0,1020.7864188123875,428.19196359731745
1454,0.109375,2.105263,-1079.020996,1.0,1022.7265438123876,433.0293345973174
1455,0.107422,2.115043,-1079.020996,1.0,1020.7962458123876,439.2944415973174
1456,0.107422,2.127806,-1079.020996,1.0,1020.9231378123876,438.63193559731747
1457,0.111328,2.143372,-1079.020996,1.0,1018.4493828123875,443.76978259731743
1458,0.105469,2.160342,-1079.020996,1.0,1019.0799978123875,442.52747359731745
1459,0.109375,2.179631,-1079.020996,1.0,1022.4046438123876,442.11170159731745
1460,0.105469,2.20072,-1079.020996,1.0,1011.8259698123876,433.97568559731747
1461,0.111328,2.2248,-1079.020996,1.0,1012.0971488123876,430.84281159731745
1462,0.109375,2.250698,-1079.020996,1.0,1009.6916928123876,429.66852559731745
1463,0.111328,2.279558,-1079.020996,1.0,1012.9696468123875,431.8552935973174
1464,0.109375,2.309865,-1079.020996,1.0,1017.4813658123876,434.45294959731746
1465,0.109375,2.342852,-1079.020996,1.0,1017.0292168123875,430.7960585973174
1466,0.111328,2.378645,-1079.021729,1.0,1019.5512508123876,428.1040115973174
1467,0.105469,2.416665,-1079.022339,1.0,1019.7300838123875,431.7733235973174
1468,0.107422,2.458618,-1079.022949,1.0,1017.7449758123876,431.0712355973174
1469,0.109375,2.505555,-1079.023682,1.0,1020.0830498123876,430.98929559731744
1470,0.101562,2.553418,-1079.024292,1.0,1021.7245908123875,423.89881159731743
1471,0.101562,2.606651,-1079.024902,1.0,971.5845758123876,377.29962959731745
1472,0.107422,2.668605,-1079.025635,1.0,932.3177298123876,330.1531145973174
1473,0.111328,2.737355,-1079.026245,1.0,923.5238458123875,299.4558025973174
1474,0.105469,2.809217,-1079.026978,1.0,1030.2416808123876,423.5050425973174
1475,0.109375,2.890052,-1079.027588,1.0,1035.1008718123876,427.1678845973174
1476,0.109375,2.975657,-1079.028198,1.0,1035.9376028123875,424.6249775973174
1477,0.109375,3.066093,-1079.029053,1.0,1028.5795708123876,414.45676459731743
1478,0.109375,3.161171,-1079.030273,1.0,1033.3577688123876,412.9727555973174
1479,0.105469,3.259164,-1079.031616,1.0,1039.7914238123876,420.63709259731746
1480,0.111328,3.365192,-1079.032959,1.0,1040.5574148123876,418.85361459731746
1481,0.107422,3.47365,-1079.03418,1.0,1042.3127258123877,421.28314959731745
1482,0.111328,3.59106,-1079.035645,1.0,1043.8897518123877,422.52866359731746
1483,0.103516,3.701877,-1079.036865,1.0,1048.6845518123876,426.1931225973174
1484,0.109375,3.823619,-1079.038208,1.0,1047.5560118123876,428.67435459731746
1485,0.105469,3.945715,-1079.039551,1.0,1048.0294608123877,428.4455335973174
1486,0.109375,4.070166,-1079.040771,1.0,965.7419858123876,388.1529615973174
1487,0.107422,4.194404,-1079.042114,1.0,971.2733578123875,388.54868359731745
1488,0.109375,4.322188,-1079.043457,1.0,1020.8408018123876,413.1952895973174
1489,0.105469,4.447764,-1079.0448,1.0,1039.0926328123876,422.86917859731744
1490,0.111328,4.578865,-1079.046143,1.0,1043.2002378123875,422.58139759731745
1491,0.115234,4.716957,-1079.048218,1.0,1043.1124078123876,425.6063305973174
1492,0.111328,4.850783,-1079.050293,1.0,1046.1991998123876,419.49646759731746
1493,0.105469,4.973645,-1079.052124,1.0,1006.9427298123876,501.5755995973174
1494,0.103516,5.087697,-1079.053467,1.0,1007.9424248123876,502.82135759731744
1495,0.101562,5.187623,-1079.05481,1.0,1006.2064628123876,500.52054559731744
1496,0.113281,5.283619,-1079.056152,1.0,1007.3068658123875,497.66742759731744
1497,0.101562,5.353531,-1079.057251,1.0,830.5229918123875,509.48007959731746
1498,0.101562,5.413227,-1079.057861,1.0,836.2026178123875,509.38513959731745
1499,0.101562,5.468146,-1079.05835,1.0,840.1795468123876,502.70212559731743
1500,0.103516,5.524809,-1079.05896,1.0,912.5309868123876,321.1177445973174
1501,0.109375,5.587775,-1079.059692,1.0,840.8245658123876,347.93836259731745
1502,0.107422,5.651446,-1079.060303,1.0,545.8025628123876,416.28794059731746
1503,0.107422,5.717642,-1079.060913,1.0,587.3767818123875,417.1117325973174
1504,0.105469,5.783351,-1079.061523,1.0,628.8944518123876,415.07840759731744
1505,0.111328,5.853712,-1079.062744,1.0,614.2320368123876,405.6921155973174
1506,0.105469,5.922247,-1079.064087,1.0,644.8080258123875,408.9954295973174
1507,0.113281,5.998817,-1079.06543,1.0,973.3042418123875,473.92679559731744
1508,0.105469,6.071365,-1079.066772,1.0,972.2284968123876,468.99948859731745
1509,0.101562,6.142519,-1079.067871,1.0,972.9069028123876,471.0650405973174
1510,0.103516,6.216275,-1079.069214,1.0,976.3671688123876,473.91071359731745
1511,0.101562,6.290477,-1079.070435,1.0,970.5756648123876,472.09442859731746
1512,0.101562,6.367499,-1079.071777,1.0,969.5574758123876,468.1667865973174
1513,0.101562,6.449488,-1079.072998,1.0,972.5873838123875,465.26578559731746
1514,0.101562,6.542503,-1079.074219,1.0,968.9600638123876,471.9280165973174
1515,0.115234,6.676213,-1079.076416,1.0,966.1111868123876,463.75586659731744
1516,0.113281,6.85511,-1079.079224,1.0,965.9509698123876,456.03827659731746
1517,0.115234,7.085864,-1079.082886,1.0,964.0848198123875,456.18460859731744
1518,0.111328,7.362413,-1079.087402,1.0,968.6658748123875,459.56638359731744
1519,0.105469,7.666345,-1079.092529,1.0,963.7709768123875,456.74805459731743
1520,0.103516,8.01373,-1079.098511,1.0,960.9151428123876,455.29578359731744
1521,0.115234,8.446584,-1079.105591,1.0,960.7544978123875,452.18250259731747
1522,0.101562,8.876085,-1079.112671,1.0,959.2703058123875,451.84891559731744
1523,0.115234,9.414866,-1079.120117,1.0,931.8892028123876,441.8577955973174
1524,0.101562,9.928486,-1079.12561,1.0,911.8992728123876,430.45182059731746
1525,0.101562,10.490409,-1079.129272,1.0,906.5556448123875,431.9481885973174
1526,0.101562,11.096785,-1079.130249,1.0,913.9553038123876,430.95252259731745
1527,0.105469,11.754025,-1079.12793,1.0,922.9352228123876,421.0943985973174
1528,0.105469,12.425334,-1079.121948,1.0,912.9251518123875,427.1147535973174
1529,0.103516,13.073341,-1079.112793,1.0,907.5480158123876,418.47071059731746
1530,0.103516,13.716571,-1079.100708,1.0,900.7356988123876,426.32410459731744
1531,0.101562,14.326727,-1079.086426,1.0,901.8981748123875,432.5835955973174
1532,0.107422,14.952464,-1079.069336,1.0,891.5483208123876,433.3819965973174
1533,0.103516,15.559814,-1079.049927,1.0,884.8256648123876,428.79584459731745
1534,0.103516,16.158882,-1079.028076,1.0,876.5654108123875,430.70560459731746
1535,0.105469,16.750002,-1079.003418,1.0,868.0842708123876,428.65271759731746
1536,0.105469,17.339643,-1078.97522,1.0,857.9991878123876,416.16107959731744
1537,0.105469,17.912899,-1078.943848,1.0,856.3624078123876,416.22492259731746
1538,0.105469,18.483696,-1078.908203,1.0,820.7691458123876,412.77173659731744
1539,0.107422,19.048492,-1078.867432,1.0,812.8964658123875,414.8255085973174
1540,0.117188,19.656395,-1078.816895,1.0,802.3335388123876,427.80237559731745
1541,0.113281,20.241102,-1078.76001,1.0,791.5669368123876,412.20001959731746
1542,0.107422,20.777149,-1078.69873,1.0,789.1058768123876,416.8176045973174
1543,0.109375,21.315296,-1078.627441,1.0,715.3362848123876,432.48389459731743
1544,0.105469,21.826536,-1078.550171,1.0,712.8769348123876,429.3282545973174
1545,0.111328,22.353107,-1078.459473,1.0,712.4862478123875,432.9032055973174
1546,0.105469,22.849594,-1078.362915,1.0,711.7484548123875,428.10321859731744
1547,0.107422,23.338169,-1078.256592,1.0,608.6116758123876,435.6901325973174
1548,0.107422,23.812723,-1078.141113,1.0,607.9413878123876,436.19110859731745
1549,0.107422,24.28479,-1078.013428,1.0,611.1111258123875,428.20441459731745
1550,0.107422,24.750164,-1077.873779,1.0,581.4109618123875,433.27283459731746
1551,0.103516,25.19808,-1077.72522,1.0,535.1026428123876,442.29215259731745
1552,0.103516,25.637907,-1077.563965,1.0,538.3095518123876,435.0938795973174
1553,0.107422,26.090666,-1077.380371,1.0,536.3978088123876,436.57263959731745
1554,0.101562,26.523968,-1077.185791,1.0,526.1649898123876,436.08817259731745
1555,0.107422,26.972637,-1076.962036,1.0,785.0560118123875,360.02094259731746
1556,0.111328,27.426151,-1076.709351,1.0,789.2745788123875,360.9084545973174
1557,0.103516,27.84304,-1076.450317,1.0,786.9659848123875,374.33603659731745
1558,0.109375,28.266863,-1076.156494,1.0,776.8679008123876,385.4192585973174
1559,0.103516,28.655891,-1075.856445,1.0,752.7902648123876,390.52561159731744
1560,0.101562,29.03175,-1075.536499,1.0,696.1970638123876,383.75782059731745
1561,0.113281,29.441772,-1075.151001,1.0,724.7594418123875,381.5839305973174
1562,0.115234,29.84189,-1074.733154,1.0,615.6042288123875,381.6471935973174
1563,0.113281,30.222527,-1074.291748,1.0,590.7963378123875,378.06842859731745
1564,0.111328,30.575397,-1073.836182,1.0,601.5672418123876,377.1179275973174
1565,0.113281,30.911592,-1073.35144,1.0,627.7352108123875,373.9354935973174
1566,0.111328,31.221411,-1072.850098,1.0,651.9085508123876,373.09873159731745
1567,0.113281,31.505127,-1072.335815,1.0,676.6875418123875,371.28266159731743
1568,0.109375,31.762039,-1071.818604,1.0,728.0107238123876,375.7561415973174
1569,0.113281,32.009953,-1071.272217,1.0,782.7197688123875,383.11093859731744
1570,0.109375,32.232731,-1070.739502,1.0,807.7328918123876,389.1187825973174
1571,0.109375,32.443363,-1070.194336,1.0,824.2679258123876,388.14664459731745
1572,0.111328,32.643089,-1069.626221,1.0,819.1031918123875,395.7998425973174
1573,0.107422,32.816628,-1069.074219,1.0,810.1899838123876,403.12546559731743
1574,0.109375,32.975822,-1068.495361,1.0,835.2483328123876,401.08832559731746
1575,0.109375,33.112423,-1067.913208,1.0,814.9974788123876,434.50833859731745
1576,0.109375,33.229733,-1067.310547,1.0,825.4747738123875,432.73560359731744
1577,0.107422,33.323551,-1066.718994,1.0,845.0876278123876,433.02790059731745
1578,0.107422,33.399841,-1066.116211,1.0,821.8206598123876,448.79062659731744
1579,0.105469,33.459057,-1065.511475,1.0,848.5588188123876,450.38675659731746
1580,0.109375,33.504601,-1064.873901,1.0,868.4372978123876,450.91727459731743
1581,0.109375,33.53558,-1064.21875,1.0,886.7031668123875,456.40589159731746
1582,0.109375,33.553364,-1063.55481,1.0,900.1160088123876,479.27359759731746
1583,0.105469,33.559818,-1062.900391,1.0,915.0120658123876,468.61444859731745
1584,0.103516,33.557312,-1062.230957,1.0,933.9199028123876,470.5507885973174
1585,0.111328,33.546467,-1061.492554,1.0,944.0656548123876,468.00714859731744
1586,0.105469,33.531082,-1060.772949,1.0,956.7091488123875,470.65222959731744
1587,0.107422,33.5135,-1060.013916,1.0,961.0133478123876,471.7894665973174
1588,0.101562,33.494858,-1059.256226,1.0,978.3904228123876,457.25128959731745
1589,0.101562,33.475323,-1058.490234,1.0,982.0955618123876,455.0674515973174
1590,0.111328,33.45282,-1057.610352,1.0,991.3450128123876,445.57865159731745
1591,0.111328,33.429451,-1056.719727,1.0,992.9656798123875,447.0967175973174
1592,0.101562,33.407738,-1055.863403,1.0,997.8342098123876,448.17511759731747
1593,0.113281,33.386715,-1054.893555,1.0,998.8251768123876,452.2157975973174
1594,0.111328,33.370197,-1053.893066,1.0,997.0096858123876,451.6784435973174
1595,0.101562,33.360157,-1052.972046,1.0,987.8060118123875,446.63941159731746
1596,0.113281,33.354588,-1051.918701,1.0,986.5121268123876,447.98474859731743
1597,0.113281,33.354099,-1050.835571,1.0,1005.2470518123876,474.4144665973174
1598,0.101562,33.357033,-1049.8479,1.0,1007.2368588123876,470.0323255973174
1599,0.111328,33.363037,-1048.705078,1.0,1009.2315488123876,467.8585585973174
1600,0.111328,33.37183,-1047.499023,1.0,1239.0336728123875,551.7556535973174
1601,0.115234,33.383286,-1046.223389,1.0,973.7383238123875,436.32855959731745
1602,0.101562,33.394623,-1045.025757,1.0,977.8136408123876,429.2852555973174
1603,0.111328,33.406612,-1043.697632,1.0,980.5063898123875,432.1527785973174
1604,0.101562,33.416367,-1042.499512,1.0,979.1875418123875,437.04038259731743
1605,0.113281,33.425583,-1041.154053,1.0,989.1569638123875,465.52402459731746
1606,0.111328,33.432167,-1039.840454,1.0,999.8892028123876,465.8348765973174
1607,0.109375,33.43605,-1038.562012,1.0,999.6911428123875,464.01767759731746
1608,0.113281,33.43745,-1037.268921,1.0,999.6761898123875,466.32291459731744
1609,0.111328,33.436466,-1036.00061,1.0,1002.4717828123876,465.95792359731746
1610,0.113281,33.43317,-1034.714722,1.0,1132.8322568123876,-143.61038940268256
1611,0.101562,33.42836,-1033.564209,1.0,1132.8322568123876,-143.61038940268256
1612,0.113281,33.421829,-1032.319946,1.0,1132.8322568123876,-143.61038940268256
1613,0.113281,33.414589,-1031.072266,1.0,1054.1767998123876,89.15102359731745
1614,0.113281,33.407082,-1029.838013,1.0,1050.7590758123874,459.6118245973174
1615,0.101562,33.400204,-1028.724731,1.0,1109.9737968123877,466.04560059731745
1616,0.101562,33.393673,-1027.645996,1.0,1326.7621878123878,500.87226159731745
1617,0.115234,33.386383,-1026.423096,1.0,1452.3299368123876,424.8474805973174
1618,0.115234,33.379219,-1025.213867,1.0,1481.6562308123875,399.38513959731745
1619,0.101562,33.372852,-1024.155396,1.0,1453.4035458123876,420.36222059731745
1620,0.101562,33.366001,-1023.111633,1.0,1292.6236388123875,429.98212459731747
1621,0.101562,33.358162,-1022.060486,1.0,937.2650568123876,460.3339305973174
1622,0.109375,33.348701,-1020.955627,1.0,945.6730768123875,461.26874559731743
1623,0.103516,33.338852,-1019.911438,1.0,969.2444268123876,466.20236959731744
1624,0.103516,33.329456,-1018.887634,1.0,971.2786068123876,464.21900159731746
1625,0.101562,33.322941,-1017.875305,1.0,973.5099908123875,464.09314759731745
1626,0.111328,33.321346,-1016.794434,1.0,977.1567808123875,461.89466059731745
1627,0.101562,33.325817,-1015.798096,1.0,970.2058528123875,454.2499775973174
1628,0.103516,33.336002,-1014.807861,1.0,973.3911558123875,458.57120559731743
1629,0.105469,33.351421,-1013.81366,1.0,973.0089538123875,457.03763559731743
1630,0.105469,33.371525,-1012.806519,1.0,968.3775448123876,460.02036259731744
1631,0.105469,33.39465,-1011.82196,1.0,970.2749448123876,452.8988415973174
1632,0.107422,33.420742,-1010.832214,1.0,962.9701958123876,452.10587359731744
1633,0.111328,33.450768,-1009.807922,1.0,962.0278128123875,456.75318159731745
1634,0.111328,33.483364,-1008.792969,1.0,976.8539238123875,448.93384559731743
1635,0.103516,33.515583,-1007.864624,1.0,994.4141658123875,441.74445359731743
1636,0.103516,33.550007,-1006.939453,1.0,993.6140558123875,446.75800359731744
1637,0.105469,33.586807,-1006.011963,1.0,1000.1991998123875,451.1823195973174
1638,0.103516,33.625374,-1005.097717,1.0,995.8043638123876,445.97150459731745
1639,0.105469,33.667068,-1004.17511,1.0,995.6613578123876,440.20700859731744
1640,0.107422,33.712357,-1003.254028,1.0,996.1329768123876,445.5658955973174
1641,0.107422,33.760639,-1002.350281,1.0,989.7803768123875,469.51999659731746
1642,0.103516,33.811825,-1001.46759,1.0,989.8325618123876,468.38120259731744
1643,0.105469,33.865917,-1000.602173,1.0,984.1436578123876,465.72629559731746
1644,0.103516,33.919914,-999.790894,1.0,969.6323668123875,471.46076159731746
1645,0.101562,33.973324,-999.026855,1.0,961.3009458123876,474.18415059731745
1646,0.101562,34.026405,-998.294739,1.0,964.7570608123875,471.5400465973174
1647,0.101562,34.078766,-997.593201,1.0,960.0391658123875,468.58499959731745
1648,0.105469,34.131035,-996.911011,1.0,961.9148978123876,468.33283259731746
1649,0.109375,34.18726,-996.194031,1.0,991.2223318123876,429.0116345973174
1650,0.101562,34.241035,-995.523499,1.0,990.0367248123875,430.71500359731743
1651,0.103516,34.296116,-994.853027,1.0,994.7677428123876,422.98169759731746
1652,0.101562,34.349777,-994.215576,1.0,994.8166318123875,420.20307159731743
1653,0.103516,34.404728,-993.578369,1.0,993.7056088123876,424.07254759731745
1654,0.111328,34.464867,-992.897156,1.0,996.4785578123875,419.54291559731746
1655,0.101562,34.519524,-992.291382,1.0,994.6506768123876,421.87888359731744
1656,0.103516,34.575939,-991.678284,1.0,997.3984188123876,421.94773059731745
1657,0.105469,34.63274,-991.072327,1.0,1001.8180358123875,421.6158525973174
1658,0.103516,34.688881,-990.484192,1.0,1004.6136288123876,410.71326459731745
1659,0.111328,34.748077,-989.875244,1.0,1000.6412168123876,413.5759355973174
1660,0.107422,34.805393,-989.296204,1.0,1004.5026668123876,408.63788659731745
1661,0.109375,34.864193,-988.712402,1.0,990.8012508123876,421.0572285973174
1662,0.111328,34.923889,-988.129272,1.0,958.2701228123875,440.64752959731743
1663,0.105469,34.98019,-987.582764,1.0,957.1047788123875,431.9658885973174
1664,0.109375,35.037491,-987.027832,1.0,961.9004938123876,423.58860059731745
1665,0.109375,35.09491,-986.472595,1.0,948.7305108123876,449.88181359731743
1666,0.111328,35.151768,-985.923401,1.0,940.4495048123875,461.3488545973174
1667,0.111328,35.20982,-985.363525,1.0,937.4404718123876,453.75437159731746
1668,0.111328,35.270973,-984.772217,1.0,942.7951468123875,454.64295159731745
1669,0.113281,35.335278,-984.149963,1.0,942.6813778123876,454.19696859731744
1670,0.113281,35.40094,-983.511597,1.0,932.4899108123875,440.30994459731744
1671,0.109375,35.466381,-982.868835,1.0,917.5806088123876,431.19632759731746
1672,0.107422,35.532001,-982.214417,1.0,915.6069758123875,429.1055675973174
1673,0.109375,35.597759,-981.545532,1.0,918.5066948123875,431.17456859731743
1674,0.109375,35.664131,-980.849854,1.0,921.2110408123875,440.52600859731746
1675,0.113281,35.730587,-980.123962,1.0,925.3268858123876,443.5824665973174
1676,0.107422,35.792652,-979.415283,1.0,927.5933038123876,445.70603159731746
1677,0.111328,35.85498,-978.669617,1.0,934.6284598123875,446.35858959731746
1678,0.109375,35.914936,-977.917542,1.0,911.1441458123876,448.72693659731743
1679,0.107422,35.972977,-977.154663,1.0,914.3178518123875,447.38565859731744
1680,0.101562,36.02647,-976.416931,1.0,913.8964048123876,447.7202525973174
1681,0.101562,36.077934,-975.66803,1.0,937.0707818123875,455.62104059731746
1682,0.111328,36.132034,-974.826904,1.0,937.5606498123875,454.75690459731743
1683,0.107422,36.181709,-973.989502,1.0,937.3005178123875,451.55463459731743
1684,0.111328,36.228676,-973.119568,1.0,941.0174368123876,445.96024359731746
1685,0.109375,36.271358,-972.237671,1.0,946.7924618123876,449.89878059731745
1686,0.111328,36.309879,-971.336914,1.0,950.5407528123876,453.45847359731744
1687,0.111328,36.343609,-970.43457,1.0,956.1373718123875,450.46515659731745
1688,0.109375,36.371349,-969.577271,1.0,936.7343558123875,441.85086859731746
1689,0.109375,36.394958,-968.723633,1.0,933.9226498123876,441.7537305973174
1690,0.109375,36.414227,-967.899902,1.0,937.3570978123876,449.0443495973174
1691,0.109375,36.430344,-967.065186,1.0,996.4167898123876,511.13657359731747
1692,0.111328,36.442936,-966.250061,1.0,1012.0282408123876,520.5288165973175
1693,0.107422,36.45229,-965.465088,1.0,1078.0094418123876,543.6412125973175
1694,0.113281,36.459122,-964.654724,1.0,1040.0548518123876,528.2137225973174
1695,0.109375,36.463215,-963.887329,1.0,931.0123718123875,499.22046659731745
1696,0.111328,36.46508,-963.113831,1.0,934.2498588123875,431.23770959731746
1697,0.111328,36.464733,-962.357422,1.0,934.1750908123876,435.6621475973174
1698,0.107422,36.462418,-961.628174,1.0,934.8812068123875,434.99399559731745
1699,0.107422,36.458485,-960.918579,1.0,940.3643608123875,435.02259059731745
1700,0.105469,36.45314,-960.234924,1.0,942.1885188123875,432.2843095973174
1701,0.109375,36.446236,-959.538635,1.0,973.1475028123875,439.5914075973174
1702,0.107422,36.438438,-958.863953,1.0,975.8777278123875,430.69165759731743
1703,0.109375,36.430023,-958.188782,1.0,978.2658508123876,437.19736459731746
1704,0.107422,36.421932,-957.535706,1.0,973.0763968123875,429.77686359731746
1705,0.109375,36.41436,-956.880615,1.0,949.4615288123875,405.68381459731745
1706,0.107422,36.408249,-956.249268,1.0,957.4418148123875,407.43723259731746
1707,0.107422,36.403782,-955.616943,1.0,960.0860408123875,406.3434525973174
1708,0.109375,36.401012,-955.001282,1.0,998.7575498123875,445.8381425973174
1709,0.109375,36.399647,-954.384888,1.0,994.9018368123876,443.33844759731744
1710,0.105469,36.399445,-953.810181,1.0,992.9197198123876,443.0350725973174
1711,0.109375,36.400085,-953.233765,1.0,999.6435358123875,442.61814159731745
1712,0.107422,36.401318,-952.68689,1.0,964.1169858123876,440.80612959731747
1713,0.105469,36.402946,-952.174255,1.0,962.0192068123876,430.43637859731746
1714,0.109375,36.404957,-951.686646,1.0,964.9229548123876,432.74161559731743
1715,0.113281,36.407356,-951.224182,1.0,959.5166438123875,431.35147859731745
1716,0.113281,36.409943,-950.810303,1.0,948.8465388123875,541.4585645973175
1717,0.109375,36.412392,-950.471375,1.0,949.6741148123875,533.6908955973174
1718,0.111328,36.414825,-950.164185,1.0,980.2850768123876,464.51270259731746
1719,0.109375,36.417152,-949.886658,1.0,991.5626028123876,437.8086925973174
1720,0.111328,36.419388,-949.624634,1.0,994.1107598123875,437.58338159731744
1721,0.111328,36.421486,-949.371033,1.0,990.1962698123875,433.3267285973174
1722,0.109375,36.423351,-949.121643,1.0,998.6443908123875,435.1515885973174
1723,0.107422,36.424938,-948.876404,1.0,994.9257628123876,430.10086859731746
1724,0.105469,36.426216,-948.637939,1.0,996.1100888123875,433.48712959731745
1725,0.107422,36.427322,-948.395386,1.0,993.0590018123876,430.1591265973174
1726,0.101562,36.428257,-948.163452,1.0,994.4732478123875,437.1846385973174
1727,0.109375,36.429165,-947.91571,1.0,996.9132498123876,432.17316459731745
1728,0.111328,36.430027,-947.660889,1.0,1109.5456968123876,-218.74965640268255
1729,0.113281,36.430817,-947.405823,1.0,1109.5456968123876,-218.74965640268255
1730,0.107422,36.431499,-947.161316,1.0,1109.5456968123876,-218.74965640268255
1731,0.111328,36.432121,-946.905945,1.0,1109.5456968123876,-218.74965640268255
1732,0.109375,36.432648,-946.654785,1.0,994.7596248123875,492.10025759731747
1733,0.115234,36.433128,-946.384155,1.0,994.8273128123876,463.8142775973174
1734,0.107422,36.433537,-946.112366,1.0,1001.2562678123876,452.3255085973174
1735,0.103516,36.433872,-945.818115,1.0,999.8043638123876,451.31644459731746
1736,0.109375,36.434151,-945.469482,1.0,1216.5380668123876,433.9403765973174
1737,0.105469,36.434273,-945.088074,1.0,1456.8144348123874,415.1045305973174
1738,0.113281,36.434151,-944.624512,1.0,1444.5018118123876,418.47476959731745
1739,0.107422,36.433681,-944.135925,1.0,977.3201718123876,428.83545659731743
1740,0.111328,36.432667,-943.581726,1.0,983.5542418123875,427.34830459731745
1741,0.109375,36.430904,-942.988403,1.0,987.7297788123875,433.8461995973174
1742,0.105469,36.428379,-942.380249,1.0,1139.5099908123875,418.32050359731744
1743,0.101562,36.425056,-941.74292,1.0,1143.9926568123874,413.32230359731744
1744,0.107422,36.420982,-941.016479,1.0,1287.1417048123876,403.45633659731743
1745,0.109375,36.418049,-940.231812,1.0,1288.4924128123876,399.6365435973174
1746,0.113281,36.419014,-939.391541,1.0,1298.5302548123877,397.33704359731746
1747,0.107422,36.424641,-938.555725,1.0,1317.4219778123875,385.4527355973174
1748,0.113281,36.437225,-937.674744,1.0,1320.0142638123875,398.2506485973174
1749,0.115234,36.461182,-936.747864,1.0,1337.6221738123877,394.45365159731745
1750,0.103516,36.495678,-935.916321,1.0,1344.9750788123874,385.5021135973174
1751,0.111328,36.550083,-935.054382,1.0,1352.9238088123875,380.0904615973174
1752,0.103516,36.622299,-934.271912,1.0,1355.7370418123874,375.42694859731745
1753,0.103516,36.720135,-933.497925,1.0,1509.7624328123875,375.07117459731745
1754,0.101562,36.844376,-932.751953,1.0,1508.2967338123876,373.94602259731744
1755,0.101562,37.000595,-932.022278,1.0,1516.0434378123878,371.16568759731746
1756,0.105469,37.193253,-931.305725,1.0,1564.6545218123874,362.8177875973174
1757,0.103516,37.423023,-930.608704,1.0,1572.4297908123876,385.55933359731745
1758,0.105469,37.696922,-929.928467,1.0,1626.5422178123877,381.8245625973174
1759,0.111328,38.033878,-929.250122,1.0,1650.7741508123877,392.62259659731745
1760,0.113281,38.425411,-928.608948,1.0,1576.2264218123873,373.1482315973174
1761,0.109375,38.85265,-928.035828,1.0,1541.9195368123874,361.00928459731745
1762,0.115234,39.345715,-927.49585,1.0,1549.9324758123876,359.47150459731745
1763,0.113281,39.872997,-927.028503,1.0,1523.8805968123875,371.89905559731744
1764,0.115234,40.442924,-926.622986,1.0,1492.5699278123875,378.8328935973174
1765,0.117188,41.062309,-926.273499,1.0,1459.5615048123877,384.54163359731746
1766,0.117188,41.704948,-925.992493,1.0,1391.7900198123875,392.11884359731744
1767,0.115234,42.364716,-925.777588,1.0,1325.0317198123876,391.8524855973174
1768,0.113281,43.034733,-925.627808,1.0,1258.4076958123874,396.1896135973174
1769,0.109375,43.681976,-925.545105,1.0,1197.5978818123876,397.43424259731745
1770,0.111328,44.372124,-925.517639,1.0,1149.4651908123874,394.83545659731743
1771,0.101562,45.003605,-925.542236,1.0,1085.6847348123874,402.23343659731745
1772,0.115234,45.739273,-925.622986,1.0,1049.9755058123876,400.63245359731746
1773,0.115234,46.479412,-925.752808,1.0,998.3221858123876,401.96790359731745
1774,0.109375,47.210102,-925.91748,1.0,950.7092708123876,400.64252459731745
1775,0.107422,47.940353,-926.106873,1.0,920.0807308123875,401.3906635973174
1776,0.107422,48.682011,-926.310364,1.0,891.2143368123876,396.1833575973174
1777,0.107422,49.444103,-926.516785,1.0,877.7956968123875,395.84745059731745
1778,0.101562,50.186989,-926.706726,1.0,864.3231628123875,396.69034559731745
1779,0.105469,50.982162,-926.895264,1.0,901.4337578123875,407.91168959731743
1780,0.109375,51.816788,-927.077698,1.0,911.9650078123875,406.68717159731744
1781,0.101562,52.609127,-927.237366,1.0,917.7725028123875,399.12808959731746
1782,0.115234,53.540623,-927.410156,1.0,909.9507868123876,399.31403359731746
1783,0.101562,54.363728,-927.550354,1.0,830.4111138123876,422.38919859731743
1784,0.117188,55.344414,-927.702087,1.0,846.9104428123876,426.42462959731745
1785,0.117188,56.340961,-927.837952,1.0,855.8084528123876,423.9152295973174
1786,0.115234,57.366962,-927.959167,1.0,852.4339408123876,445.0269245973174
1787,0.119141,58.433739,-928.066589,1.0,863.3512998123875,442.12671659731745
1788,0.115234,59.507195,-928.156616,1.0,876.8599668123876,449.24839059731744
1789,0.115234,60.590073,-928.229919,1.0,878.8359798123876,447.2007825973174
1790,0.107422,61.63134,-928.283997,1.0,898.1228448123876,462.50693559731747
1791,0.111328,62.746662,-928.325439,1.0,914.2878228123876,464.27664959731743
1792,0.113281,63.942554,-928.354492,1.0,924.6668508123876,464.33295459731744
1793,0.107422,65.11908,-928.370972,1.0,935.1415828123876,466.09555859731745
1794,0.113281,66.411041,-928.37738,1.0,942.1761288123876,464.58380859731744
1795,0.111328,67.738289,-928.372681,1.0,946.7300838123875,462.67435459731746
1796,0.105469,69.032326,-928.357727,1.0,952.0319028123876,464.37409259731743
1797,0.111328,70.393898,-928.332092,1.0,960.8690608123876,462.00086259731745
1798,0.105469,71.700058,-928.299866,1.0,968.1595878123876,473.0810925973174
1799,0.107422,73.05677,-928.261414,1.0,969.2632868123876,433.34418459731745
1800,0.107422,74.428688,-928.221008,1.0,974.4360778123876,462.02741259731744
1801,0.107422,75.835823,-928.182983,1.0,972.2633478123876,469.51914259731745
1802,0.107422,77.235703,-928.152344,1.0,974.1037408123875,467.53955859731747
1803,0.103516,78.628822,-928.130676,1.0,978.4927788123875,460.16318559731747
1804,0.105469,80.044373,-928.118347,1.0,975.3918878123876,467.83902759731745
1805,0.107422,81.48613,-928.11554,1.0,966.9171568123876,457.54645559731745
1806,0.115234,83.094879,-928.122253,1.0,968.5369688123876,459.5964735973174
1807,0.115234,84.690346,-928.13739,1.0,946.4130668123876,465.02448259731744
1808,0.107422,86.187927,-928.156616,1.0,943.2879448123875,472.0605845973174
1809,0.109375,87.751663,-928.178772,1.0,940.4548148123876,472.29145059731746
1810,0.105469,89.233482,-928.199158,1.0,948.2651788123876,478.7986525973174
1811,0.105469,90.75528,-928.217957,1.0,951.7657278123876,475.87137659731746
1812,0.107422,92.314247,-928.235107,1.0,951.8158988123876,474.76874559731743
1813,0.103516,93.835739,-928.251343,1.0,957.8250548123875,474.95569659731746
1814,0.103516,95.375031,-928.269348,1.0,958.3859068123876,469.4840775973174
1815,0.107422,96.964706,-928.291382,1.0,955.8309138123875,470.93109859731743
1816,0.107422,98.572037,-928.317932,1.0,953.8246268123876,472.92060059731745
1817,0.113281,100.283394,-928.351135,1.0,953.2755548123876,469.82584359731743
1818,0.115234,102.055046,-928.388489,1.0,946.4490168123875,473.96961259731745
1819,0.107422,103.706024,-928.423828,1.0,948.0080378123876,473.01999659731746
1820,0.109375,105.395241,-928.459106,1.0,945.3135798123876,477.09803059731746
1821,0.107422,107.055557,-928.490784,1.0,944.1240658123876,476.1695325973174
1822,0.107422,108.754669,-928.518005,1.0,944.7697568123875,473.16812859731743
1823,0.107422,110.455383,-928.539124,1.0,943.7045098123875,478.5919875973174
1824,0.109375,112.224861,-928.554504,1.0,958.3423278123876,481.6936415973174
1825,0.109375,114.021271,-928.563416,1.0,957.7231258123876,483.47837059731745
1826,0.109375,115.816505,-928.56665,1.0,958.7219658123876,478.8582225973174
1827,0.109375,117.578842,-928.565918,1.0,958.3038138123876,475.1582715973174
1828,0.105469,119.301353,-928.562927,1.0,958.4401668123876,471.77054559731744
1829,0.105469,120.987206,-928.558167,1.0,961.1381648123876,478.95255259731744
1830,0.109375,122.737617,-928.551575,1.0,969.0807918123876,469.37216959731745
1831,0.103516,124.400803,-928.543518,1.0,967.4934508123876,475.2576065973174
1832,0.107422,126.087379,-928.53302,1.0,968.9024468123876,473.70005059731744
1833,0.109375,127.807716,-928.519714,1.0,968.8937798123876,473.25394459731746
1834,0.115234,129.603867,-928.503601,1.0,971.6490898123876,481.47208459731746
1835,0.115234,131.381454,-928.486755,1.0,972.6482358123876,474.87558759731746
1836,0.107422,133.033768,-928.471375,1.0,970.4007988123875,471.6442035973174
1837,0.109375,134.728668,-928.458435,1.0,971.1479918123875,475.20032459731743
1838,0.107422,136.375839,-928.452087,1.0,971.6667288123875,470.43723259731746
1839,0.111328,138.053711,-928.454163,1.0,975.3961608123875,474.3851085973174
1840,0.107422,139.686859,-928.465454,1.0,972.0708428123876,469.7300495973174
1841,0.109375,141.332596,-928.486206,1.0,963.4332698123876,472.1854935973174
1842,0.111328,143.014603,-928.515442,1.0,960.3210258123876,470.14191459731745
1843,0.107422,144.626511,-928.547302,1.0,948.0387998123875,475.80515259731743
1844,0.111328,146.293213,-928.580078,1.0,937.4845388123875,474.4925005973174
1845,0.105469,147.870682,-928.607422,1.0,945.3310968123876,478.21710959731746
1846,0.111328,149.541031,-928.63031,1.0,952.1749078123876,474.19403859731744
1847,0.107422,151.14035,-928.645264,1.0,950.2674978123875,474.86142759731746
1848,0.109375,152.780502,-928.652832,1.0,955.9771538123875,472.56192759731744
1849,0.107422,154.37236,-928.652771,1.0,959.1052058123876,475.50724059731743
1850,0.109375,156.006897,-928.645142,1.0,966.8329888123876,477.2826005973174
1851,0.111328,157.671051,-928.6297,1.0,973.0964778123875,474.03836859731746
1852,0.115234,159.368439,-928.607788,1.0,975.4866148123875,474.4476085973174
1853,0.111328,161.040939,-928.581726,1.0,974.8626518123875,474.60190559731745
1854,0.111328,162.671738,-928.553101,1.0,969.6619688123876,476.4498365973174
1855,0.107422,164.250732,-928.523193,1.0,970.9387018123875,475.84012659731746
1856,0.109375,165.865479,-928.491943,1.0,978.9916808123876,478.2282485973174
1857,0.105469,167.405792,-928.463013,1.0,978.8527648123876,485.22891959731743
1858,0.111328,169.010941,-928.434998,1.0,976.5577208123875,485.86060359731744
1859,0.107422,170.590622,-928.410095,1.0,975.3074758123876,483.08759359731744
1860,0.115234,172.241364,-928.387451,1.0,970.3017388123876,481.37595359731745
1861,0.109375,173.824707,-928.368896,1.0,971.2847098123875,480.22196159731743
1862,0.111328,175.424438,-928.353027,1.0,972.6393248123876,473.88831359731745
1863,0.113281,177.061829,-928.3396,1.0,972.2357598123875,473.6239395973174
1864,0.113281,178.67247,-928.328796,1.0,1368.0906798123874,199.35341659731745
1865,0.111328,180.283035,-928.320496,1.0,1352.9014708123877,205.81243159731744
1866,0.109375,181.845764,-928.314819,1.0,1184.8945128123873,293.29363259731747
1867,0.111328,183.410965,-928.310486,1.0,1031.4884458123875,407.39087659731746
1868,0.107422,184.941864,-928.306641,1.0,946.8334158123876,470.9405595973174
1869,0.107422,186.468765,-928.302795,1.0,944.8127868123876,473.26132959731746
1870,0.105469,187.956329,-928.298645,1.0,945.0976988123875,478.47565459731743
1871,0.113281,189.565063,-928.29364,1.0,947.2652398123876,479.57700359731746
1872,0.113281,191.171341,-928.288269,1.0,949.8170588123876,485.21659059731746
1873,0.109375,192.708435,-928.284363,1.0,946.8101008123875,481.2060925973174
1874,0.109375,194.255295,-928.282776,1.0,948.0511898123875,479.2602615973174
1875,0.117188,195.883636,-928.284424,1.0,949.8310968123876,478.08988159731746
1876,0.115234,197.516083,-928.289795,1.0,947.1769828123876,467.80857059731744
1877,0.113281,199.097855,-928.296936,1.0,950.4011648123876,469.24054759731746
1878,0.107422,200.596008,-928.304382,1.0,948.1412168123876,472.0552445973174
1879,0.111328,202.153366,-928.311768,1.0,948.2613948123876,466.65250359731743
1880,0.101562,203.56723,-928.317566,1.0,947.9258238123875,470.06275159731746
1881,0.111328,205.090057,-928.322144,1.0,947.9339408123876,476.91641959731743
1882,0.105469,206.573761,-928.32489,1.0,951.1887628123876,475.04438059731746
1883,0.115234,208.145157,-928.325867,1.0,948.2282528123876,476.06681059731744
1884,0.109375,209.66925,-928.325928,1.0,949.9338188123876,471.8566055973174
1885,0.111328,211.199005,-928.3255,1.0,950.8613708123876,473.7588885973174
1886,0.113281,212.7668,-928.325378,1.0,902.8736388123875,312.84021759731746
1887,0.107422,214.251328,-928.326843,1.0,898.5552788123875,174.85081459731742
1888,0.109375,215.735031,-928.330933,1.0,898.5552788123875,174.85081459731742
1889,0.107422,217.216568,-928.338196,1.0,898.5552788123875,174.85081459731742
1890,0.109375,218.712631,-928.348755,1.0,874.6505548123876,-58.114067402682565
1891,0.107422,220.199005,-928.362488,1.0,921.8177298123876,509.72226759731745
1892,0.111328,221.703354,-928.379517,1.0,732.6392028123876,418.55469559731745
1893,0.115234,223.297226,-928.400391,1.0,475.08765781238753,326.39270759731744
1894,0.101562,224.671844,-928.420959,1.0,472.06788281238755,321.29190859731744
1895,0.115234,226.270279,-928.44751,1.0,588.0764578123876,408.6109695973174
1896,0.117188,227.855087,-928.476746,1.0,618.3018608123875,398.80240659731743
1897,0.115234,229.440552,-928.508423,1.0,657.5737118123876,395.82736959731744
1898,0.115234,231.010574,-928.542297,1.0,942.2822688123875,465.87448859731745
1899,0.109375,232.492569,-928.575745,1.0,929.7871518123876,464.51895959731746
1900,0.109375,233.986954,-928.610168,1.0,929.8462948123876,461.5183485973174
1901,0.105469,235.442337,-928.641113,1.0,916.5918388123876,475.13068359731744
1902,0.111328,236.944077,-928.666077,1.0,913.8082698123876,476.49872559731745
1903,0.109375,238.444977,-928.679199,1.0,926.8075988123876,474.9748915973174
1904,0.109375,239.935913,-928.676819,1.0,930.1767388123876,467.95896159731745
1905,0.111328,241.454895,-928.65686,1.0,942.4440728123876,469.50885759731744
1906,0.105469,242.922195,-928.620544,1.0,951.7890438123876,469.5523455973174
1907,0.111328,244.443619,-928.566284,1.0,958.2902648123876,470.46085359731745
1908,0.101562,245.832001,-928.503174,1.0,968.2071348123876,465.78406559731746
1909,0.115234,247.397385,-928.417053,1.0,968.2173278123876,476.29019959731744
1910,0.105469,248.863403,-928.322083,1.0,979.9952818123876,472.67078359731744
1911,0.111328,250.384232,-928.209106,1.0,986.8250548123875,475.35697159731745
1912,0.101562,251.766037,-928.094055,1.0,996.5392268123876,472.6320875973174
1913,0.115234,253.345184,-927.950806,1.0,1014.3378108123876,471.80179559731744
1914,0.107422,254.824097,-927.808716,1.0,1014.4961968123876,469.43225859731746
1915,0.109375,256.35022,-927.659424,1.0,1013.7469908123876,473.97116859731744
1916,0.109375,257.85022,-927.514404,1.0,1017.2303278123876,467.32196859731744
1917,0.113281,259.396179,-927.370361,1.0,1019.3920708123876,464.8730845973174
1918,0.111328,260.937897,-927.233521,1.0,1022.8026548123876,466.49597959731744
1919,0.111328,262.474213,-927.104187,1.0,1020.3871878123875,464.00302859731744
1920,0.107422,263.980408,-926.984131,1.0,1009.6568418123876,462.63584159731744
1921,0.113281,265.533966,-926.867188,1.0,1009.8431208123876,464.7173535973174
1922,0.109375,267.032867,-926.761658,1.0,1002.3476378123876,465.88300359731744
1923,0.107422,268.509827,-926.665955,1.0,999.8629568123876,471.46076159731746
1924,0.111328,270.024963,-926.577209,1.0,996.6811338123875,472.6831745973174
1925,0.107422,271.474487,-926.501648,1.0,984.7847098123875,488.30384059731745
1926,0.115234,273.031036,-926.430237,1.0,985.0195128123876,481.52497059731746
1927,0.117188,274.583893,-926.368103,1.0,979.8798638123876,485.7460095973174
1928,0.105469,275.997101,-926.318115,1.0,999.0160948123876,493.65293159731743
1929,0.107422,277.421936,-926.27301,1.0,1000.1666678123876,486.67240159731745
1930,0.105469,278.789917,-926.234009,1.0,998.7797048123875,489.06320959731744
1931,0.103516,280.160431,-926.198669,1.0,1005.8090018123876,476.99915359731745
1932,0.107422,281.549744,-926.166382,1.0,1020.4460868123875,469.54114559731744
1933,0.103516,282.86438,-926.139038,1.0,1021.3787658123875,469.9965285973174
1934,0.105469,284.195404,-926.114746,1.0,1016.4239318123875,463.0219495973174
1935,0.109375,285.540741,-926.093384,1.0,1006.2749448123876,471.1745075973174
1936,0.105469,286.790833,-926.076111,1.0,932.6420098123875,476.41553459731745
1937,0.103516,288.001465,-926.061096,1.0,935.2616388123876,470.4493175973174
1938,0.105469,289.240875,-926.04657,1.0,868.2486388123875,472.93100759731743
1939,0.105469,290.436554,-926.032532,1.0,868.3762628123876,470.5230485973174
1940,0.103516,291.619293,-926.01825,1.0,841.4252128123876,486.90195459731746
1941,0.103516,292.795166,-926.003601,1.0,844.2226378123876,485.4519725973174
1942,0.105469,293.977081,-925.988647,1.0,841.9745298123876,486.04285459731744
1943,0.103516,295.124176,-925.974182,1.0,838.8361018123876,485.83768459731743
1944,0.109375,296.332092,-925.958923,1.0,926.8288998123876,486.57865159731745
1945,0.103516,297.474518,-925.944824,1.0,922.3234678123875,487.7384715973174
1946,0.103516,298.594879,-925.930908,1.0,924.9888728123875,487.78046459731746
1947,0.103516,299.698608,-925.917603,1.0,982.5890318123876,475.6164625973174
1948,0.115234,300.92041,-925.902588,1.0,985.7900808123876,476.8098835973174
1949,0.103516,302.009247,-925.889099,1.0,984.3196838123876,474.1126785973174
1950,0.101562,303.077759,-925.875977,1.0,1015.9439508123876,481.9844135973174
1951,0.103516,304.157104,-925.862488,1.0,1020.7598688123876,479.75626359731746
1952,0.101562,305.199066,-925.849548,1.0,1021.9613458123875,478.97208459731746
1953,0.101562,306.224457,-925.836975,1.0,1023.6319998123876,483.97510559731745
1954,0.113281,307.362885,-925.823547,1.0,894.3826108123876,525.3641735973174
1955,0.109375,308.45462,-925.811401,1.0,902.1152158123875,523.7171405973174
1956,0.111328,309.553467,-925.799683,1.0,925.8296318123876,467.4176405973174
1957,0.103516,310.573669,-925.789185,1.0,947.6968808123876,402.1938245973174
1958,0.105469,311.595612,-925.778748,1.0,952.2261778123875,403.9302445973174
1959,0.105469,312.611908,-925.768494,1.0,979.7202568123876,481.9927445973174
1960,0.101562,313.599518,-925.758484,1.0,988.4334528123876,478.81885559731745
1961,0.103516,314.586487,-925.748474,1.0,992.0840268123876,477.33026859731746
1962,0.103516,315.580597,-925.738464,1.0,929.9668998123875,512.7220845973175
1963,0.101562,316.550537,-925.728821,1.0,916.2742728123876,513.6280595973174
1964,0.109375,317.577454,-925.71875,1.0,918.1893118123876,513.8299025973174
1965,0.101562,318.550598,-925.709229,1.0,965.6789968123876,499.44290959731745
1966,0.101562,319.520935,-925.699951,1.0,961.5156668123875,496.3815685973174
1967,0.103516,320.495148,-925.690613,1.0,959.5607108123876,493.25568359731744
1968,0.103516,321.487061,-925.68103,1.0,1079.4742248123875,493.8742755973174
1969,0.103516,322.476898,-925.671753,1.0,1081.2599298123876,492.3296275973174
1970,0.103516,323.457794,-925.663147,1.0,954.1522638123876,396.32999459731747
1971,0.101562,324.446289,-925.655396,1.0,975.5429498123875,423.7631915973174
1972,0.103516,325.444275,-925.648926,1.0,988.4892388123876,477.63693959731745
1973,0.105469,326.486725,-925.64325,1.0,957.5174368123876,442.26978259731743
1974,0.107422,327.545105,-925.638916,1.0,953.5870178123876,432.1508865973174
1975,0.103516,328.575958,-925.635925,1.0,952.2299618123876,431.89615659731743
1976,0.105469,329.647247,-925.633606,1.0,1013.7872128123876,470.89649159731744
1977,0.103516,330.707794,-925.631775,1.0,1029.4686088123876,473.9934465973174
1978,0.103516,331.7836,-925.630005,1.0,1049.7516288123875,480.3269725973174
1979,0.101562,332.875092,-925.62793,1.0,1052.2917288123876,476.65222959731744
1980,0.103516,333.981384,-925.625671,1.0,1053.2385678123876,479.37680859731745
1981,0.105469,335.12854,-925.622925,1.0,939.9758108123875,509.55142959731745
1982,0.101562,336.249939,-925.619873,1.0,946.5837218123876,512.5679395973175
1983,0.101562,337.392731,-925.616577,1.0,957.9343078123876,511.68787359731743
1984,0.103516,338.575409,-925.613037,1.0,961.7324638123876,504.6003185973174
1985,0.101562,339.739746,-925.608826,1.0,961.1177788123875,503.34537559731746
1986,0.113281,341.085052,-925.603088,1.0,993.9058648123876,499.80664859731746
1987,0.101562,342.279114,-925.596924,1.0,1029.5704158123876,502.36472359731744
1988,0.101562,343.508484,-925.589417,1.0,1037.5834158123876,507.0569835973174
1989,0.101562,344.752258,-925.580627,1.0,1042.6866268123877,505.05969959731743
1990,0.101562,345.998749,-925.570801,1.0,1052.3682678123876,514.3349075973174
1991,0.107422,347.338959,-925.559509,1.0,1062.5176208123876,516.4343035973175
1992,0.109375,348.705811,-925.547058,1.0,1050.9200248123875,508.85572059731743
1993,0.105469,350.059326,-925.534119,1.0,957.9537168123876,432.26453359731744
1994,0.101562,351.365692,-925.521301,1.0,966.6737478123875,452.5781635973174
1995,0.115234,352.865204,-925.506409,1.0,955.6637388123876,403.1295245973174
1996,0.101562,354.191162,-925.493347,1.0,923.2428398123876,296.4620585973174
1997,0.115234,355.727539,-925.478271,1.0,925.9752008123876,303.3274915973175
1998,0.101562,357.080231,-925.465027,1.0,928.3880428123875,302.1010205973174
1999,0.105469,358.486328,-925.451355,1.0,924.4491388123876,302.79175559731743
2000,0.103516,359.88562,-925.437683,1.0,923.2126888123876,308.38266759731744
2001,0.105469,361.316132,-925.42334,1.0,926.8841978123876,306.9018325973174
2002,0.103516,362.717194,-925.409119,1.0,965.5805478123875,425.09119459731744
2003,0.115234,364.286133,-925.392944,1.0,973.8876158123876,462.80350459731744
2004,0.107422,365.735809,-925.377747,1.0,989.4924738123875,475.90909559731745
2005,0.105469,367.168762,-925.362732,1.0,995.0287898123876,481.78888659731746
2006,0.103516,368.55246,-925.348877,1.0,1004.2377738123876,482.0376665973174
2007,0.101562,369.91864,-925.336426,1.0,1001.3554498123875,479.43701959731743
2008,0.103516,371.33786,-925.324951,1.0,995.1930358123875,482.60105159731745
2009,0.105469,372.745026,-925.315125,1.0,1001.8846858123876,481.7372515973174
2010,0.105469,374.173004,-925.306396,1.0,969.5731628123875,500.9872515973174
2011,0.107422,375.629211,-925.298706,1.0,971.4581108123875,502.57471459731744
2012,0.109375,377.096039,-925.291199,1.0,978.5369078123875,504.1527785973174
2013,0.107422,378.540833,-925.283569,1.0,975.1415218123875,503.5319905973174
2014,0.107422,379.967316,-925.275757,1.0,985.4024468123876,508.75839959731746
2015,0.101562,381.315552,-925.26825,1.0,1022.9308288123875,487.47803459731745
2016,0.105469,382.696869,-925.260437,1.0,1059.4781918123876,492.71521759731746
2017,0.109375,384.102112,-925.252319,1.0,1061.9620788123875,490.65103959731744
2018,0.103516,385.443146,-925.244934,1.0,1064.7308158123876,493.12320759731745
2019,0.105469,386.793274,-925.237427,1.0,979.0908018123876,509.90946159731743
2020,0.109375,388.17746,-925.229919,1.0,970.3756528123876,510.83002459731745
2021,0.113281,389.596985,-925.222229,1.0,979.3038748123876,499.55411559731743
2022,0.101562,390.844757,-925.215576,1.0,986.4067808123875,481.46796459731746
2023,0.109375,392.194489,-925.208618,1.0,984.8796198123875,490.8308485973174
2024,0.111328,393.537567,-925.202026,1.0,980.3541678123876,492.80622059731746
2025,0.113281,394.899933,-925.195679,1.0,987.0773128123876,498.04367859731747
2026,0.101562,396.117157,-925.190552,1.0,1000.9454158123875,487.0562825973174
2027,0.119141,397.525391,-925.184998,1.0,1009.9704398123876,482.43302159731746
2028,0.113281,398.873871,-925.180115,1.0,993.2750058123876,478.9669875973174
2029,0.105469,400.086517,-925.176208,1.0,969.1626398123875,480.9680255973174
2030,0.109375,401.348206,-925.172791,1.0,971.4197808123876,475.02027159731745
2031,0.109375,402.612091,-925.170715,1.0,968.2287408123875,480.21387459731744
2032,0.107422,403.844543,-925.169739,1.0,1316.9018368123875,204.43750759731745
2033,0.103516,405.02832,-925.169922,1.0,1335.7983208123874,194.69547259731743
2034,0.107422,406.240967,-925.171082,1.0,1032.2643248123877,455.1370625973174
2035,0.109375,407.483612,-925.17334,1.0,1004.4849058123875,483.12363459731745
2036,0.107422,408.710999,-925.175842,1.0,1006.4414488123875,468.2729875973174
2037,0.109375,409.939667,-925.178711,1.0,982.9332698123876,467.6074595973174
2038,0.109375,411.152557,-925.18158,1.0,941.4322318123876,469.0603105973174
2039,0.107422,412.327454,-925.184448,1.0,939.3707088123875,465.9873425973174
2040,0.105469,413.4841,-925.1875,1.0,935.9162408123875,467.22776059731746
2041,0.107422,414.649841,-925.190735,1.0,934.0226858123875,469.88181359731743
2042,0.105469,415.770081,-925.194031,1.0,934.6507378123875,469.80368859731743
2043,0.105469,416.891113,-925.197266,1.0,848.0543638123876,552.5683055973175
2044,0.105469,418.010529,-925.200623,1.0,849.1545828123876,556.7710955973174
2045,0.107422,419.127991,-925.203918,1.0,844.3093688123876,546.2919385973174
2046,0.105469,420.216156,-925.206848,1.0,845.8054618123875,551.2607195973175
2047,0.103516,421.29422,-925.209717,1.0,858.0644958123876,545.2473225973174
2048,0.107422,422.371521,-925.212585,1.0,901.3494688123876,513.0582355973174
2049,0.107422,423.466644,-925.215576,1.0,896.9372368123876,519.1233295973175
2050,0.103516,424.500977,-925.218384,1.0,899.5010188123875,523.5754475973174
2051,0.115234,425.627014,-925.221558,1.0,915.3251768123876,482.9665605973174
2052,0.107422,426.694427,-925.224548,1.0,927.7323418123875,455.31998459731744
2053,0.109375,427.757751,-925.227539,1.0,926.5120658123876,451.92551459731743
2054,0.111328,428.838623,-925.230591,1.0,928.3429988123876,450.81858059731746
2055,0.107422,429.894287,-925.233521,1.0,930.2700008123876,448.85492759731744
2056,0.105469,430.920593,-925.236572,1.0,923.2854428123876,456.79569259731744
2057,0.109375,431.97345,-925.239929,1.0,908.4570128123876,467.69333659731745
2058,0.109375,433.030792,-925.243591,1.0,908.2911798123876,465.73569459731743
2059,0.111328,434.122406,-925.248108,1.0,908.7745178123876,456.53076959731743
2060,0.109375,435.171234,-925.253235,1.0,901.8552058123876,459.07978059731744
2061,0.107422,436.191498,-925.258972,1.0,901.7928278123876,462.18512759731743
2062,0.105469,437.212738,-925.265808,1.0,908.0592468123875,465.71234859731743
2063,0.107422,438.228516,-925.273438,1.0,900.1150938123876,462.61902659731743
2064,0.111328,439.282074,-925.282227,1.0,905.7781798123875,454.5903705973174
2065,0.103516,440.27478,-925.291199,1.0,906.1072808123876,459.2300495973174
2066,0.101562,441.236664,-925.300537,1.0,898.5419738123876,459.21213559731746
2067,0.109375,442.268341,-925.311218,1.0,895.6175958123875,451.68839259731743
2068,0.105469,443.254028,-925.32196,1.0,968.6839408123876,469.15387759731743
2069,0.113281,444.312805,-925.33429,1.0,965.4808158123876,462.25583659731745
2070,0.105469,445.292389,-925.346741,1.0,960.1803398123876,461.25904059731744
2071,0.105469,446.28894,-925.360535,1.0,894.0266538123875,446.1522595973174
2072,0.109375,447.298248,-925.375854,1.0,518.3913388123876,379.06552859731744
2073,0.105469,448.258636,-925.391846,1.0,480.75999081238757,361.40299259731745
2074,0.105469,449.229645,-925.409302,1.0,781.2524838123876,434.9347305973174
2075,0.105469,450.177795,-925.427734,1.0,905.3354918123875,457.28974159731746
2076,0.103516,451.103149,-925.446716,1.0,896.7075008123876,459.4018325973174
2077,0.105469,452.042664,-925.467041,1.0,893.9527398123876,451.87656359731744
2078,0.107422,452.987579,-925.488342,1.0,891.6850398123876,444.6802445973174
2079,0.107422,453.909332,-925.509521,1.0,887.4701958123876,442.12104059731746
2080,0.103516,454.81015,-925.530518,1.0,906.8490408123876,464.40537259731747
2081,0.107422,455.720001,-925.551514,1.0,922.0598568123876,490.41001159731746
2082,0.107422,456.626251,-925.572205,1.0,926.4378478123875,491.33527359731744
2083,0.103516,457.495178,-925.590698,1.0,750.8415338123875,476.9703445973174
2084,0.105469,458.328552,-925.607178,1.0,718.2621268123876,478.04575359731746
2085,0.113281,459.176147,-925.622009,1.0,594.0836298123876,435.47571559731745
2086,0.105469,459.940338,-925.632751,1.0,586.3871878123875,431.1689225973174
2087,0.105469,460.672882,-925.639709,1.0,568.3928038123876,436.50565359731746
2088,0.105469,461.388611,-925.642456,1.0,825.2801938123876,402.9974745973174
2089,0.105469,462.109375,-925.640808,1.0,822.9750178123876,395.37287159731744
2090,0.105469,462.850708,-925.634216,1.0,823.6151548123876,395.75733159731743
2091,0.107422,463.602325,-925.622681,1.0,915.8180968123876,319.1802445973174
2092,0.105469,464.322357,-925.607117,1.0,916.0416068123876,316.68793459731745
2093,0.105469,465.073486,-925.586182,1.0,769.8523368123875,397.98267359731744
2094,0.107422,465.828278,-925.560425,1.0,622.8907278123876,462.8510205973174
2095,0.107422,466.603333,-925.528625,1.0,618.9264338123876,453.72400659731744
2096,0.113281,467.423126,-925.487366,1.0,562.6129568123876,492.0036695973174
2097,0.113281,468.269043,-925.43512,1.0,557.0051998123876,493.80298659731744
2098,0.111328,469.1008,-925.371338,1.0,455.7317318123876,531.3595655973174
2099,0.105469,469.898071,-925.295959,1.0,846.2150078123875,564.1468275973175
2100,0.109375,470.7229,-925.200745,1.0,946.7644468123875,572.5111465973175
2101,0.111328,471.584778,-925.078735,1.0,1043.4112358123875,579.8848035973174
2102,0.111328,472.452148,-924.927551,1.0,852.9439508123876,543.8712845973174
2103,0.113281,473.328857,-924.739136,1.0,586.7039908123876,503.75919359731745
2104,0.109375,474.160431,-924.518982,1.0,471.23514981238753,521.5190815973174
2105,0.107422,474.992828,-924.249084,1.0,467.0478328123876,520.9730915973174
2106,0.107422,475.791504,-923.935852,1.0,486.8780938123876,528.0878065973175
2107,0.109375,476.60733,-923.556213,1.0,512.4141658123876,524.0929035973174
2108,0.105469,477.380188,-923.136841,1.0,600.5387998123875,365.39279959731743
2109,0.101562,478.126282,-922.673828,1.0,617.3904228123876,366.3259355973174
2110,0.107422,478.879822,-922.14386,1.0,653.5982478123875,376.62088759731745
2111,0.103516,479.595276,-921.576355,1.0,675.8883478123876,372.98389459731743
2112,0.105469,480.303223,-920.942993,1.0,711.9625668123875,374.6620555973174
2113,0.107422,480.994843,-920.24231,1.0,641.3789488123875,372.0580825973174
2114,0.103516,481.627716,-919.514343,1.0,672.4033018123876,377.14246359731743
2115,0.111328,482.261719,-918.679626,1.0,703.8333548123876,369.96179959731745
2116,0.115234,482.861786,-917.762573,1.0,729.4474298123876,373.87949359731743
2117,0.113281,483.400665,-916.796692,1.0,755.1268728123875,372.21317259731745
2118,0.113281,483.88797,-915.759583,1.0,792.3569148123876,372.03186759731744
2119,0.113281,484.31781,-914.646973,1.0,829.2209288123876,371.89029659731744
2120,0.115234,484.677643,-913.469299,1.0,775.2721978123876,400.68314359731744
2121,0.109375,484.945587,-912.30072,1.0,809.2996028123875,396.8432995973174
2122,0.109375,485.13739,-911.082764,1.0,842.1241878123876,416.95847359731744
2123,0.115234,485.251862,-909.768982,1.0,860.2294128123875,438.4169385973174
2124,0.107422,485.281067,-908.5,1.0,903.7242858123875,439.6007465973174
2125,0.111328,485.238495,-907.200439,1.0,942.3213928123876,434.9370495973174
2126,0.107422,485.141937,-905.9104,1.0,950.5258598123876,462.12604559731744
2127,0.111328,485.011139,-904.568359,1.0,983.6710018123875,463.05631259731746
2128,0.113281,484.874939,-903.211182,1.0,1007.5461848123875,460.1929705973174
2129,0.107422,484.752899,-901.872803,1.0,1012.9351618123876,457.1406025973174
2130,0.111328,484.647919,-900.470093,1.0,1010.3913388123875,459.9420245973174
2131,0.115234,484.571167,-899.025024,1.0,1009.2393608123875,447.5560375973174
2132,0.113281,484.526398,-897.55188,1.0,1014.5193298123876,443.1048045973174
2133,0.113281,484.515961,-896.084351,1.0,1041.6052668123875,475.78192859731746
2134,0.113281,484.539673,-894.61322,1.0,1033.4258848123877,483.53675059731745
2135,0.109375,484.596313,-893.146729,1.0,1019.9479788123875,477.43650059731743
2136,0.111328,484.68158,-891.676392,1.0,1005.1049618123876,486.3559035973174
2137,0.109375,484.792664,-890.18573,1.0,989.0340388123875,478.6563795973174
2138,0.111328,484.925659,-888.67218,1.0,977.4750788123876,471.11359459731744
2139,0.111328,485.073303,-887.167847,1.0,971.1224788123876,474.59995259731744
2140,0.111328,485.236481,-885.639404,1.0,956.7762258123876,471.48154459731745
2141,0.111328,485.413147,-884.080811,1.0,941.1552548123875,441.9688795973174
2142,0.101562,485.580139,-882.670593,1.0,937.8291438123875,451.45255259731744
2143,0.117188,485.775513,-881.029663,1.0,937.5601618123876,451.93058059731743
2144,0.115234,485.959198,-879.388062,1.0,914.1882138123875,460.90839359731746
2145,0.115234,486.12204,-877.74353,1.0,880.3897518123875,460.8063735973174
2146,0.117188,486.26123,-876.0625,1.0,891.1100888123875,458.32407359731747
2147,0.109375,486.366119,-874.480957,1.0,905.7019468123875,453.03803259731745
2148,0.113281,486.450867,-872.830933,1.0,894.8940848123875,449.37775459731745
2149,0.111328,486.512054,-871.186462,1.0,901.1579398123876,451.39661459731747
2150,0.115234,486.551788,-869.513794,1.0,915.2109188123876,454.45825959731746
2151,0.117188,486.569763,-867.812927,1.0,928.4752008123876,461.75730159731745
2152,0.101562,486.568695,-866.370789,1.0,862.9387628123876,490.13614659731746
2153,0.115234,486.551666,-864.735535,1.0,843.6100278123876,491.03806359731743
2154,0.115234,486.521057,-863.112854,1.0,804.8741878123876,508.1827465973174
2155,0.115234,486.480164,-861.524353,1.0,806.7601738123875,502.82599659731744
2156,0.101562,486.436829,-860.15564,1.0,982.0914728123876,501.40479259731745
2157,0.101562,486.386169,-858.786743,1.0,1018.2172668123876,502.2475665973174
2158,0.101562,486.330719,-857.472046,1.0,996.9010428123876,479.65756959731743
2159,0.113281,486.261932,-856.012146,1.0,995.4715998123876,461.84702259731745
2160,0.117188,486.18924,-854.578979,1.0,990.9011038123875,465.6528705973174
2161,0.117188,486.117767,-853.166931,1.0,920.8988458123875,464.6167985973174
2162,0.117188,486.054535,-851.812988,1.0,928.2180598123875,465.8148575973174
2163,0.115234,486.001678,-850.522888,1.0,927.7634088123875,469.92743659731747
2164,0.115234,485.959473,-849.32373,1.0,924.6299248123876,468.97458659731745
2165,0.113281,485.925446,-848.234619,1.0,924.6269958123876,465.86768359731747
2166,0.107422,485.897705,-847.298523,1.0,919.3434258123875,464.35266859731746
2167,0.111328,485.871155,-846.42157,1.0,963.9156918123875,465.8728105973174
2168,0.111328,485.846741,-845.656982,1.0,921.3270688123876,483.2558055973174
2169,0.109375,485.825409,-845.013672,1.0,921.1067318123876,474.98017159731745
2170,0.109375,485.807007,-844.468689,1.0,941.5091978123876,482.7473835973174
2171,0.107422,485.792816,-844.039246,1.0,1141.1611138123876,465.10776559731744
2172,0.109375,485.78241,-843.704285,1.0,1138.2759818123877,471.19535059731743
2173,0.107422,485.775665,-843.470093,1.0,1143.6393858123874,475.73148359731744
2174,0.107422,485.771942,-843.32428,1.0,1150.2085998123875,476.7431105973174
2175,0.111328,485.770813,-843.268433,1.0,1179.9477348123874,492.78134959731744
2176,0.113281,485.770996,-843.270325,1.0,1176.6514708123877,485.8663715973174
2177,0.105469,485.771271,-843.281372,1.0,956.4382748123876,492.97235859731745
2178,0.111328,485.771179,-843.288574,1.0,971.1602598123876,486.03058659731744
2179,0.105469,485.770935,-843.288574,1.0,966.3647268123875,482.22718059731744
2180,0.109375,485.77063,-843.284607,1.0,952.5441098123875,459.59271959731745
2181,0.105469,485.770508,-843.279358,1.0,787.1931578123875,465.6573255973174
2182,0.109375,485.770386,-843.273193,1.0,795.6404838123875,480.5856395973174
2183,0.105469,485.770294,-843.265686,1.0,771.0854918123875,482.5752635973174
2184,0.111328,485.77002,-843.255127,1.0,773.4373588123875,482.91211659731744
2185,0.105469,485.769653,-843.242371,1.0,779.8410458123875,481.33258859731745
2186,0.109375,485.769104,-843.22644,1.0,817.1420098123875,478.25183859731743
2187,0.101562,485.768555,-843.2099,1.0,965.9367488123876,479.7316665973174
2188,0.107422,485.767883,-843.190369,1.0,917.8232238123876,475.7607805973174
2189,0.109375,485.767212,-843.168457,1.0,827.2815978123875,479.25037359731743
2190,0.105469,485.76651,-843.145447,1.0,836.8295708123876,475.51331359731745
2191,0.103516,485.765747,-843.120361,1.0,835.0384338123876,470.50858359731745
2192,0.105469,485.764862,-843.091003,1.0,910.8299368123876,435.3129955973174
2193,0.103516,485.763794,-843.05481,1.0,912.4529838123875,426.42755859731744
2194,0.101562,485.762329,-843.008606,1.0,914.3096738123876,434.11203759731745
2195,0.105469,485.760406,-842.944397,1.0,1051.0885428123875,456.89783459731746
2196,0.105469,485.75766,-842.857483,1.0,1048.3784598123875,456.63339959731746
2197,0.105469,485.754333,-842.746094,1.0,985.9890558123875,401.84009559731743
2198,0.105469,485.750122,-842.607849,1.0,930.8330498123876,343.47156559731746
2199,0.109375,485.744812,-842.432983,1.0,1060.4791678123875,479.5603105973174
2200,0.105469,485.738678,-842.230469,1.0,1059.1930358123875,477.79096259731745
2201,0.111328,485.73114,-841.981079,1.0,1060.2328298123875,471.97495259731744
2202,0.103516,485.723053,-841.707947,1.0,1057.6001398123876,479.88520059731746
2203,0.105469,485.714203,-841.401306,1.0,1092.3700988123876,476.76444259731744
2204,0.107422,485.704193,-841.046936,1.0,1097.0215268123875,475.91593159731747
2205,0.109375,485.69339,-840.657104,1.0,1098.8245658123876,474.5564655973174
2206,0.107422,485.682037,-840.236877,1.0,1094.2767148123876,470.72977459731743
2207,0.107422,485.670532,-839.802917,1.0,1014.6712458123876,476.0586925973174
2208,0.107422,485.658844,-839.352051,1.0,965.1988338123875,474.8871535973174
2209,0.105469,485.64743,-838.903198,1.0,896.7561458123876,474.46970359731745
2210,0.105469,485.6362,-838.454041,1.0,897.3421438123876,468.6453015973174
2211,0.107422,485.625122,-838.001404,1.0,775.1739318123875,470.00479859731746
2212,0.103516,485.614563,-837.562195,1.0,646.1538508123875,469.37430559731746
2213,0.105469,485.604218,-837.125977,1.0,627.1325498123875,470.08176459731743
2214,0.107422,485.593964,-836.686157,1.0,545.9213378123875,462.42325559731745
2215,0.105469,485.584137,-836.256348,1.0,543.5714228123875,461.78101359731744
2216,0.105469,485.574707,-835.836914,1.0,941.8993338123876,484.16165959731745
2217,0.109375,485.565277,-835.410095,1.0,941.8321348123876,482.8304825973174
2218,0.111328,485.555908,-834.977966,1.0,944.3763238123876,485.89521059731743
2219,0.109375,485.547028,-834.563049,1.0,970.9366268123875,407.4694905973174
2220,0.107422,485.538605,-834.155945,1.0,969.3395808123876,406.3821795973174
2221,0.107422,485.530548,-833.763611,1.0,991.2544978123875,440.0475235973174
2222,0.109375,485.522461,-833.360596,1.0,990.7457088123875,436.0787735973174
2223,0.111328,485.51474,-832.96582,1.0,986.7913018123876,428.51270259731746
2224,0.107422,485.507385,-832.586792,1.0,992.9432798123876,427.4895705973174
2225,0.107422,485.500336,-832.214844,1.0,974.0745658123876,463.15061159731744
2226,0.107422,485.493439,-831.842896,1.0,981.3777888123875,460.84204859731744
2227,0.109375,485.486786,-831.476318,1.0,988.2352718123875,465.13224059731743
2228,0.107422,485.480408,-831.117676,1.0,983.4501158123876,467.74384359731744
2229,0.105469,485.474365,-830.771545,1.0,1027.9994318123877,477.09571059731746
2230,0.109375,485.468353,-830.418823,1.0,1042.9877128123876,477.78159359731745
2231,0.103516,485.462921,-830.092224,1.0,1093.3877988123877,469.02939659731743
2232,0.107422,485.457397,-829.755249,1.0,1357.5392878123876,458.5247875973174
2233,0.105469,485.452148,-829.426636,1.0,1383.3122368123877,462.70264459731743
2234,0.109375,485.446838,-829.088745,1.0,1410.4532278123875,456.90308359731745
2235,0.113281,485.44165,-828.748291,1.0,1047.2410088123875,470.2678295973174
2236,0.113281,485.436584,-828.407898,1.0,1050.8753478123876,465.19400759731747
2237,0.107422,485.431885,-828.088501,1.0,941.6512878123875,463.33792859731744
2238,0.105469,485.42749,-827.777771,1.0,902.2447928123876,463.7135695973174
2239,0.107422,485.423126,-827.462952,1.0,931.6041068123876,479.35446959731746
2240,0.111328,485.418701,-827.137146,1.0,944.8866998123875,480.1410295973174
2241,0.109375,485.41449,-826.820801,1.0,938.6235778123876,477.15885159731744
2242,0.111328,485.4104,-826.501343,1.0,947.5083428123876,436.71784259731743
2243,0.115234,485.406342,-826.177917,1.0,958.7829398123876,396.81488759731747
2244,0.113281,485.402344,-825.854797,1.0,1023.4627498123875,423.95645959731746
2245,0.117188,485.398499,-825.530029,1.0,1130.5854308123876,463.0371475973174
2246,0.111328,485.394714,-825.215271,1.0,1136.0427058123873,461.1271135973174
2247,0.111328,485.391052,-824.910034,1.0,930.0555228123876,477.07468459731746
2248,0.111328,485.387329,-824.603516,1.0,942.1437798123876,475.82917059731744
2249,0.111328,485.383514,-824.294922,1.0,936.8469658123876,479.25782059731745
2250,0.111328,485.379791,-823.990662,1.0,944.4968688123876,474.70001959731746
2251,0.111328,485.376068,-823.687744,1.0,952.0660208123876,474.40412159731744
2252,0.117188,485.372162,-823.37262,1.0,958.6482358123876,469.74881759731744
2253,0.115234,485.368256,-823.056396,1.0,959.7380178123875,476.82999459731747
2254,0.117188,485.364075,-822.721008,1.0,961.9184988123876,485.4487995973174
2255,0.115234,485.359619,-822.360474,1.0,967.6816828123875,476.82840759731744
2256,0.115234,485.354614,-821.953918,1.0,968.4521298123875,472.6604995973174
2257,0.113281,485.349091,-821.499939,1.0,969.0810358123875,467.9031145973174
2258,0.101562,485.343842,-821.055725,1.0,969.1935848123876,468.5501785973174
2259,0.117188,485.337219,-820.48407,1.0,975.2781188123876,468.38150759731747
2260,0.113281,485.330475,-819.875916,1.0,969.1345028123876,464.94873859731746
2261,0.107422,485.32373,-819.252808,1.0,970.3072928123876,468.41126259731743
2262,0.113281,485.316437,-818.545349,1.0,1004.7408868123875,487.67041759731745
2263,0.111328,485.30896,-817.803711,1.0,1014.6132628123876,495.38709259731746
2264,0.109375,485.301666,-817.034241,1.0,1021.5135918123875,490.8712845973174
2265,0.109375,485.294312,-816.226379,1.0,1026.3835258123877,491.99692559731744
2266,0.109375,485.286865,-815.373718,1.0,1022.2138488123876,496.03733059731746
2267,0.111328,485.27948,-814.474121,1.0,1036.4622008123874,494.3352125973174
2268,0.101562,485.272858,-813.624695,1.0,1032.0680358123875,497.51160459731744
2269,0.103516,485.26651,-812.732666,1.0,1027.0450248123875,498.52677159731746
2270,0.103516,485.260681,-811.815674,1.0,1031.0721858123875,490.67969559731745
2271,0.111328,485.255219,-810.790405,1.0,1030.1421928123875,500.83377859731746
2272,0.115234,485.25061,-809.685547,1.0,1031.0541808123876,504.10672759731744
2273,0.115234,485.247162,-808.559631,1.0,1033.5804868123876,500.0513995973174
2274,0.115234,485.24472,-807.36853,1.0,929.7693908123875,295.6317975973175
2275,0.101562,485.2435,-806.287842,1.0,928.6221128123875,298.4626995973174
2276,0.113281,485.243134,-805.017822,1.0,929.5154228123876,304.9761735973174
2277,0.113281,485.243958,-803.720825,1.0,1011.7430838123876,468.02283459731746
2278,0.109375,485.246277,-802.387207,1.0,1012.4905818123875,455.14081559731744
2279,0.103516,485.249817,-801.136108,1.0,1290.2868468123875,220.42023459731743
2280,0.115234,485.255646,-799.720459,1.0,1322.2984428123877,183.54904959731743
2281,0.115234,485.263458,-798.278442,1.0,967.5704768123876,446.79819459731743
2282,0.115234,485.272705,-796.865906,1.0,972.8429378123876,438.59180459731743
2283,0.115234,485.282562,-795.456726,1.0,1018.2508968123875,468.3238905973174
2284,0.101562,485.291046,-794.253296,1.0,1017.2554138123876,468.7614825973174
2285,0.115234,485.300079,-792.855103,1.0,1015.7394828123876,467.95319359731747
2286,0.117188,485.305511,-791.479797,1.0,961.6719778123876,479.87192559731744
2287,0.117188,485.305725,-790.106689,1.0,962.4336968123876,475.83737959731747
2288,0.117188,485.300018,-788.753296,1.0,964.1200988123876,476.23661059731745
2289,0.115234,485.288879,-787.416992,1.0,964.0025448123876,478.40592159731744
2290,0.101562,485.275513,-786.257263,1.0,967.8954888123876,477.16413159731746
2291,0.115234,485.257172,-784.960815,1.0,967.9675718123875,474.0024495973174
2292,0.117188,485.236053,-783.654175,1.0,975.5299498123876,476.69660159731745
2293,0.117188,485.213409,-782.36731,1.0,983.9261288123876,465.29788959731746
2294,0.117188,485.189331,-781.085266,1.0,981.7165338123875,475.45560459731746
2295,0.115234,485.164612,-779.820618,1.0,982.6833308123876,471.96070059731744
2296,0.117188,485.140076,-778.576599,1.0,990.4804498123875,469.49622359731745
2297,0.115234,485.115753,-777.342224,1.0,990.0200008123876,469.5027235973174
2298,0.101562,485.094788,-776.268127,1.0,991.2579158123875,475.29407459731743
2299,0.103516,485.073883,-775.185974,1.0,1088.9476738123876,450.68296059731745
2300,0.115234,485.051025,-773.993713,1.0,1481.0882378123874,403.70404859731747
2301,0.115234,485.028412,-772.815247,1.0,1474.0412408123875,399.0289075973174
2302,0.115234,485.005798,-771.642395,1.0,1474.2739068123874,399.29026059731746
2303,0.101562,484.986328,-770.635864,1.0,952.4262508123876,418.43158759731745
2304,0.101562,484.96698,-769.619751,1.0,968.8824278123875,419.76282459731743
2305,0.113281,484.949036,-768.488708,1.0,983.3967098123876,468.4620135973174
2306,0.117188,484.937653,-767.355591,1.0,988.2593198123876,466.25669059731746
2307,0.117188,484.935211,-766.224854,1.0,988.9942438123876,458.1514055973174
2308,0.115234,484.942871,-765.108521,1.0,1034.7670098123876,444.0323255973174
2309,0.117188,484.960815,-763.998901,1.0,1034.3861508123875,444.70066059731744
2310,0.117188,484.987946,-762.903259,1.0,1033.7126888123876,449.11640159731746
2311,0.117188,485.023346,-761.816284,1.0,1027.6844908123876,444.09326959731743
2312,0.115234,485.065765,-760.743652,1.0,1029.6742978123875,448.50257159731746
2313,0.117188,485.114807,-759.688538,1.0,1025.5379448123877,442.2222365973174
2314,0.111328,485.16861,-758.677429,1.0,1014.3201718123876,414.99405659731747
2315,0.111328,485.227905,-757.690552,1.0,1007.9882628123876,414.65866859731744
2316,0.109375,485.292755,-756.722473,1.0,1010.6950498123875,413.51374059731745
2317,0.107422,485.362579,-755.77832,1.0,1011.2565118123875,415.58115359731744
2318,0.115234,485.443512,-754.776428,1.0,1015.0019958123876,411.83158159731744
2319,0.107422,485.523346,-753.862427,1.0,1003.5817678123875,422.36893459731743
2320,0.109375,485.610168,-752.930847,1.0,1011.9147148123876,420.24698659731746
2321,0.107422,485.701385,-752.006836,1.0,1011.2610288123875,411.3335955973174
2322,0.109375,485.79834,-751.072327,1.0,1005.8535578123875,420.37812059731743
2323,0.107422,485.898682,-750.14856,1.0,998.4977838123875,416.43302159731746
2324,0.119141,486.013702,-749.129822,1.0,965.0207328123876,427.2309035973174
2325,0.111328,486.126953,-748.161133,1.0,940.3680838123876,446.5494155973174
2326,0.113281,486.247406,-747.154602,1.0,912.1791198123875,473.9565205973174
2327,0.109375,486.366211,-746.174805,1.0,907.9496268123876,472.2265395973174
2328,0.107422,486.484253,-745.198181,1.0,923.2084158123876,424.33145959731746
2329,0.105469,486.599487,-744.22168,1.0,925.1114318123875,372.82917059731744
2330,0.105469,486.711945,-743.232056,1.0,936.8244438123876,406.8814775973174
2331,0.107422,486.821594,-742.221924,1.0,939.7650568123876,445.86042059731744
2332,0.107422,486.929993,-741.17157,1.0,936.4370538123876,442.29465459731745
2333,0.107422,487.033478,-740.119629,1.0,926.4465148123876,409.3097305973174
2334,0.101562,487.131012,-739.081726,1.0,925.7883718123876,411.16165959731745
2335,0.113281,487.233643,-737.94043,1.0,928.6514098123876,406.6743245973174
2336,0.101562,487.325531,-736.870483,1.0,987.1835748123875,427.5920795973174
2337,0.113281,487.423584,-735.666382,1.0,996.2953918123876,425.91593159731747
2338,0.109375,487.512054,-734.502991,1.0,929.5162778123876,430.13422359731743
2339,0.109375,487.596436,-733.298157,1.0,935.9017148123876,426.88642159731745
2340,0.109375,487.674469,-732.07135,1.0,929.4974178123875,433.5167925973174
2341,0.107422,487.743561,-730.861328,1.0,927.4451718123876,395.00925459731747
2342,0.109375,487.806824,-729.61322,1.0,923.3295708123876,394.9792865973174
2343,0.107422,487.863373,-728.339233,1.0,928.4843558123875,394.89203659731743
2344,0.113281,487.914398,-726.99585,1.0,933.3079648123876,421.00852259731744
2345,0.113281,487.957794,-725.646423,1.0,935.0049858123875,443.76169559731744
2346,0.109375,487.994812,-724.300171,1.0,939.8603938123875,439.03974159731746
2347,0.111328,488.027283,-722.915955,1.0,961.7559628123876,480.6558605973174
2348,0.111328,488.054871,-721.519592,1.0,965.6998098123876,482.18524959731747
2349,0.113281,488.078674,-720.094055,1.0,974.9564628123876,487.52747359731745
2350,0.111328,488.100433,-718.665833,1.0,977.1116758123876,478.9261245973174
2351,0.107422,488.122986,-717.249695,1.0,978.8294488123876,477.6980365973174
2352,0.109375,488.149963,-715.804871,1.0,979.9055598123875,478.58365659731743
2353,0.111328,488.183533,-714.319458,1.0,976.3439758123876,490.46302059731744
2354,0.115234,488.225403,-712.764771,1.0,876.2033508123876,483.2103955973174
2355,0.113281,488.270874,-711.250732,1.0,875.5352598123876,482.4363475973174
2356,0.109375,488.31662,-709.753479,1.0,940.5829888123876,490.7328875973174
2357,0.109375,488.359711,-708.233704,1.0,973.8440978123875,499.03372959731746
2358,0.111328,488.396942,-706.704163,1.0,974.9034848123875,501.94440459731743
2359,0.111328,488.426361,-705.211609,1.0,984.5013238123876,501.98041559731746
2360,0.107422,488.448761,-703.752991,1.0,996.3917658123876,499.25275459731745
2361,0.109375,488.466095,-702.303711,1.0,999.3893858123876,498.6304705973174
2362,0.107422,488.480591,-700.898071,1.0,999.3793148123875,495.40259559731743
2363,0.109375,488.495544,-699.463928,1.0,1007.0915338123875,505.02896859731743
2364,0.107422,488.511353,-698.091919,1.0,1012.3110168123876,504.56214159731746
2365,0.107422,488.52951,-696.694397,1.0,977.3220638123876,480.97629559731746
2366,0.105469,488.548676,-695.361389,1.0,972.3080868123876,479.39389759731745
2367,0.113281,488.570221,-693.963135,1.0,970.4675108123876,486.43070259731746
2368,0.111328,488.59198,-692.586731,1.0,963.4478568123876,448.18006159731743
2369,0.117188,488.614197,-691.15979,1.0,843.4174618123876,-103.90666940268255
2370,0.117188,488.635437,-689.76123,1.0,843.4174618123876,-103.90666940268255
2371,0.111328,488.654999,-688.447876,1.0,843.4174618123876,-103.90666940268255
2372,0.103516,488.672485,-687.261292,1.0,843.4174618123876,-103.90666940268255
2373,0.115234,488.690918,-686.00946,1.0,985.1403618123876,428.49668159731743
2374,0.109375,488.707428,-684.896545,1.0,992.5515558123875,411.8873365973174
2375,0.115234,488.723389,-683.834351,1.0,994.4734308123875,408.48267359731744
2376,0.113281,488.737885,-682.872925,1.0,961.9266168123876,511.51959959731744
2377,0.109375,488.750427,-682.030579,1.0,963.3763848123875,513.7873615973174
2378,0.111328,488.760559,-681.293701,1.0,962.4283868123875,510.95038659731745
2379,0.113281,488.76825,-680.65802,1.0,1115.2503478123876,373.49701659731744
2380,0.109375,488.773315,-680.150269,1.0,1314.1208308123873,206.01013959731745
2381,0.111328,488.776611,-679.732849,1.0,1011.5882378123875,472.0864945973174
2382,0.113281,488.778809,-679.402588,1.0,966.9140438123876,494.30863159731746
2383,0.113281,488.780426,-679.15033,1.0,989.6937678123876,507.20529959731743
2384,0.111328,488.781555,-678.978394,1.0,1002.0431328123875,521.5221635973174
2385,0.111328,488.782379,-678.887817,1.0,996.5096248123875,513.8073195973175
2386,0.115234,488.782837,-678.853455,1.0,1068.3982968123876,523.5332415973174
2387,0.113281,488.783264,-678.830017,1.0,1049.0060848123876,526.3929515973175
2388,0.113281,488.78363,-678.800781,1.0,417.4299738123876,462.9531025973174
2389,0.109375,488.783966,-678.765991,1.0,378.89292581238755,467.8312755973174
2390,0.115234,488.784302,-678.724854,1.0,369.7421078123876,471.24759659731745
2391,0.113281,488.784576,-678.683655,1.0,624.2267268123876,498.0437395973174
2392,0.111328,488.784912,-678.642822,1.0,1002.6399348123875,514.6933365973175
2393,0.109375,488.785248,-678.601074,1.0,1005.0716368123875,507.34699259731747
2394,0.113281,488.785583,-678.555237,1.0,961.7590758123876,500.72776059731746
2395,0.111328,488.786041,-678.506042,1.0,905.8708918123875,488.70252259731745
2396,0.113281,488.78653,-678.447144,1.0,954.8066218123876,491.92163859731744
2397,0.111328,488.787262,-678.369202,1.0,956.6049618123876,487.97177859731744
2398,0.113281,488.7883,-678.251892,1.0,957.4910088123876,482.85877259731745
2399,0.111328,488.789886,-678.089844,1.0,960.5344048123876,488.76554159731745
2400,0.113281,488.791992,-677.873901,1.0,1016.8908508123876,491.3980485973174
2401,0.111328,488.794617,-677.611877,1.0,1010.6453668123876,489.00299859731746
2402,0.113281,488.797729,-677.291565,1.0,1013.4990658123876,489.66001159731746
2403,0.113281,488.8013,-676.915161,1.0,954.3886528123876,458.31919059731746
2404,0.111328,488.805237,-676.500793,1.0,961.2742118123875,451.2029185973174
2405,0.111328,488.80957,-676.038269,1.0,958.9398618123876,448.42145559731745
2406,0.109375,488.814392,-675.526733,1.0,964.4855768123875,443.85971859731745
2407,0.113281,488.819824,-674.950195,1.0,963.6578788123876,444.7420735973174
2408,0.111328,488.825592,-674.33606,1.0,942.1144218123876,451.0792925973174
2409,0.111328,488.832001,-673.658447,1.0,879.7031668123875,470.6703875973174
2410,0.113281,488.838928,-672.927246,1.0,439.5286978123876,453.60446959731746
2411,0.113281,488.84613,-672.142517,1.0,428.6366998123876,446.74512459731744
2412,0.111328,488.853088,-671.346497,1.0,377.28174981238755,436.84299459731744
2413,0.111328,488.860168,-670.509155,1.0,919.3855398123876,462.79508259731745
2414,0.119141,488.86734,-669.606079,1.0,905.3521538123875,463.7622455973174
2415,0.113281,488.874176,-668.707275,1.0,905.1146658123876,464.6269305973174
2416,0.111328,488.880493,-667.809326,1.0,908.8507498123876,458.44635759731744
2417,0.111328,488.886475,-666.891785,1.0,952.3209038123875,492.80094159731743
2418,0.111328,488.89212,-665.956421,1.0,949.2649348123875,493.78433959731746
2419,0.107422,488.897064,-665.051147,1.0,953.3256648123876,489.80243659731747
2420,0.111328,488.901642,-664.093445,1.0,952.5116388123876,482.7679215973174
2421,0.117188,488.905914,-663.082214,1.0,1053.8849908123875,484.14533259731746
2422,0.109375,488.909454,-662.114075,1.0,1055.8588678123874,474.69797559731745
2423,0.109375,488.912384,-661.148315,1.0,1056.2402158123875,481.61472359731744
2424,0.111328,488.914917,-660.143921,1.0,1023.8316458123876,535.4823375973174
2425,0.111328,488.917084,-659.124573,1.0,1030.4228938123874,532.6572645973174
2426,0.111328,488.919342,-658.09552,1.0,1024.4852718123875,537.6554035973174
2427,0.113281,488.921844,-657.05072,1.0,984.6030698123876,418.95838159731744
2428,0.111328,488.924652,-656.017822,1.0,983.9068418123876,418.52252959731743
2429,0.107422,488.927643,-655.034485,1.0,1047.5066948123877,467.88834359731743
2430,0.111328,488.930939,-654.04364,1.0,1050.8125418123875,467.40564759731745
2431,0.107422,488.934174,-653.108215,1.0,1059.6409118123875,472.07904859731747
2432,0.109375,488.937561,-652.148987,1.0,1075.6479308123876,482.38330859731747
2433,0.105469,488.940796,-651.249329,1.0,860.4759948123875,417.2789075973174
2434,0.111328,488.944122,-650.32782,1.0,859.1387748123875,419.11258659731743
2435,0.107422,488.947235,-649.438171,1.0,879.1500058123876,421.32627159731743
2436,0.111328,488.95047,-648.52594,1.0,1021.1878478123875,454.49680359731747
2437,0.113281,488.953674,-647.63269,1.0,1020.8596008123876,453.0365375973174
2438,0.111328,488.956573,-646.78064,1.0,1018.3529478123876,446.90619659731743
2439,0.111328,488.959015,-645.972046,1.0,1108.8955498123876,528.8791885973175
2440,0.107422,488.960876,-645.233887,1.0,1111.2472958123876,517.6851275973174
2441,0.111328,488.962189,-644.558044,1.0,988.2261778123875,455.53855159731745
2442,0.113281,488.962891,-643.945496,1.0,987.9917418123875,459.6865315973174
2443,0.107422,488.963104,-643.443726,1.0,982.6637388123876,455.58609759731746
2444,0.109375,488.963043,-643.030457,1.0,984.8924368123876,453.7262645973174
2445,0.107422,488.962799,-642.723572,1.0,982.9366878123876,454.14347059731745
2446,0.109375,488.962585,-642.507446,1.0,891.5941588123876,473.45407859731745
2447,0.113281,488.962433,-642.397278,1.0,892.2148858123876,480.65384659731745
2448,0.113281,488.962524,-642.38385,1.0,626.2330138123875,444.8527295973174
2449,0.117188,488.962555,-642.396667,1.0,363.0748718123876,410.39438659731746
2450,0.109375,488.962555,-642.407532,1.0,365.44282181238754,407.83860059731745
2451,0.111328,488.962616,-642.409668,1.0,414.69227281238756,333.29111459731746
2452,0.103516,488.962555,-642.405823,1.0,415.05518781238754,336.97623459731744
2453,0.109375,488.962555,-642.401489,1.0,845.3466608123875,438.16742759731744
2454,0.105469,488.962585,-642.399963,1.0,919.0685848123876,460.05222359731744
2455,0.101562,488.962555,-642.40094,1.0,916.5255548123876,462.2570875973174
2456,0.109375,488.962555,-642.402527,1.0,840.4395568123875,467.25818659731743
2457,0.107422,488.962524,-642.403198,1.0,368.3388788123876,451.67975659731746
2458,0.109375,488.962555,-642.401428,1.0,379.8438528123876,440.3736035973174
2459,0.117188,488.962585,-642.396729,1.0,281.96787681238754,411.87412259731747
2460,0.111328,488.962555,-642.389587,1.0,295.0577208123876,409.95114859731746
2461,0.109375,488.962585,-642.380432,1.0,303.4030578123876,418.1361155973174
2462,0.109375,488.962555,-642.369019,1.0,300.5493588123876,415.4235615973174
2463,0.109375,488.962494,-642.355347,1.0,308.14866281238756,418.9289625973174
2464,0.109375,488.962341,-642.339294,1.0,311.12702581238756,418.7443925973174
2465,0.107422,488.962189,-642.32135,1.0,259.4345358123876,420.7890395973174
2466,0.109375,488.962006,-642.300964,1.0,261.7367978123875,420.2355425973174
2467,0.105469,488.961853,-642.279053,1.0,253.79415581238757,419.47156559731746
2468,0.107422,488.961517,-642.254822,1.0,510.20368581238756,399.76548059731743
2469,0.107422,488.961212,-642.228455,1.0,526.2470818123875,393.61023759731745
2470,0.103516,488.960876,-642.200684,1.0,452.0277518123876,-50.68023640268257
2471,0.109375,488.960541,-642.169556,1.0,325.1774258123876,317.15799759731743
2472,0.107422,488.960205,-642.136841,1.0,311.3791468123876,464.16306359731743
2473,0.111328,488.959869,-642.101196,1.0,295.7507748123876,431.06552859731744
2474,0.103516,488.959564,-642.065674,1.0,293.6405908123876,427.01709759731744
2475,0.109375,488.959229,-642.026367,1.0,313.22364481238753,428.93851459731746
2476,0.107422,488.958923,-641.986267,1.0,318.70515081238756,438.12274959731747
2477,0.105469,488.958466,-641.944031,1.0,340.8495748123876,434.08756259731746
2478,0.109375,488.957947,-641.898804,1.0,348.53838781238755,439.53934459731744
2479,0.101562,488.95752,-641.855286,1.0,329.40978681238755,441.4021075973174
2480,0.105469,488.957031,-641.808228,1.0,350.32574081238755,434.64270759731744
2481,0.109375,488.956543,-641.757507,1.0,358.39918181238755,441.01428959731743
2482,0.103516,488.955994,-641.70752,1.0,331.2582058123876,444.86737859731744
2483,0.111328,488.955322,-641.652466,1.0,405.38184781238755,442.35352359731746
2484,0.109375,488.95462,-641.595825,1.0,460.4460258123876,443.25138059731745
2485,0.111328,488.953979,-641.536987,1.0,472.2950858123876,454.95868659731747
2486,0.109375,488.953278,-641.476196,1.0,488.08900081238755,447.58261859731743
2487,0.107422,488.952454,-641.41626,1.0,909.3812678123876,475.28238659731744
2488,0.109375,488.951599,-641.351929,1.0,902.3893858123876,476.76557159731743
2489,0.107422,488.950775,-641.285095,1.0,904.6617858123875,469.67234059731743
2490,0.111328,488.949738,-641.209229,1.0,870.3152888123875,470.82678959731743
2491,0.111328,488.948425,-641.116699,1.0,498.98051081238754,454.67719259731746
2492,0.109375,488.946686,-640.99939,1.0,503.5408748123876,449.51160459731744
2493,0.113281,488.944122,-640.834473,1.0,713.9011038123875,469.2679215973174
2494,0.113281,488.940491,-640.617554,1.0,966.5802428123876,486.63327759731743
2495,0.107422,488.935822,-640.363098,1.0,965.6197318123876,488.77625259731747
2496,0.113281,488.929596,-640.049561,1.0,1275.1812558123875,407.40494559731746
2497,0.105469,488.922211,-639.706238,1.0,1279.8182188123874,410.24948859731745
2498,0.111328,488.912598,-639.297607,1.0,1437.6762508123875,414.69882959731746
2499,0.105469,488.901459,-638.861938,1.0,1374.3846248123878,437.3304825973174
2500,0.111328,488.887146,-638.346436,1.0,1187.3139458123874,470.4761125973174
2501,0.109375,488.870605,-637.80011,1.0,950.1795468123876,461.06302659731745
2502,0.111328,488.850739,-637.195801,1.0,955.4455988123875,456.47467859731745
2503,0.109375,488.827301,-636.538696,1.0,911.3248718123875,467.27127859731746
2504,0.111328,488.800415,-635.830994,1.0,895.5762748123875,459.5665055973174
2505,0.119141,488.768585,-635.023987,1.0,893.0596128123875,455.90259559731743
2506,0.113281,488.734924,-634.189087,1.0,894.3121758123875,451.81912959731744
2507,0.111328,488.699646,-633.332642,1.0,961.9529228123876,418.8025895973174
2508,0.111328,488.661743,-632.426392,1.0,961.2754938123876,419.45716059731745
2509,0.115234,488.621368,-631.465454,1.0,962.0484428123875,425.6921155973174
2510,0.105469,488.582397,-630.536072,1.0,962.5248228123876,424.8906025973174
2511,0.113281,488.539185,-629.501587,1.0,835.5096248123875,445.39716359731744
2512,0.105469,488.49826,-628.517273,1.0,831.5856138123876,441.26969159731743
2513,0.109375,488.45401,-627.45105,1.0,986.8205378123876,471.15427359731746
2514,0.105469,488.4104,-626.390442,1.0,987.5157278123876,466.03607959731744
2515,0.111328,488.363159,-625.234558,1.0,986.1938898123875,469.1281505973174
2516,0.107422,488.314819,-624.041138,1.0,991.5841488123875,460.49433159731745
2517,0.111328,488.263824,-622.77063,1.0,992.1022148123876,458.68656159731745
2518,0.109375,488.21286,-621.476318,1.0,991.5261648123876,464.20374259731744
2519,0.109375,488.160126,-620.119751,1.0,953.4070248123876,399.94422159731744
2520,0.111328,488.107056,-618.746643,1.0,954.5461848123875,402.1518325973174
2521,0.109375,488.053833,-617.36908,1.0,959.6537288123876,399.6173175973174
2522,0.111328,487.99823,-615.928406,1.0,977.7134208123875,406.27960959731746
2523,0.113281,487.944122,-614.449036,1.0,993.8932308123875,417.66080459731745
2524,0.107422,487.898285,-612.993286,1.0,995.2717098123876,416.9724805973174
2525,0.113281,487.861206,-611.465332,1.0,979.9011648123876,470.53806359731743
2526,0.113281,487.836761,-609.907288,1.0,975.0528988123875,467.02530659731747
2527,0.113281,487.82608,-608.315552,1.0,966.3870658123876,459.08078759731745
2528,0.119141,487.829346,-606.621948,1.0,973.8794368123876,462.60099059731743
2529,0.113281,487.845551,-604.99231,1.0,969.1518978123876,469.30158259731746
2530,0.113281,487.873718,-603.376526,1.0,961.3643608123875,467.0467605973174
2531,0.113281,487.913574,-601.772522,1.0,960.4779478123876,462.1284865973174
2532,0.113281,487.964996,-600.175659,1.0,953.1731378123876,465.40842459731743
2533,0.113281,488.025635,-598.606873,1.0,952.2905088123875,463.91339859731744
2534,0.113281,488.092896,-597.053345,1.0,947.0566218123876,464.97571559731745
2535,0.109375,488.160034,-595.553101,1.0,946.8568538123876,463.35062459731745
2536,0.111328,488.225983,-594.052979,1.0,946.9048278123876,454.02887759731743
2537,0.105469,488.285797,-592.631042,1.0,921.3459898123875,353.0831675973174
2538,0.115234,488.345642,-591.126343,1.0,915.5269588123875,307.22153459731743
2539,0.113281,488.402313,-589.629883,1.0,918.9951598123876,351.48273459731746
2540,0.111328,488.454712,-588.170593,1.0,938.9308898123876,475.35803959731743
2541,0.109375,488.502533,-586.763062,1.0,941.7903868123875,476.65799759731743
2542,0.113281,488.548248,-585.329712,1.0,944.6255308123875,474.22519659731745
2543,0.109375,488.588745,-583.951477,1.0,943.9246638123875,477.45645959731746
2544,0.109375,488.625641,-582.565186,1.0,914.1417048123876,476.92487359731746
2545,0.109375,488.657654,-581.205688,1.0,757.8599058123875,491.9962845973174
2546,0.109375,488.685364,-579.862,1.0,769.5107848123876,490.8093645973174
2547,0.113281,488.709717,-578.485657,1.0,763.0547298123876,492.41306359731743
2548,0.111328,488.729675,-577.146423,1.0,766.5962338123876,485.67859659731744
2549,0.109375,488.745239,-575.83783,1.0,765.7212948123876,486.4842605973174
2550,0.123047,488.757416,-574.393311,1.0,759.9631158123875,484.8328935973174
2551,0.117188,488.763824,-573.020508,1.0,964.8033258123876,486.96860559731743
2552,0.113281,488.765564,-571.687317,1.0,978.5589408123876,485.62671659731745
2553,0.111328,488.764313,-570.411194,1.0,991.8077208123875,482.41825159731746
2554,0.115234,488.761078,-569.106262,1.0,1072.5170708123876,495.91117059731744
2555,0.111328,488.758301,-567.855957,1.0,1079.5422178123877,488.6427385973174
2556,0.111328,488.757263,-566.599304,1.0,1078.7233088123876,492.73273459731746
2557,0.109375,488.757629,-565.384644,1.0,964.9169738123876,499.3432085973174
2558,0.111328,488.758972,-564.181702,1.0,968.7925228123876,490.5692515973174
2559,0.107422,488.76059,-563.002258,1.0,966.8275568123876,485.8142775973174
2560,0.111328,488.761749,-561.809631,1.0,972.1078298123875,494.26016959731743
2561,0.107422,488.76239,-560.64032,1.0,978.7007258123875,502.7755505973174
2562,0.113281,488.762543,-559.419678,1.0,978.3209648123876,503.18439459731746
2563,0.111328,488.762573,-558.201111,1.0,984.9801448123876,505.9247515973174
2564,0.115234,488.762756,-556.956116,1.0,981.4064138123875,501.9838335973174
2565,0.109375,488.763153,-555.743958,1.0,990.0503348123875,499.02414659731744
2566,0.111328,488.763733,-554.516663,1.0,956.0134698123876,454.54996459731746
2567,0.105469,488.764313,-553.346436,1.0,957.5262258123876,454.48111759731745
2568,0.113281,488.764923,-552.087646,1.0,965.6142998123876,475.04544859731743
2569,0.109375,488.765472,-550.85376,1.0,964.7314268123876,477.03775759731747
2570,0.107422,488.76593,-549.623291,1.0,965.7318538123876,474.4889905973174
2571,0.107422,488.766357,-548.415466,1.0,966.6039238123875,473.94800559731743
2572,0.109375,488.766815,-547.161438,1.0,965.6100888123875,468.63248459731744
2573,0.107422,488.767303,-545.915955,1.0,965.6797908123875,476.25788159731746
2574,0.111328,488.767822,-544.632874,1.0,970.1680718123876,480.63083659731745
2575,0.115234,488.768372,-543.294128,1.0,1017.2272758123876,493.15155759731744
2576,0.113281,488.768921,-541.966309,1.0,984.5915338123875,478.88697059731743
2577,0.111328,488.76944,-540.657043,1.0,985.7573058123876,484.82889559731746
2578,0.109375,488.769958,-539.370056,1.0,993.1983458123875,473.51398459731746
2579,0.109375,488.770447,-538.062134,1.0,913.4315608123876,290.7135695973175
2580,0.107422,488.770935,-536.7948,1.0,915.4597588123876,293.01819659731746
2581,0.111328,488.771423,-535.461975,1.0,930.3925588123875,389.75513459731746
2582,0.113281,488.771942,-534.114441,1.0,956.9446218123876,462.19727359731746
2583,0.111328,488.772369,-532.765869,1.0,957.0413018123876,464.35337059731745
2584,0.115234,488.772125,-531.365417,1.0,979.6032528123876,482.58329059731744
2585,0.113281,488.770935,-529.982178,1.0,980.8211478123876,482.9183125973174
2586,0.111328,488.768799,-528.613831,1.0,978.3938408123876,479.9076005973174
2587,0.107422,488.765594,-527.268372,1.0,979.0914118123876,475.37738759731747
2588,0.113281,488.761414,-525.865356,1.0,977.0709648123876,482.25238759731747
2589,0.109375,488.756714,-524.483948,1.0,912.7972838123876,332.6693495973174
2590,0.109375,488.75177,-523.076721,1.0,911.1075858123876,321.23191059731744
2591,0.109375,488.747467,-521.667114,1.0,958.2185478123876,485.91724359731745
2592,0.107422,488.744629,-520.275208,1.0,956.5586968123876,482.47882859731743
2593,0.109375,488.743469,-518.836853,1.0,957.6807678123876,487.01340459731745
2594,0.107422,488.744171,-517.424927,1.0,997.7293508123876,501.37094859731747
2595,0.109375,488.746796,-515.952515,1.0,1098.0377008123876,503.3901745973174
2596,0.117188,488.751221,-514.373718,1.0,1102.6182058123877,503.2020645973174
2597,0.107422,488.75589,-512.932007,1.0,1102.6749688123875,518.4177015973174
2598,0.109375,488.760559,-511.438934,1.0,1112.2165338123875,509.9445875973174
2599,0.105469,488.764954,-509.981049,1.0,1006.5021788123876,498.58887459731744
2600,0.109375,488.768829,-508.48349,1.0,990.4812438123876,495.3006055973174
2601,0.107422,488.772064,-506.989441,1.0,960.3603938123875,473.88074459731746
2602,0.103516,488.774506,-505.537964,1.0,958.2044488123876,472.08148959731744
2603,0.111328,488.776337,-503.964691,1.0,957.0777398123876,474.9506915973174
2604,0.103516,488.777252,-502.479767,1.0,958.1999328123876,467.67362259731743
2605,0.113281,488.7771,-500.880524,1.0,959.7809868123876,477.47843159731747
2606,0.101562,488.775696,-499.394409,1.0,961.4020808123876,475.23844159731743
2607,0.109375,488.772766,-497.828156,1.0,965.3663748123876,472.3882825973174
2608,0.107422,488.768372,-496.260284,1.0,961.8627128123876,481.48590859731746
2609,0.109375,488.762848,-494.672089,1.0,960.6056328123875,478.54218259731744
2610,0.109375,488.756256,-493.05603,1.0,962.6875418123875,480.03314959731745
2611,0.113281,488.748962,-491.40097,1.0,965.9352228123876,485.28589659731745
2612,0.109375,488.74173,-489.778717,1.0,964.0398978123876,483.6636735973174
2613,0.107422,488.73468,-488.184082,1.0,963.0770688123876,482.1355975973174
2614,0.103516,488.728149,-486.680969,1.0,964.0759088123875,484.73593859731744
2615,0.107422,488.721375,-485.096771,1.0,970.2757378123875,478.31781759731746
2616,0.105469,488.715118,-483.570374,1.0,964.9645198123876,486.85382859731743
2617,0.105469,488.70932,-482.055267,1.0,909.0900688123876,487.99924459731744
2618,0.111328,488.703735,-480.485535,1.0,875.1973688123876,492.63959459731745
2619,0.103516,488.699066,-479.023407,1.0,938.0900688123876,492.91297159731744
2620,0.107422,488.694946,-477.486938,1.0,955.4615288123875,497.3474805973174
2621,0.105469,488.692047,-476.001648,1.0,950.2474788123876,496.50998659731744
2622,0.101562,488.690277,-474.575867,1.0,923.7942928123875,357.66373459731744
2623,0.109375,488.689636,-473.037018,1.0,920.4606748123875,310.2764055973174
2624,0.107422,488.690216,-471.52182,1.0,952.5047418123876,481.58112359731746
2625,0.105469,488.691986,-469.991669,1.0,954.2059138123875,475.08329059731744
2626,0.109375,488.694885,-468.416321,1.0,963.0772518123875,479.47098559731745
2627,0.101562,488.698425,-466.948395,1.0,967.8447078123876,479.2909925973174
2628,0.105469,488.703094,-465.402374,1.0,969.0948298123876,478.39966559731744
2629,0.107422,488.708923,-463.786835,1.0,945.5544858123876,424.42060059731745
2630,0.109375,488.715149,-462.142883,1.0,928.9468808123876,357.33869159731745
2631,0.109375,488.721527,-460.489288,1.0,917.9117858123875,317.1766435973174
2632,0.117188,488.728027,-458.69809,1.0,914.5384338123876,322.0892405973174
2633,0.115234,488.732819,-456.880829,1.0,919.8135188123875,314.3052445973174
2634,0.117188,488.735046,-455.033234,1.0,922.8792538123876,309.47788259731743
2635,0.117188,488.734222,-453.125732,1.0,954.3019828123876,487.8176955973174
2636,0.115234,488.730072,-451.182983,1.0,951.0104178123876,488.6193925973174
2637,0.101562,488.723755,-449.459229,1.0,955.5401428123876,475.90692859731746
2638,0.117188,488.713287,-447.404541,1.0,963.1688658123876,469.13129459731744
2639,0.115234,488.699768,-445.344788,1.0,970.1876028123876,466.98676259731747
2640,0.117188,488.684357,-443.277161,1.0,963.2477838123875,471.36301459731743
2641,0.123047,488.667053,-441.042633,1.0,967.4167288123875,466.7631915973174
2642,0.107422,488.65213,-439.084259,1.0,971.6095388123875,476.39301259731747
2643,0.101562,488.639069,-437.24118,1.0,965.7058528123875,474.13282059731745
2644,0.101562,488.627899,-435.392242,1.0,913.0189018123875,344.70114859731746
2645,0.115234,488.617737,-433.245056,1.0,914.9036068123876,315.27433059731743
2646,0.117188,488.610809,-431.064331,1.0,914.8002128123876,312.29514359731746
2647,0.115234,488.607269,-428.877411,1.0,918.0911678123875,307.18766059731746
2648,0.103516,488.606689,-426.946838,1.0,911.2551078123876,310.5584185973174
2649,0.117188,488.608582,-424.693237,1.0,913.5698668123875,310.88455959731743
2650,0.107422,488.611969,-422.652466,1.0,940.3171198123875,369.7085035973174
2651,0.103516,488.615692,-420.642914,1.0,963.1778988123875,472.47946959731746
2652,0.101562,488.618896,-418.680786,1.0,962.9682428123875,464.8733295973174
2653,0.117188,488.621613,-416.414429,1.0,965.8032648123875,459.70124059731745
2654,0.117188,488.623016,-414.12088,1.0,964.4667778123876,460.47528859731744
2655,0.115234,488.623138,-411.842255,1.0,966.9311948123876,468.8451005973174
2656,0.101562,488.622192,-409.828003,1.0,967.8937798123876,464.23590859731746
2657,0.117188,488.619995,-407.486969,1.0,963.9122738123875,464.4732745973174
2658,0.107422,488.617645,-405.352783,1.0,968.2309378123875,464.2649915973174
2659,0.105469,488.615173,-403.218262,1.0,967.2006648123876,459.0886615973174
2660,0.101562,488.612854,-401.157074,1.0,968.3126638123875,457.2093585973174
2661,0.117188,488.610291,-398.797455,1.0,974.7192808123875,460.39801759731745
2662,0.117188,488.607849,-396.392975,1.0,970.0787778123876,463.8606335973174
2663,0.117188,488.605408,-393.985687,1.0,969.2783018123876,461.39167059731744
2664,0.105469,488.603241,-391.794128,1.0,973.3425718123875,457.04627259731745
2665,0.109375,488.601013,-389.532471,1.0,969.0169488123876,461.24057759731744
2666,0.101562,488.599762,-387.423615,1.0,971.6611138123876,463.5998005973174
2667,0.115234,488.599701,-385.024719,1.0,471.59440281238756,384.26407659731746
2668,0.117188,488.601624,-382.555786,1.0,408.9905818123876,376.56269059731744
2669,0.115234,488.605743,-380.137329,1.0,350.2983518123875,364.8779675973174
2670,0.117188,488.611938,-377.714325,1.0,985.8196218123876,461.65808859731743
2671,0.117188,488.620026,-375.308624,1.0,973.7010918123875,460.1861035973174
2672,0.115234,488.6297,-372.918457,1.0,950.9731258123876,482.40842459731743
2673,0.101562,488.639252,-370.871399,1.0,951.5236018123876,482.60300459731747
2674,0.119141,488.651459,-368.464691,1.0,899.5184138123875,485.6369095973174
2675,0.109375,488.663208,-366.2677,1.0,783.0322078123876,491.93225859731746
2676,0.105469,488.673981,-364.174103,1.0,781.9701348123875,487.33002459731745
2677,0.115234,488.684296,-361.865601,1.0,863.3738218123875,493.2396625973174
2678,0.117188,488.69223,-359.56781,1.0,935.9242368123876,485.41675559731743
2679,0.117188,488.697021,-357.252625,1.0,942.7235528123875,484.11905659731747
2680,0.115234,488.697479,-354.959076,1.0,967.4217338123875,481.31549859731746
2681,0.115234,488.69339,-352.662262,1.0,956.8140678123875,435.94910459731744
2682,0.101562,488.686005,-350.664581,1.0,918.6803398123876,338.47714959731746
2683,0.101562,488.67514,-348.672211,1.0,941.8672908123875,385.2488475973174
2684,0.105469,488.661133,-346.575256,1.0,974.9301568123875,483.7285845973174
2685,0.103516,488.646423,-344.526276,1.0,974.9618948123875,479.5214305973174
2686,0.107422,488.631378,-342.426788,1.0,978.5994078123875,471.5851215973174
2687,0.113281,488.616028,-340.162872,1.0,976.1961478123876,468.06397259731744
2688,0.111328,488.603241,-337.957184,1.0,982.1854668123875,468.03211259731745
2689,0.107422,488.594055,-335.855591,1.0,980.6392028123876,471.72925559731743
2690,0.117188,488.587738,-333.538422,1.0,977.8603328123876,472.0947345973174
2691,0.115234,488.585663,-331.244415,1.0,979.2501028123876,476.78159359731745
2692,0.101562,488.587067,-329.25174,1.0,979.6249808123875,473.72620359731746
2693,0.115234,488.592316,-326.989716,1.0,969.4499328123876,468.67453759731745
2694,0.117188,488.601227,-324.729553,1.0,966.8078428123875,462.01938659731746
2695,0.115234,488.613586,-322.496368,1.0,916.4479178123876,326.85871159731744
2696,0.117188,488.629547,-320.245392,1.0,915.1649588123876,327.6371535973174
2697,0.101562,488.645599,-318.345001,1.0,918.3918878123876,306.05011759731747
2698,0.115234,488.665985,-316.138458,1.0,915.2204398123876,308.88428459731745
2699,0.101562,488.684021,-314.25235,1.0,957.8628958123876,436.86914859731746
2700,0.117188,488.704437,-312.066467,1.0,969.3301208123876,500.00095359731745
2701,0.117188,488.723541,-309.873291,1.0,971.8542898123876,485.82511159731746
2702,0.109375,488.739685,-307.86557,1.0,968.5741998123875,472.95072159731745
2703,0.103516,488.753693,-305.953491,1.0,969.8711968123876,472.8500745973174
2704,0.101562,488.765167,-304.125488,1.0,967.3384208123875,468.58490759731745
2705,0.115234,488.774689,-302.044891,1.0,971.6031308123876,469.40052059731744
2706,0.117188,488.779449,-299.938568,1.0,1059.5640068123876,483.30875359731743
2707,0.117188,488.778473,-297.861237,1.0,1095.4379698123876,485.25678259731745
2708,0.115234,488.771637,-295.792999,1.0,1103.4130058123876,482.97556359731743
2709,0.103516,488.761169,-293.994873,1.0,1067.5312308123875,481.4723285973174
2710,0.107422,488.746277,-292.113373,1.0,1003.3307308123875,476.31861159731744
2711,0.107422,488.728241,-290.233093,1.0,1010.6655088123875,476.81803159731743
2712,0.103516,488.709045,-288.455231,1.0,978.1828428123875,454.6617205973174
2713,0.109375,488.686707,-286.54776,1.0,982.9192928123875,460.57849859731743
2714,0.105469,488.665466,-284.773346,1.0,993.0914728123876,469.5489885973174
2715,0.107422,488.644287,-282.932892,1.0,1006.8939628123876,476.93613459731745
2716,0.105469,488.625397,-281.145721,1.0,992.2698788123876,472.8136675973174
2717,0.117188,488.606873,-279.167877,1.0,988.2140318123876,473.9354935973174
2718,0.103516,488.593079,-277.440857,1.0,988.7367368123876,476.8202895973174
2719,0.105469,488.581024,-275.687408,1.0,971.8834038123875,474.01346559731746
2720,0.107422,488.570374,-273.896667,1.0,976.7750668123875,468.9558485973174
2721,0.101562,488.560944,-272.231018,1.0,972.9442558123876,473.21164659731744
2722,0.115234,488.549744,-270.320129,1.0,973.0908628123875,480.2551955973174
2723,0.115234,488.5383,-268.440948,1.0,975.0138358123876,481.23462659731746
2724,0.117188,488.527008,-266.55658,1.0,973.5494808123875,479.9533465973174
2725,0.117188,488.518372,-264.727325,1.0,971.2789728123876,474.0726085973174
2726,0.117188,488.513916,-263.002106,1.0,970.1696588123875,466.08228259731743
2727,0.117188,488.51416,-261.407227,1.0,974.4069028123876,470.47187059731743
2728,0.115234,488.520233,-259.977844,1.0,980.5326348123875,482.41199459731746
2729,0.115234,488.532684,-258.667389,1.0,974.6755798123876,484.6790545973174
2730,0.117188,488.549957,-257.509644,1.0,965.5924498123876,485.88983959731746
2731,0.117188,488.570831,-256.465729,1.0,963.3251768123876,482.93512759731743
2732,0.109375,488.590637,-255.629288,1.0,956.4578668123876,486.60141759731744
2733,0.103516,488.608398,-254.943771,1.0,960.2922788123875,484.66880059731744
2734,0.103516,488.624023,-254.365967,1.0,956.1890068123876,484.14276859731746
2735,0.115234,488.638489,-253.840332,1.0,952.6588558123875,480.80612959731747
2736,0.101562,488.648285,-253.486496,1.0,953.1428038123876,486.58094059731746
2737,0.115234,488.657349,-253.15625,1.0,947.7298398123876,482.05887659731746
2738,0.117188,488.665283,-252.86467,1.0,944.3529478123876,477.8857805973174
2739,0.101562,488.671906,-252.617279,1.0,945.4549368123876,468.38959459731745
2740,0.115234,488.679749,-252.325714,1.0,946.0420348123876,465.21979559731744
2741,0.115234,488.687408,-252.031845,1.0,926.2253838123876,454.41126259731743
2742,0.117188,488.695068,-251.736267,1.0,933.9828298123875,462.46555359731747
2743,0.117188,488.702454,-251.445663,1.0,934.6013608123876,458.2047195973174
2744,0.117188,488.709686,-251.155792,1.0,933.3269468123875,469.2746045973174
2745,0.115234,488.716949,-250.866409,1.0,933.1173518123876,460.63532259731744
2746,0.115234,488.723969,-250.582657,1.0,930.7289848123876,463.2516865973174
2747,0.105469,488.730408,-250.321518,1.0,941.7956358123876,446.6946795973174
2748,0.113281,488.737274,-250.040329,1.0,951.4113578123876,455.1580275973174
2749,0.115234,488.744202,-249.754623,1.0,949.0171928123875,450.34848759731744
2750,0.101562,488.750092,-249.507034,1.0,953.3058288123875,443.31046259731744
2751,0.117188,488.756866,-249.22052,1.0,952.4673888123875,449.22705859731747
2752,0.113281,488.763428,-248.939255,1.0,952.7823298123876,449.66959359731743
2753,0.111328,488.770142,-248.652985,1.0,984.1768608123875,464.60053259731745
2754,0.107422,488.776886,-248.363647,1.0,980.9763608123876,468.19589959731746
2755,0.113281,488.784637,-248.025299,1.0,980.0965388123875,463.28806359731743
2756,0.113281,488.793335,-247.648117,1.0,996.0710258123876,466.6175005973174
2757,0.107422,488.802582,-247.244659,1.0,1007.5202448123875,462.23267359731744
2758,0.115234,488.813568,-246.768005,1.0,1004.0181088123876,461.6876295973174
2759,0.113281,488.82547,-246.249985,1.0,959.6332818123875,427.72345759731746
2760,0.109375,488.838043,-245.705322,1.0,960.8235898123876,432.33988159731746
2761,0.111328,488.85199,-245.097534,1.0,955.3367728123876,451.3756485973174
2762,0.113281,488.86731,-244.432236,1.0,958.2536428123875,454.78845959731746
2763,0.111328,488.883301,-243.742294,1.0,984.0521048123876,462.39871959731744
2764,0.117188,488.900757,-242.984665,1.0,1003.8130308123875,468.63910659731744
2765,0.109375,488.917847,-242.245956,1.0,1003.6767998123876,457.3701555973174
2766,0.115234,488.936707,-241.429214,1.0,1006.3723568123876,461.6018755973174
2767,0.115234,488.956238,-240.583954,1.0,1010.9515798123875,461.53580459731745
2768,0.113281,488.9758,-239.736328,1.0,1009.0289728123876,449.80158259731746
2769,0.111328,488.995605,-238.876831,1.0,1000.1910818123876,451.48911259731744
2770,0.109375,489.015656,-238.007217,1.0,965.7064018123875,467.2328875973174
2771,0.113281,489.036652,-237.089401,1.0,969.1578178123875,466.68915559731744
2772,0.105469,489.056274,-236.220703,1.0,970.3003348123875,465.12686959731747
2773,0.113281,489.077789,-235.25058,1.0,971.9847228123875,463.6770705973174
2774,0.101562,489.09671,-234.383728,1.0,946.5126768123876,440.45688659731746
2775,0.111328,489.117676,-233.392197,1.0,946.3171198123875,446.5323255973174
2776,0.115234,489.137909,-232.360245,1.0,944.2955138123875,442.16114059731746
2777,0.107422,489.15509,-231.396835,1.0,945.6973688123876,444.92438559731744
2778,0.115234,489.17157,-230.337265,1.0,942.7037168123876,440.35288259731743
2779,0.115234,489.184967,-229.304626,1.0,917.9881408123875,320.34925059731745
2780,0.115234,489.19574,-228.266785,1.0,935.8285948123876,367.4366835973174
2781,0.113281,489.203857,-227.229065,1.0,975.2336238123876,484.5354995973174
2782,0.111328,489.209503,-226.19577,1.0,974.4076348123875,484.59845759731746
2783,0.111328,489.212799,-225.142807,1.0,1073.5758478123876,525.6843035973175
2784,0.117188,489.213989,-224.029297,1.0,1070.5403258123874,526.7238845973175
2785,0.115234,489.213196,-222.888199,1.0,1009.5088308123876,513.9760515973175
2786,0.115234,489.211151,-221.695358,1.0,903.4508478123876,480.74674259731745
2787,0.113281,489.20813,-220.467743,1.0,907.2667048123876,480.7985615973174
2788,0.109375,489.204773,-219.241974,1.0,964.6032528123876,464.96207459731744
2789,0.109375,489.201263,-217.96846,1.0,967.3915218123875,466.74555259731744
2790,0.107422,489.197968,-216.67807,1.0,964.4169738123876,461.1523515973174
2791,0.111328,489.194702,-215.315689,1.0,964.2823298123876,464.93897259731744
2792,0.101562,489.191864,-214.09111,1.0,962.2671928123875,467.02704659731745
2793,0.113281,489.188538,-212.687469,1.0,972.6003838123876,465.6360545973174
2794,0.109375,489.185242,-211.350952,1.0,959.6315118123875,434.66992959731743
2795,0.107422,489.181915,-210.044617,1.0,964.4080618123876,437.76743359731745
2796,0.109375,489.178467,-208.739578,1.0,958.6908378123876,436.86408259731746
2797,0.109375,489.175049,-207.44455,1.0,963.7866018123875,440.19748659731744
2798,0.109375,489.171661,-206.158813,1.0,965.0337948123876,454.90143559731746
2799,0.107422,489.168335,-204.891098,1.0,969.8259088123875,446.61661559731743
2800,0.113281,489.164886,-203.596939,1.0,967.8307918123876,444.36212959731745
2801,0.113281,489.161163,-202.300613,1.0,961.5125548123875,448.77310959731744
2802,0.105469,489.157227,-201.102234,1.0,961.0797538123876,448.77613059731743
2803,0.103516,489.152893,-199.950165,1.0,971.1593438123875,457.36246459731746
2804,0.113281,489.147186,-198.678177,1.0,975.1650808123876,463.9271625973174
2805,0.113281,489.140686,-197.424011,1.0,978.1212578123875,464.90229059731746
2806,0.109375,489.133728,-196.229507,1.0,977.5964778123875,465.4873425973174
2807,0.109375,489.126129,-195.043045,1.0,982.0314758123876,461.29703559731746
2808,0.115234,489.117584,-193.820847,1.0,982.4807548123875,464.25681359731743
2809,0.109375,489.108704,-192.650665,1.0,976.1481138123876,438.95963259731747
2810,0.109375,489.099243,-191.491226,1.0,976.6996268123876,446.49347659731745
2811,0.107422,489.089417,-190.364639,1.0,985.4513358123876,445.1862565973174
2812,0.107422,489.078644,-189.217682,1.0,959.5464898123876,447.89850659731746
2813,0.117188,489.066589,-187.995316,1.0,913.4277158123875,461.2192455973174
2814,0.105469,489.055511,-186.894501,1.0,670.6345028123876,392.90290059731745
2815,0.115234,489.043213,-185.676926,1.0,394.7366148123876,322.48026259731745
2816,0.115234,489.031372,-184.476639,1.0,502.3386038123876,315.3174515973174
2817,0.105469,489.020721,-183.387619,1.0,501.0651668123876,315.4851155973174
2818,0.103516,489.010468,-182.308243,1.0,790.9791678123876,425.49512459731744
2819,0.105469,489.000397,-181.221069,1.0,917.6149718123876,483.35364559731744
2820,0.103516,488.990631,-180.15033,1.0,917.0404478123876,482.2231825973174
2821,0.101562,488.981201,-179.096375,1.0,956.2853818123875,483.0626295973174
2822,0.109375,488.97113,-177.950851,1.0,954.4558528123875,480.3128125973174
2823,0.113281,488.961182,-176.782455,1.0,956.5514338123876,467.84622959731746
2824,0.103516,488.95224,-175.708771,1.0,956.3494688123876,468.5950085973174
2825,0.103516,488.943451,-174.63295,1.0,953.7768368123876,474.0066605973174
2826,0.105469,488.934631,-173.516739,1.0,905.9099548123876,301.0889515973174
2827,0.107422,488.925964,-172.399506,1.0,906.2808648123876,295.0636525973174
2828,0.103516,488.917725,-171.300995,1.0,908.5679748123875,292.9881515973174
2829,0.101562,488.909668,-170.203262,1.0,877.7196468123875,63.795576597317435
2830,0.113281,488.900909,-168.973679,1.0,877.7196468123875,63.795576597317435
2831,0.113281,488.892517,-167.746979,1.0,877.7196468123875,63.795576597317435
2832,0.103516,488.884979,-166.608826,1.0,911.8090018123876,520.7255015973174
2833,0.105469,488.877533,-165.445084,1.0,910.4659238123876,483.04120659731745
2834,0.105469,488.870178,-164.255615,1.0,905.5851248123876,481.83832559731746
2835,0.105469,488.863068,-163.072769,1.0,654.7749448123876,382.5548175973174
2836,0.103516,488.856201,-161.884552,1.0,653.1247978123876,382.52225459731744
2837,0.109375,488.849335,-160.653778,1.0,635.0646788123876,387.9045795973174
2838,0.103516,488.842987,-159.459488,1.0,776.4335748123875,416.48484059731743
2839,0.103516,488.836792,-158.246353,1.0,956.6047178123875,432.8563305973174
2840,0.103516,488.830719,-157.049683,1.0,952.6622128123876,433.05228459731745
2841,0.101562,488.824707,-155.853058,1.0,953.6725278123876,432.60199759731745
2842,0.103516,488.81839,-154.624741,1.0,947.8151668123876,427.8398515973174
2843,0.113281,488.809967,-153.262146,1.0,921.7075618123876,457.42523959731744
2844,0.105469,488.798737,-151.970764,1.0,922.8407408123876,460.77344559731745
2845,0.103516,488.782318,-150.674835,1.0,951.7237968123876,499.95139359731746
2846,0.103516,488.758881,-149.372833,1.0,960.8499568123875,496.7449115973174
2847,0.105469,488.725891,-148.021591,1.0,967.6114318123875,504.00070959731744
2848,0.103516,488.685028,-146.701675,1.0,971.8567928123875,499.81879459731744
2849,0.103516,488.633698,-145.333389,1.0,947.3887748123875,453.96616359731746
2850,0.101562,488.574707,-143.987518,1.0,953.6475028123875,453.87390859731744
2851,0.101562,488.506317,-142.615158,1.0,957.3843198123876,451.38642159731745
2852,0.109375,488.422577,-141.120193,1.0,941.3948788123876,442.95221759731743
2853,0.103516,488.333679,-139.687469,1.0,944.2872738123875,438.27530659731747
2854,0.107422,488.231903,-138.182693,1.0,944.1432918123876,443.13983959731746
2855,0.107422,488.121002,-136.663269,1.0,951.9136168123875,439.6122515973174
2856,0.113281,487.996674,-135.066696,1.0,965.7893488123875,433.9382405973174
2857,0.105469,487.870758,-133.524185,1.0,1006.0674858123875,466.7701495973174
2858,0.107422,487.741394,-131.976883,1.0,1008.0656548123876,470.26663959731746
2859,0.105469,487.609375,-130.404053,1.0,1006.7043268123875,463.59848759731744
2860,0.103516,487.481689,-128.86528,1.0,1015.9068418123876,464.83319859731745
2861,0.107422,487.351624,-127.261909,1.0,1014.2201958123876,447.52585559731745
2862,0.105469,487.224854,-125.655861,1.0,1026.2129938123876,430.63333859731745
2863,0.105469,487.102844,-124.071327,1.0,1029.8089408123876,427.10440859731744
2864,0.105469,486.979004,-122.424583,1.0,1016.2210508123876,467.5683055973174
2865,0.105469,486.859772,-120.787918,1.0,1019.7841608123875,464.2589795973174
2866,0.107422,486.74353,-119.125877,1.0,1016.4507258123875,471.16809859731745
2867,0.113281,486.62323,-117.309944,1.0,1015.5991018123875,469.32410459731744
2868,0.107422,486.515778,-115.583824,1.0,1012.6837578123875,466.60242459731745
2869,0.111328,486.409485,-113.751923,1.0,1011.4399838123876,460.44162759731745
2870,0.111328,486.31015,-111.894463,1.0,1010.9937558123876,466.2106395973174
2871,0.107422,486.222778,-110.10421,1.0,1039.2917288123876,433.01374059731745
2872,0.107422,486.142975,-108.296387,1.0,1309.1424368123876,195.83908859731744
2873,0.103516,486.074799,-106.569176,1.0,1307.3548398123876,195.80635859731743
2874,0.103516,486.014374,-104.834618,1.0,993.3981748123875,462.49930559731746
2875,0.103516,485.962006,-103.10141,1.0,997.8332328123876,460.11292259731744
2876,0.107422,485.915527,-101.274734,1.0,996.7619438123876,458.41675559731743
2877,0.105469,485.878296,-99.485489,1.0,982.2084158123876,487.49024159731744
2878,0.109375,485.847351,-97.640465,1.0,981.7997858123875,485.0228955973174
2879,0.103516,485.822449,-95.867134,1.0,982.2692678123875,483.71689659731743
2880,0.105469,485.799286,-94.059624,1.0,983.2694518123876,486.12528259731744
2881,0.107422,485.775543,-92.208481,1.0,980.6941338123876,484.72812659731744
2882,0.101562,485.75238,-90.482315,1.0,985.8536798123876,488.0407485973174
2883,0.117188,485.723236,-88.456642,1.0,952.4224058123875,484.17761959731746
2884,0.115234,485.692322,-86.46154,1.0,961.8458678123876,481.14594259731746
2885,0.117188,485.659485,-84.45314,1.0,978.9161188123876,486.31629159731744
2886,0.109375,485.627319,-82.556511,1.0,976.6063048123875,486.4519725973174
2887,0.107422,485.595032,-80.707527,1.0,979.9520688123876,482.34653459731743
2888,0.103516,485.563385,-78.913177,1.0,984.0507018123876,480.73389459731743
2889,0.103516,485.531677,-77.126205,1.0,1275.2260558123876,238.57785759731743
2890,0.107422,485.499664,-75.317009,1.0,1178.9758108123874,232.85666659731743
2891,0.105469,485.468506,-73.549522,1.0,926.5583918123875,322.67478159731746
2892,0.111328,485.435669,-71.683533,1.0,930.0173758123875,314.0527725973174
2893,0.103516,485.405762,-69.944679,1.0,922.8891418123876,329.26786059731745
2894,0.101562,485.377625,-68.257431,1.0,978.4505428123875,478.47821859731744
2895,0.107422,485.349609,-66.498863,1.0,980.1449398123875,466.31046259731744
2896,0.105469,485.323456,-64.768089,1.0,985.5424618123876,467.57468459731746
2897,0.101562,485.299286,-63.09367,1.0,982.4329038123875,501.5312275973174
2898,0.101562,485.276276,-61.453773,1.0,985.8489798123876,488.5631485973174
2899,0.101562,485.253571,-59.821381,1.0,983.6473808123876,503.2394175973174
2900,0.103516,485.230255,-58.152588,1.0,983.3841978123876,501.6506425973174
2901,0.105469,485.206696,-56.48558,1.0,982.7339288123876,476.94443559731747
2902,0.103516,485.183044,-54.834927,1.0,978.3390928123875,463.1233295973174
2903,0.107422,485.158966,-53.167908,1.0,974.1954158123875,459.4066545973174
2904,0.107422,485.13446,-51.465977,1.0,973.4716608123875,459.76914259731745
2905,0.105469,485.110931,-49.825359,1.0,978.7812918123875,466.9336925973174
2906,0.103516,485.088959,-48.243298,1.0,978.8252988123876,468.3457715973174
2907,0.101562,485.069305,-46.681622,1.0,965.8367118123875,451.99417859731744
2908,0.101562,485.052399,-45.122746,1.0,966.7700618123876,452.2078935973174
2909,0.113281,485.03775,-43.395279,1.0,969.0886038123875,445.87836459731744
2910,0.105469,485.028259,-41.796051,1.0,974.0428278123876,468.56928259731745
2911,0.105469,485.022736,-40.224159,1.0,977.1987118123876,474.9213335973174
2912,0.101562,485.020721,-38.683105,1.0,977.9404108123875,476.71100659731746
2913,0.101562,485.021637,-37.182301,1.0,978.9848448123876,472.70676459731743
2914,0.115234,485.02594,-35.451862,1.0,974.7762258123876,468.01609059731743
2915,0.103516,485.032501,-33.92168,1.0,970.7731748123875,480.13822159731745
2916,0.109375,485.042297,-32.293125,1.0,980.0296438123876,502.78003659731746
2917,0.105469,485.054199,-30.756327,1.0,978.5790828123876,502.19156659731743
2918,0.103516,485.06839,-29.237989,1.0,976.0153008123875,494.24646759731746
2919,0.103516,485.084991,-27.712368,1.0,975.3228568123876,493.56180559731746
2920,0.103516,485.103271,-26.221062,1.0,967.6444518123876,452.8323745973174
2921,0.115234,485.125366,-24.545614,1.0,963.0800588123875,452.94464859731744
2922,0.115234,485.148315,-22.852114,1.0,963.8170588123876,453.17151659731746
2923,0.101562,485.168091,-21.379749,1.0,940.3246878123875,448.59726759731745
2924,0.103516,485.187775,-19.892258,1.0,930.2374078123876,435.9459605973174
2925,0.115234,485.209259,-18.230442,1.0,922.5685238123875,433.86127459731745
2926,0.115234,485.230713,-16.548159,1.0,927.6089898123876,434.99768859731745
2927,0.113281,485.251648,-14.90549,1.0,922.0133478123876,433.25608059731746
2928,0.113281,485.272705,-13.274878,1.0,934.7098808123876,449.13202659731746
2929,0.101562,485.291718,-11.811209,1.0,951.7151298123875,476.38425459731747
2930,0.113281,485.31311,-10.175833,1.0,948.9299738123875,478.95511659731744
2931,0.115234,485.334869,-8.519647,1.0,953.8807798123876,476.51468659731745
2932,0.113281,485.356384,-6.863577,1.0,1066.7073788123876,389.8012165973174
2933,0.105469,485.376129,-5.340592,1.0,1314.3898738123876,197.28348559731745
2934,0.113281,485.397217,-3.708658,1.0,1127.9886288123876,351.87039959731743
2935,0.113281,485.41864,-2.054561,1.0,980.5528378123876,472.32117459731745
2936,0.101562,485.437561,-0.595305,1.0,987.8047908123875,460.26419859731743
2937,0.101562,485.456512,0.867009,1.0,978.4787408123875,474.25312059731743
2938,0.115234,485.478241,2.541303,1.0,972.2258718123876,495.3806225973174
2939,0.101562,485.497223,4.008886,1.0,974.6811948123876,495.3363415973174
2940,0.115234,485.519135,5.698617,1.0,976.1507988123875,503.30158259731746
2941,0.103516,485.538513,7.192756,1.0,976.8461118123876,493.94495359731746
2942,0.105469,485.557983,8.721951,1.0,1037.5911068123876,-52.095909402682565
2943,0.101562,485.575989,10.193921,1.0,1037.5911068123876,-52.095909402682565
2944,0.103516,485.593018,11.683612,1.0,1037.5911068123876,-52.095909402682565
2945,0.103516,485.608856,13.198169,1.0,1029.2378958123877,-76.12461840268256
2946,0.105469,485.623383,14.735435,1.0,965.7195248123876,542.6289135973175
2947,0.105469,485.635986,16.248125,1.0,965.3854178123876,532.7288585973174
2948,0.117188,485.648651,17.966858,1.0,1012.4558528123875,475.10449959731744
2949,0.117188,485.659393,19.644743,1.0,1401.7471738123877,401.4485545973174
2950,0.115234,485.668671,21.340313,1.0,1550.9738578123875,375.78556059731744
2951,0.111328,485.675995,22.942816,1.0,1504.8582578123874,390.4942095973174
2952,0.111328,485.681915,24.55899,1.0,1287.2209288123877,425.5589375973174
2953,0.113281,485.686127,26.215796,1.0,1452.0082818123874,426.7575145973174
2954,0.113281,485.68811,27.869251,1.0,1479.1414608123878,429.49710859731744
2955,0.103516,485.687408,29.368998,1.0,950.8233458123875,462.36292259731744
2956,0.103516,485.68399,30.881792,1.0,960.8848688123876,456.82685059731745
2957,0.107422,485.677216,32.442719,1.0,966.4374198123876,462.6900405973174
2958,0.103516,485.667297,33.955856,1.0,969.8227348123876,460.1216205973174
2959,0.103516,485.653992,35.48243,1.0,968.5210388123876,453.9761735973174
2960,0.109375,485.636658,37.080017,1.0,989.4668388123876,468.8548655973174
2961,0.105469,485.616882,38.618835,1.0,1001.3992118123875,479.19086459731744
2962,0.103516,485.595764,40.136787,1.0,1003.4402278123875,480.44858559731745
2963,0.115234,485.572632,41.798191,1.0,1006.9194148123876,480.45139359731746
2964,0.109375,485.554199,43.401733,1.0,1015.6135068123875,477.8248365973174
2965,0.103516,485.543671,44.941841,1.0,1012.8359188123876,471.2551045973174
2966,0.103516,485.542542,46.444649,1.0,1010.3954278123875,469.1827465973174
2967,0.101562,485.551758,47.953125,1.0,1011.0492978123875,465.02301759731745
2968,0.103516,485.571747,49.460529,1.0,1025.9572568123876,456.08835559731745
2969,0.101562,485.602112,50.9533,1.0,1047.7029228123874,423.6375805973174
2970,0.113281,485.648193,52.641357,1.0,1050.4853328123877,425.85108159731743
2971,0.105469,485.701324,54.194462,1.0,1014.2196468123875,494.77661859731745
2972,0.113281,485.769714,55.863308,1.0,1009.0230528123875,488.07410459731744
2973,0.103516,485.843384,57.401497,1.0,989.2175108123876,509.65906559731746
2974,0.103516,485.927185,58.931671,1.0,986.0794488123876,509.8522105973174
2975,0.105469,486.022369,60.472149,1.0,985.4474298123876,503.16443659731743
2976,0.105469,486.129303,62.028507,1.0,991.0669978123875,443.54578359731744
2977,0.105469,486.245361,63.565628,1.0,990.1391418123876,420.69730359731744
2978,0.101562,486.368073,65.063118,1.0,988.2976498123876,416.27866359731746
2979,0.101562,486.496094,66.523529,1.0,989.1485408123875,413.45697759731746
2980,0.107422,486.638824,68.062675,1.0,985.1041678123876,409.16345959731746
2981,0.103516,486.781281,69.531448,1.0,971.1632498123876,428.34360559731743
2982,0.101562,486.926544,70.97776,1.0,959.4246028123875,452.58997359731745
2983,0.101562,487.075623,72.427284,1.0,962.9102598123876,434.00415759731743
2984,0.103516,487.225372,73.86673,1.0,934.8880428123875,425.2425915973174
2985,0.103516,487.374451,75.311676,1.0,905.5262878123875,405.3268815973174
2986,0.107422,487.523773,76.807983,1.0,904.3146788123876,402.57376859731744
2987,0.101562,487.657379,78.218674,1.0,906.7453428123875,404.29673059731743
2988,0.103516,487.780548,79.617226,1.0,924.8973198123875,458.3498005973174
2989,0.101562,487.893494,81.020706,1.0,924.2034118123876,458.23044559731744
2990,0.105469,487.996582,82.438934,1.0,931.1556208123876,450.58765459731745
2991,0.103516,488.088043,83.839615,1.0,937.2986868123876,449.1326065973174
2992,0.101562,488.167938,85.204514,1.0,935.7548028123875,447.92508659731743
2993,0.101562,488.23999,86.576759,1.0,914.3929868123876,327.7118605973174
2994,0.101562,488.303192,87.924377,1.0,919.9413878123876,341.30255859731744
2995,0.101562,488.359039,89.266472,1.0,913.8992118123875,468.5612565973174
2996,0.101562,488.407837,90.613136,1.0,914.8590508123875,462.99246959731744
2997,0.109375,488.451721,92.050964,1.0,919.6983458123875,458.3960955973174
2998,0.103516,488.484802,93.379318,1.0,919.4611018123876,460.89310459731746
2999,0.101562,488.510895,94.702965,1.0,923.8304868123876,456.91040759731743
3000,0.105469,488.530457,96.024902,1.0,926.6536678123875,338.46256259731746
3001,0.103516,488.543915,97.313354,1.0,930.9367488123876,342.45560459731746
3002,0.101562,488.552032,98.544151,1.0,966.0138358123876,510.77362859731744
3003,0.101562,488.555786,99.748695,1.0,969.9584158123876,506.4992755973174
3004,0.101562,488.555511,100.946724,1.0,969.5248228123876,499.73874659731746
3005,0.105469,488.551392,102.150833,1.0,942.9254568123876,430.8223345973174
3006,0.103516,488.543884,103.356392,1.0,944.5959898123875,425.60657459731743
3007,0.105469,488.533783,104.545143,1.0,945.7233088123876,425.28150159731746
3008,0.103516,488.521759,105.709846,1.0,947.3140068123876,420.77707659731743
3009,0.103516,488.508392,106.870949,1.0,944.3909118123876,429.87097959731744
3010,0.103516,488.494446,108.027519,1.0,929.6081968123875,441.30103259731743
3011,0.113281,488.479492,109.265564,1.0,926.4582938123875,442.36881259731746
3012,0.107422,488.465668,110.446671,1.0,929.4046438123876,434.60208859731745
3013,0.101562,488.45343,111.542595,1.0,924.6136288123876,327.6362075973174
3014,0.113281,488.440948,112.753632,1.0,920.8240778123876,368.6273575973174
3015,0.111328,488.430054,113.92823,1.0,910.5086478123876,440.27402459731746
3016,0.105469,488.420807,115.035797,1.0,910.9159968123876,434.68894159731747
3017,0.103516,488.412506,116.114319,1.0,908.8367728123876,433.77201059731743
3018,0.101562,488.404877,117.150543,1.0,910.3708308123876,422.3395155973174
3019,0.101562,488.397278,118.197746,1.0,908.4000058123876,428.95166759731745
3020,0.101562,488.389709,119.223373,1.0,902.9255178123875,423.6904675973174
3021,0.101562,488.381592,120.241135,1.0,903.2472348123875,419.27841959731745
3022,0.101562,488.372589,121.260269,1.0,900.0111508123875,414.72467859731745
3023,0.113281,488.360748,122.401581,1.0,873.0200008123876,436.47657059731745
3024,0.115234,488.346008,123.542419,1.0,870.1634948123875,444.96933759731746
3025,0.115234,488.32666,124.695198,1.0,870.3060728123876,435.87482459731746
3026,0.103516,488.30481,125.718964,1.0,871.5185968123876,434.20487259731743
3027,0.113281,488.274323,126.86393,1.0,857.2429618123875,415.28787959731744
3028,0.103516,488.240845,127.902321,1.0,867.2903258123876,415.2527235973174
3029,0.103516,488.202118,128.933167,1.0,864.8951838123876,412.4293895973174
3030,0.103516,488.157288,129.970398,1.0,867.4349178123875,412.47293859731747
3031,0.101562,488.107391,130.985489,1.0,859.6058158123876,435.3654255973174
3032,0.101562,488.051056,131.997101,1.0,850.0254328123875,447.03626259731743
3033,0.101562,487.987213,133.015366,1.0,853.6216238123876,445.19953159731745
3034,0.101562,487.915009,134.037277,1.0,852.5231748123875,446.60730759731746
3035,0.115234,487.823608,135.184799,1.0,858.0865288123875,445.0590285973174
3036,0.101562,487.733704,136.191666,1.0,861.0384948123875,444.71805559731746
3037,0.101562,487.633392,137.206772,1.0,863.2989928123876,443.15662359731743
3038,0.101562,487.521362,138.233627,1.0,864.7396048123876,442.23206359731745
3039,0.101562,487.399506,139.248993,1.0,846.1440848123875,442.99866459731743
3040,0.113281,487.249756,140.383041,1.0,844.9025688123876,434.7628555973174
3041,0.101562,487.105652,141.381897,1.0,848.7136038123875,437.5288165973174
3042,0.113281,486.927216,142.522491,1.0,855.7906918123875,432.37363459731745
3043,0.101562,486.75708,143.531677,1.0,827.1199758123876,485.26886759731747
3044,0.107422,486.563721,144.605942,1.0,836.9647638123876,482.62641159731743
3045,0.105469,486.365723,145.641159,1.0,868.0732238123876,458.96732359731743
3046,0.115234,486.132416,146.792999,1.0,871.7199518123875,459.1164625973174
3047,0.101562,485.916718,147.804611,1.0,873.3969538123876,452.47226759731745
3048,0.101562,485.693695,148.808258,1.0,879.8604548123876,455.51621259731746
3049,0.115234,485.430115,149.950226,1.0,880.6056328123875,447.12262759731743
3050,0.115234,485.154907,151.098679,1.0,877.0958678123876,443.91501659731745
3051,0.101562,484.903595,152.11261,1.0,886.0578428123875,441.78351559731743
3052,0.101562,484.644043,153.127899,1.0,893.8128478123875,435.4266435973174
3053,0.103516,484.373047,154.156998,1.0,884.5297668123876,433.02738159731746
3054,0.103516,484.094421,155.186523,1.0,814.7872738123875,477.57605759731746
3055,0.105469,483.801178,156.242676,1.0,814.6617248123875,479.11301459731743
3056,0.101562,483.510834,157.264343,1.0,802.8610038123876,481.72992759731744
3057,0.105469,483.206848,158.312027,1.0,806.2816588123876,471.91550459731747
3058,0.113281,482.870148,159.447968,1.0,806.5980648123875,473.3803785973174
3059,0.107422,482.540619,160.536667,1.0,935.4590268123876,278.03456859731745
3060,0.105469,482.219635,161.575211,1.0,928.5997128123876,280.0518565973174
3061,0.101562,481.898834,162.592529,1.0,925.9732478123875,302.64832359731747
3062,0.101562,481.575317,163.598389,1.0,895.4930228123876,377.0957715973174
3063,0.101562,481.236969,164.629913,1.0,834.5798758123875,481.7031635973174
3064,0.101562,480.884613,165.683792,1.0,826.5761528123876,484.58850859731746
3065,0.101562,480.519928,166.753769,1.0,812.2304498123875,483.24835959731746
3066,0.107422,480.121033,167.901093,1.0,816.6699028123876,473.92774159731744
3067,0.101562,479.724609,169.018066,1.0,789.6091118123876,482.9177935973174
3068,0.103516,479.309082,170.163116,1.0,793.4827688123876,490.74604059731746
3069,0.103516,478.877167,171.325897,1.0,793.7284358123876,485.0864945973174
3070,0.107422,478.416229,172.536819,1.0,812.6402398123876,482.8450085973174
3071,0.101562,477.955475,173.717422,1.0,811.4422418123876,483.06180559731746
3072,0.115234,477.419098,175.056412,1.0,818.1401788123876,491.4102555973174
3073,0.101562,476.922119,176.264694,1.0,802.7100028123875,492.1905595973174
3074,0.103516,476.405487,177.489639,1.0,800.8871268123876,491.6266865973174
3075,0.101562,475.878204,178.709351,1.0,805.0655938123875,488.99372059731746
3076,0.107422,475.306,180.000229,1.0,815.5981258123876,495.07779659731744
3077,0.103516,474.72876,181.269958,1.0,858.3481868123876,484.2694475973174
3078,0.101562,474.156281,182.498734,1.0,861.9956478123876,484.0040965973174
3079,0.101562,473.567017,183.73381,1.0,833.4166678123876,485.6771625973174
3080,0.101562,472.970428,184.954803,1.0,810.6898618123876,488.75934559731746
3081,0.101562,472.375092,186.14537,1.0,815.1769218123876,490.23114759731743
3082,0.113281,471.688995,187.484375,1.0,803.0444148123876,498.14105959731745
3083,0.113281,470.999603,188.796448,1.0,808.6810118123875,493.33780659731747
3084,0.105469,470.360077,189.985657,1.0,812.0424008123875,486.95108759731744
3085,0.115234,469.644196,191.287308,1.0,817.7620658123876,492.77960959731746
3086,0.113281,468.925629,192.564453,1.0,872.2559628123876,480.58756259731746
3087,0.101562,468.28949,193.671829,1.0,882.0608938123876,483.35721559731746
3088,0.115234,467.549896,194.93338,1.0,917.0204278123875,496.73303959731743
3089,0.101562,466.8927,196.031769,1.0,920.3680228123876,487.91864759731743
3090,0.101562,466.235199,197.110092,1.0,926.3979918123875,310.16550459731747
3091,0.101562,465.573029,198.176117,1.0,929.3704038123875,286.8004535973174
3092,0.105469,464.871582,199.284271,1.0,904.2682918123876,501.5187755973174
3093,0.105469,464.18161,200.353989,1.0,910.5875668123875,491.28171559731743
3094,0.101562,463.513885,201.370865,1.0,921.1220518123876,488.85742959731743
3095,0.113281,462.759369,202.49855,1.0,924.4132498123876,487.2161335973174
3096,0.101562,462.085022,203.488159,1.0,941.2387508123876,482.45392659731743
3097,0.113281,461.32309,204.585922,1.0,954.9780698123876,486.39057159731743
3098,0.103516,460.642059,205.549362,1.0,961.2242248123875,488.19901259731745
3099,0.115234,459.865845,206.627899,1.0,932.1114928123876,349.0197215973174
3100,0.101562,459.184204,207.558212,1.0,934.6002618123875,348.5550915973174
3101,0.101562,458.497589,208.47995,1.0,948.9124568123875,425.91175059731745
3102,0.101562,457.806793,209.39238,1.0,957.5983088123876,487.32709459731745
3103,0.101562,457.119232,210.286072,1.0,966.9007378123875,490.23978459731745
3104,0.101562,456.429657,211.168472,1.0,991.0630308123875,484.53855159731745
3105,0.115234,455.645996,212.154526,1.0,1010.6670958123875,481.09906759731746
3106,0.107422,454.925659,213.045837,1.0,1014.5684018123876,485.81455259731746
3107,0.105469,454.20636,213.921875,1.0,1002.0760308123876,491.55255859731744
3108,0.105469,453.488342,214.782776,1.0,916.2002988123876,487.93604259731745
3109,0.105469,452.766022,215.635422,1.0,914.6119198123876,489.4074175973174
3110,0.105469,452.052734,216.464798,1.0,919.7910578123875,482.40766159731743
3111,0.103516,451.34906,217.270844,1.0,923.9562798123876,478.51331359731745
3112,0.109375,450.611023,218.103638,1.0,927.0279968123875,479.6295245973174
3113,0.103516,449.905823,218.887711,1.0,933.0211608123875,484.27576459731745
3114,0.105469,449.195618,219.665878,1.0,900.8107108123876,488.1928785973174
3115,0.107422,448.468201,220.451279,1.0,905.2193418123876,481.46921559731743
3116,0.103516,447.757751,221.207199,1.0,908.4389458123876,483.33267959731745
3117,0.107422,447.038422,221.961578,1.0,910.8287168123876,483.24011959731746
3118,0.107422,446.311768,222.712952,1.0,917.0743218123876,491.3447345973174
3119,0.105469,445.611115,223.42775,1.0,908.7988708123876,494.33765459731745
3120,0.107422,444.879791,224.16423,1.0,937.1850398123876,490.81482659731745
3121,0.105469,444.175598,224.864258,1.0,949.2604178123876,490.24503359731744
3122,0.105469,443.476227,225.550995,1.0,957.4668388123876,487.3225175973174
3123,0.109375,442.743317,226.261856,1.0,971.6711238123876,495.81836659731744
3124,0.103516,442.068573,226.908524,1.0,980.2023128123876,493.65891259731745
3125,0.113281,441.315491,227.621643,1.0,982.6520198123876,497.8801045973174
3126,0.107422,440.612579,228.279312,1.0,985.5386168123875,492.57221259731745
3127,0.107422,439.907654,228.931305,1.0,991.1553768123875,492.5845415973174
3128,0.109375,439.197388,229.580887,1.0,993.6354788123875,494.99091359731744
3129,0.111328,438.477142,230.232117,1.0,984.3733328123876,499.61136659731744
3130,0.117188,437.718994,230.909866,1.0,967.0303158123876,500.20719159731743
3131,0.111328,436.993622,231.551331,1.0,974.0889708123875,496.45270559731745
3132,0.107422,436.314301,232.146362,1.0,979.7302668123875,496.7985615973174
3133,0.111328,435.604706,232.762314,1.0,1049.5814018123874,483.08826459731745
3134,0.105469,434.953827,233.322556,1.0,1046.4036678123875,498.71936759731744
3135,0.105469,434.343018,233.844376,1.0,1050.6405448123876,494.19641859731746
3136,0.107422,433.746094,234.350662,1.0,1058.8187068123875,499.48670159731745
3137,0.105469,433.177795,234.829346,1.0,1060.2494318123877,506.75257159731746
3138,0.115234,432.596954,235.315125,1.0,1066.6477468123876,503.0663225973174
3139,0.115234,432.013214,235.800095,1.0,1063.0392268123876,500.8540115973174
3140,0.113281,431.438232,236.274979,1.0,1033.8981138123877,493.25281559731746
3141,0.105469,430.90741,236.710861,1.0,1049.5628478123876,487.7202525973174
3142,0.111328,430.362,237.156265,1.0,1059.8881648123875,484.82581359731745
3143,0.107422,429.844025,237.576767,1.0,1057.6645318123874,485.28351559731743
3144,0.111328,429.310638,238.007416,1.0,1057.3885918123874,482.37631959731743
3145,0.109375,428.80014,238.41713,1.0,1066.4963188123875,479.7277295973174
3146,0.107422,428.303162,238.813705,1.0,1065.3840148123877,471.9573745973174
3147,0.113281,427.783417,239.226013,1.0,1073.0051688123876,474.92353059731744
3148,0.107422,427.289062,239.615875,1.0,1090.5319028123877,473.4514545973174
3149,0.111328,426.769165,240.023666,1.0,973.3151668123876,472.5781635973174
3150,0.115234,426.22171,240.450577,1.0,888.2593808123876,467.2678295973174
3151,0.115234,425.656128,240.888916,1.0,787.6937068123875,469.8537675973174
3152,0.101562,425.14975,241.279129,1.0,585.1801268123876,476.13986959731744
3153,0.117188,424.55072,241.737885,1.0,545.6421318123876,474.5833205973174
3154,0.109375,423.976501,242.174545,1.0,549.9972958123876,472.64542359731746
3155,0.107422,423.393372,242.61438,1.0,1021.5284238123876,461.7107315973174
3156,0.111328,422.779755,243.072739,1.0,1032.6395078123876,459.6441115973174
3157,0.107422,422.181702,243.514572,1.0,1039.7992978123875,460.7073745973174
3158,0.111328,421.541351,243.982147,1.0,1032.7725028123875,463.44864659731746
3159,0.105469,420.912628,244.435791,1.0,1016.5285458123875,459.1164625973174
3160,0.113281,420.232605,244.920517,1.0,1022.6428648123875,456.88248459731744
3161,0.113281,419.54187,245.406357,1.0,1023.9427298123876,457.5315625973174
3162,0.105469,418.875,245.869308,1.0,1034.7956358123874,457.11292259731744
3163,0.111328,418.169464,246.352219,1.0,1043.8118708123875,456.58182559731745
3164,0.103516,417.480286,246.817352,1.0,1074.2884948123874,462.8835525973174
3165,0.105469,416.774109,247.287079,1.0,1102.4086118123876,475.98954059731744
3166,0.109375,416.030884,247.7742,1.0,1090.1037408123875,467.43204459731743
3167,0.105469,415.294312,248.249695,1.0,1073.1372488123875,462.04792059731744
3168,0.109375,414.518372,248.74292,1.0,972.9448668123875,462.22312159731746
3169,0.105469,413.75119,249.222946,1.0,908.7367978123875,460.68357059731744
3170,0.111328,412.912323,249.738983,1.0,962.2889828123875,460.38254559731746
3171,0.105469,412.122375,250.216385,1.0,1121.3694878123874,465.31354559731744
3172,0.101562,411.339264,250.681671,1.0,1130.9324758123876,466.08103159731746
3173,0.103516,410.548218,251.143555,1.0,1132.8818168123876,474.9031145973174
3174,0.107422,409.752441,251.599945,1.0,1143.9600638123875,473.10422559731745
3175,0.103516,409.004364,252.021545,1.0,1093.7968558123875,467.2546765973174
3176,0.107422,408.267609,252.429626,1.0,1092.6681328123875,459.0196305973174
3177,0.107422,407.566589,252.811523,1.0,1092.7741508123877,452.28470659731744
3178,0.105469,406.924683,253.155792,1.0,1088.1589168123876,442.9870075973174
3179,0.109375,406.32309,253.473328,1.0,1086.4471858123875,450.42804759731746
3180,0.103516,405.815918,253.737061,1.0,970.5628478123875,356.22183959731746
3181,0.105469,405.360229,253.970963,1.0,937.9711118123876,322.21140259731743
3182,0.105469,404.976135,254.165817,1.0,936.2095148123875,310.9856335973174
3183,0.105469,404.675934,254.316559,1.0,931.3778498123876,312.8152235973174
3184,0.111328,404.439697,254.434265,1.0,935.7944758123875,310.62207759731746
3185,0.105469,404.303131,254.501938,1.0,937.7561458123876,321.98697659731744
3186,0.109375,404.251556,254.52742,1.0,976.4593318123875,468.6745985973174
3187,0.105469,404.254364,254.526199,1.0,973.4877738123876,468.7436905973174
3188,0.105469,404.265747,254.520966,1.0,1333.6457328123875,455.00644659731745
3189,0.111328,404.273682,254.517593,1.0,1321.1231498123875,452.90927859731744
3190,0.105469,404.273895,254.517838,1.0,1392.3549618123875,453.3366775973174
3191,0.107422,404.269958,254.519882,1.0,1110.5307428123874,443.98462659731746
3192,0.105469,404.266724,254.521347,1.0,872.0967218123876,435.5882335973174
3193,0.105469,404.265839,254.521469,1.0,870.5895808123876,443.93817859731746
3194,0.105469,404.266968,254.520752,1.0,858.4834408123876,445.18936959731747
3195,0.105469,404.26828,254.519989,1.0,836.7253838123876,451.2109145973174
3196,0.109375,404.268829,254.519791,1.0,837.1424978123875,447.37610659731746
3197,0.103516,404.268494,254.520096,1.0,1253.9825248123875,456.0464245973174
3198,0.117188,404.2677,254.520615,1.0,1340.0009578123877,458.23395559731745
3199,0.105469,404.265411,254.521835,1.0,1545.8504448123877,437.96350859731746
3200,0.107422,404.26123,254.52388,1.0,1560.7615778123877,445.35208859731745
3201,0.103516,404.255005,254.526901,1.0,1581.4139218123873,453.66431459731746
3202,0.105469,404.246826,254.530884,1.0,1596.5048638123876,460.1694415973174
3203,0.103516,404.236725,254.535843,1.0,1589.8432428123874,451.0878675973174
3204,0.105469,404.224365,254.541916,1.0,1585.1659968123877,450.7696305973174
3205,0.105469,404.210571,254.548752,1.0,1578.5947078123877,445.89026659731746
3206,0.101562,404.195129,254.556412,1.0,1569.6614798123874,443.91220859731743
3207,0.105469,404.177673,254.565048,1.0,1566.5110898123876,444.96506459731745
3208,0.105469,404.158295,254.574615,1.0,1569.2541318123876,443.5111155973174
3209,0.103516,404.137299,254.58493,1.0,1575.0944638123874,449.22843159731747
3210,0.101562,404.114838,254.595978,1.0,1576.6381648123875,445.49347659731745
3211,0.105469,404.089966,254.608261,1.0,1583.7206848123874,449.8189775973174
3212,0.105469,404.063629,254.621201,1.0,1583.9587218123875,454.3414075973174
3213,0.101562,404.035889,254.634842,1.0,1272.0336728123875,429.20450559731745
3214,0.105469,404.006134,254.649506,1.0,1276.7339898123873,425.0024495973174
3215,0.105469,403.974548,254.665054,1.0,1312.8818168123876,421.74707759731746
3216,0.103516,403.941437,254.681351,1.0,1396.1475638123875,420.27069859731745
3217,0.101562,403.907593,254.697983,1.0,1594.9985168123876,433.40927859731744
3218,0.111328,403.869049,254.716934,1.0,1594.3169978123874,440.7064285973174
3219,0.101562,403.83139,254.735367,1.0,1190.8564268123878,459.96472959731744
3220,0.103516,403.792267,254.754501,1.0,923.2365538123876,477.04758459731744
3221,0.103516,403.751617,254.774384,1.0,810.6220518123876,471.8420795973174
3222,0.105469,403.708069,254.795654,1.0,680.6872978123876,468.9972915973174
3223,0.107422,403.662384,254.817932,1.0,638.1265068123876,450.81388059731745
3224,0.103516,403.617035,254.840042,1.0,1325.2029838123876,434.7877275973174
3225,0.101562,403.570435,254.862717,1.0,1313.9609188123877,435.34452059731746
3226,0.105469,403.520996,254.886765,1.0,1323.7397268123877,437.69522859731745
3227,0.103516,403.470154,254.911453,1.0,1324.4944878123874,436.79767659731743
3228,0.103516,403.418427,254.936554,1.0,1331.3088188123875,433.65830259731746
3229,0.105469,403.364716,254.962555,1.0,1351.7288628123874,436.99921459731746
3230,0.103516,403.31012,254.988892,1.0,1500.9441948123877,431.0592115973174
3231,0.107422,403.251831,255.016968,1.0,1492.4002498123878,427.59214059731744
3232,0.105469,403.193237,255.045105,1.0,1495.0065728123877,515.9218215973174
3233,0.109375,403.130646,255.075104,1.0,1485.5568658123875,562.3799205973176
3234,0.103516,403.070679,255.103821,1.0,1481.1564758123877,558.5591205973174
3235,0.101562,403.009796,255.132889,1.0,1486.3534968123877,567.6634295973174
3236,0.103516,402.946411,255.163116,1.0,1463.1106988123875,178.16968559731743
3237,0.105469,402.880005,255.194748,1.0,1463.1106988123875,178.16968559731743
3238,0.101562,402.815735,255.225266,1.0,1463.1106988123875,178.16968559731743
3239,0.103516,402.748596,255.257095,1.0,1463.1106988123875,178.16968559731743
3240,0.103516,402.679749,255.289688,1.0,1255.3243218123876,410.49564359731744
3241,0.109375,402.606506,255.32431,1.0,1251.5706598123875,377.8255085973174
3242,0.101562,402.536041,255.357605,1.0,1256.4830138123875,377.14279959731743
3243,0.105469,402.461334,255.392899,1.0,1254.3057678123878,378.6903765973174
3244,0.115234,402.379456,255.431564,1.0,1414.4815488123877,408.32807159731743
3245,0.113281,402.297546,255.470169,1.0,1416.5733458123877,411.16303259731745
3246,0.107422,402.218109,255.507599,1.0,1461.1852838123878,415.7469555973174
3247,0.115234,402.130798,255.54863,1.0,1461.4487118123875,414.97177859731744
3248,0.113281,402.043579,255.589447,1.0,1462.6135068123876,416.3714375973174
3249,0.113281,401.95639,255.630127,1.0,1274.9101378123873,432.74530759731744
3250,0.105469,401.872955,255.6689,1.0,1182.2859918123877,441.15058159731745
3251,0.107422,401.785706,255.709198,1.0,1186.3455618123876,440.1493605973174
3252,0.105469,401.700073,255.748581,1.0,903.4833798123875,458.88245359731746
3253,0.103516,401.6138,255.788116,1.0,873.2595028123876,461.72629559731746
3254,0.107422,401.52298,255.829575,1.0,869.2889218123876,463.4692455973174
3255,0.105469,401.433929,255.870056,1.0,865.7711608123875,460.3317945973174
3256,0.105469,401.340912,255.912155,1.0,791.6706358123876,445.25046559731743
3257,0.109375,401.241516,255.957001,1.0,781.7343558123875,446.25162559731746
3258,0.101562,401.142212,256.001495,1.0,768.4640318123876,448.2187275973174
3259,0.103516,401.036011,256.048981,1.0,783.3097958123875,445.2169875973174
3260,0.107422,400.912292,256.104004,1.0,1545.2121398123877,433.45645959731746
3261,0.105469,400.779968,256.162659,1.0,1506.4304008123877,438.39417259731744
3262,0.105469,400.635315,256.226379,1.0,1501.7403378123877,442.7852555973174
3263,0.111328,400.486908,256.291412,1.0,1490.2822078123877,442.82184559731746
3264,0.111328,400.394379,256.331665,1.0,1461.2121398123877,426.94953159731745
3265,0.109375,400.376373,256.339172,1.0,1354.5103568123877,411.5892405973174
3266,0.107422,400.382812,256.336243,1.0,1348.7637748123875,414.82913959731746
3267,0.105469,400.39447,256.33139,1.0,1373.3113828123874,423.46680459731743
3268,0.105469,400.401062,256.328949,1.0,1398.6930968123875,431.8579785973174
3269,0.109375,400.40036,256.329651,1.0,1420.8426328123874,437.67212659731746
3270,0.105469,400.396332,256.331543,1.0,1435.2076228123874,442.5581745973174
3271,0.109375,400.393219,256.332855,1.0,1445.9500548123874,445.42188259731745
3272,0.103516,400.392792,256.332764,1.0,1476.0131648123875,458.33020759731744
3273,0.101562,400.394012,256.332031,1.0,1480.1386528123876,454.29523459731746
3274,0.109375,400.395294,256.331329,1.0,1488.2740288123878,454.7188795973174
3275,0.105469,400.395599,256.331238,1.0,1496.9975398123875,457.29303759731744
3276,0.107422,400.395203,256.331573,1.0,1511.6946838123877,470.32007559731744
3277,0.105469,400.394714,256.33194,1.0,1524.1492728123876,459.92462959731745
3278,0.107422,400.394501,256.332062,1.0,1537.7689018123874,461.1410295973174
3279,0.113281,400.394623,256.33197,1.0,1542.6027648123877,463.03308859731743
3280,0.109375,400.394897,256.33194,1.0,1546.9929008123877,453.26657859731745
3281,0.107422,400.394928,256.331879,1.0,1567.7624328123875,458.2179335973174
3282,0.105469,400.394928,256.331879,1.0,1575.4643368123875,458.04782859731745
3283,0.109375,400.394867,256.331879,1.0,1523.8416558123877,558.0184705973174
3284,0.107422,400.394714,256.33197,1.0,1531.5377008123874,557.5140765973174
3285,0.105469,400.393036,256.332672,1.0,1545.4909478123877,559.9105915973174
3286,0.103516,400.389435,256.33432,1.0,984.4983328123876,404.8384785973174
3287,0.107422,400.383423,256.336975,1.0,992.6312678123876,404.5590285973174
3288,0.107422,400.375366,256.340515,1.0,842.6092338123875,447.85611759731745
3289,0.105469,400.365356,256.344818,1.0,834.6681938123876,450.48068959731745
3290,0.109375,400.352844,256.35025,1.0,1265.4151428123878,425.86249559731743
3291,0.107422,400.337219,256.357117,1.0,1483.9554258123876,418.5221025973174
3292,0.109375,400.312439,256.367859,1.0,1483.1006888123875,416.81903859731744
3293,0.101562,400.26828,256.387115,1.0,1484.1772268123877,412.29138959731745
3294,0.113281,400.180969,256.424957,1.0,1511.0325738123875,571.3687515973174
3295,0.105469,400.054596,256.47937,1.0,1390.0020568123878,512.9239275973175
3296,0.105469,399.887604,256.550873,1.0,873.2789118123876,393.23703759731745
3297,0.107422,399.673096,256.642029,1.0,857.1479918123875,419.36905659731747
3298,0.105469,399.42157,256.748077,1.0,808.2288018123876,440.59558859731743
3299,0.105469,399.128998,256.870453,1.0,1152.2806208123875,525.5402905973174
3300,0.109375,398.778748,257.015503,1.0,1375.4045218123874,568.5904925973175
3301,0.109375,398.379089,257.178833,1.0,1381.8766898123877,561.5184095973175
3302,0.107422,397.949615,257.351807,1.0,838.1252258123876,432.55417659731745
3303,0.111328,397.448944,257.55014,1.0,846.0462458123876,447.82865159731745
3304,0.107422,396.925568,257.753723,1.0,794.5492978123875,474.6222305973174
3305,0.111328,396.333466,257.979828,1.0,799.2500418123875,472.4215775973174
3306,0.107422,395.714935,258.21167,1.0,802.0492368123876,471.5485615973174
3307,0.111328,395.035583,258.461517,1.0,791.0336118123876,479.81998459731744
3308,0.109375,394.308929,258.723541,1.0,803.4890558123875,486.87567859731746
3309,0.109375,393.537476,258.996613,1.0,808.1738088123875,482.8041455973174
3310,0.113281,392.693329,259.290161,1.0,856.8533748123875,471.6469495973174
3311,0.107422,391.835297,259.583984,1.0,858.2721978123876,468.43064159731745
3312,0.113281,390.900391,259.899445,1.0,862.9059868123876,466.03278359731746
3313,0.111328,389.936798,260.220184,1.0,867.8679618123875,473.54282359731747
3314,0.105469,388.974701,260.536652,1.0,894.4565848123875,481.0654675973174
3315,0.109375,387.950378,260.869965,1.0,896.9307678123876,485.7318495973174
3316,0.105469,386.91806,261.202576,1.0,895.4051938123876,486.6330335973174
3317,0.111328,385.778748,261.565948,1.0,913.6864438123876,380.79322059731743
3318,0.105469,384.653076,261.921448,1.0,903.4561578123876,347.63883259731745
3319,0.107422,383.448578,262.298798,1.0,909.6354788123875,349.08506059731747
3320,0.107422,382.208771,262.683746,1.0,871.8113218123875,435.6753615973174
3321,0.107422,380.923462,263.078369,1.0,873.4098928123875,428.23181959731744
3322,0.111328,379.572998,263.486267,1.0,874.6002008123876,431.48987559731745
3323,0.111328,378.213074,263.888062,1.0,838.7131158123875,481.02259059731745
3324,0.111328,376.849609,264.28009,1.0,835.0676688123875,497.6308055973174
3325,0.111328,375.482452,264.660248,1.0,825.4430968123876,505.11609659731744
3326,0.113281,374.111725,265.027588,1.0,830.4228328123876,507.5810015973174
3327,0.113281,372.741486,265.380737,1.0,834.6736868123876,509.41211659731744
3328,0.107422,371.423859,265.707428,1.0,844.6730158123876,506.0145645973174
3329,0.111328,370.064026,266.031799,1.0,851.0293388123876,505.8090285973174
3330,0.115234,368.646332,266.356476,1.0,849.1289488123875,509.03034259731743
3331,0.109375,367.318146,266.648315,1.0,853.5474058123875,506.7657545973174
3332,0.111328,365.974976,266.931091,1.0,856.3900568123876,505.76251959731746
3333,0.113281,364.627991,267.201721,1.0,862.9665338123875,511.2171705973174
3334,0.107422,363.34967,267.446503,1.0,868.0517388123876,520.2814105973175
3335,0.111328,362.034241,267.685974,1.0,878.5510068123875,512.9055255973174
3336,0.115234,360.674408,267.920471,1.0,880.9623838123875,517.4421765973175
3337,0.117188,359.323212,268.140533,1.0,888.4958918123875,522.7637095973174
3338,0.107422,358.084137,268.331085,1.0,922.6124688123875,314.39701059731743
3339,0.117188,356.736328,268.526337,1.0,923.6073418123875,286.99684959731746
3340,0.115234,355.450317,268.700897,1.0,912.7399718123876,290.21915459731747
3341,0.113281,354.164825,268.864044,1.0,917.4471858123876,292.50887259731746
3342,0.113281,352.904053,269.012939,1.0,908.2486998123876,476.52887759731743
3343,0.115234,351.640472,269.151184,1.0,919.3270078123876,500.69565559731745
3344,0.115234,350.388611,269.277191,1.0,930.1984068123876,504.44937859731743
3345,0.109375,349.205505,269.386536,1.0,933.3442808123875,508.24225659731746
3346,0.111328,348.005005,269.487946,1.0,940.8733328123876,506.26734159731745
3347,0.117188,346.759094,269.583191,1.0,950.9658628123875,510.8417435973174
3348,0.115234,345.543335,269.666412,1.0,904.1714898123876,301.2728955973174
3349,0.115234,344.340912,269.739258,1.0,902.6440848123875,296.84069059731746
3350,0.101562,343.289062,269.795197,1.0,911.1021538123875,303.6696395973174
3351,0.117188,342.102173,269.84964,1.0,917.9294248123875,290.58727259731745
3352,0.117188,340.920166,269.894684,1.0,923.9788018123876,284.51184859731745
3353,0.113281,339.7742,269.929596,1.0,924.5724908123875,299.6379925973174
3354,0.101562,338.775055,269.953125,1.0,985.3343318123875,503.19153559731745
3355,0.115234,337.636627,269.972778,1.0,995.9849668123876,496.77671059731745
3356,0.101562,336.656036,269.98468,1.0,993.5710258123876,497.0415115973174
3357,0.101562,335.683441,269.993042,1.0,944.4715388123875,468.7220535973174
3358,0.115234,334.579834,269.99939,1.0,958.4548148123876,472.2427445973174
3359,0.115234,333.476929,270.002899,1.0,956.1009948123875,470.07343259731744
3360,0.101562,332.5354,270.003601,1.0,958.1439628123876,478.73307059731746
3361,0.117188,331.456757,270.001526,1.0,949.4790458123875,480.96094559731745
3362,0.115234,330.396088,269.995941,1.0,950.9912528123875,481.96543159731743
3363,0.117188,329.352783,269.986877,1.0,951.1325498123875,473.3711015973174
3364,0.117188,328.326508,269.97522,1.0,991.4048888123875,504.49054759731746
3365,0.115234,327.343231,269.962372,1.0,994.0543028123875,507.43775159731746
3366,0.117188,326.401611,269.949188,1.0,990.8284728123875,471.6858295973174
3367,0.117188,325.527313,269.93689,1.0,909.2053038123876,252.48503859731744
3368,0.115234,324.708893,269.925751,1.0,906.7483938123876,285.1368175973174
3369,0.101562,324.025055,269.916809,1.0,908.4715388123875,284.28972659731744
3370,0.115234,323.290222,269.907349,1.0,906.3480038123876,285.2369615973174
3371,0.115234,322.56601,269.898041,1.0,924.1837578123875,333.72177859731744
3372,0.101562,321.927765,269.889679,1.0,952.0377008123876,411.15421259731744
3373,0.117188,321.196716,269.880249,1.0,966.2964288123876,466.1001665973174
3374,0.115234,320.49942,269.871857,1.0,960.8057058123876,457.58399159731744
3375,0.117188,319.806793,269.864349,1.0,962.5229308123876,461.7211075973174
3376,0.117188,319.119415,269.857788,1.0,962.8696708123875,473.9599685973174
3377,0.107422,318.49823,269.852539,1.0,1083.5563778123876,559.2627025973175
3378,0.105469,317.904602,269.848083,1.0,1083.8358578123875,561.7574845973174
3379,0.107422,317.305206,269.843933,1.0,1095.7267878123876,561.5462415973175
3380,0.115234,316.678009,269.839996,1.0,959.0625418123875,338.86780559731744
3381,0.115234,316.057556,269.836487,1.0,911.9303398123876,285.33365659731743
3382,0.115234,315.451599,269.833466,1.0,913.5615048123875,286.17623159731744
3383,0.105469,314.898438,269.831146,1.0,912.9957698123876,295.5787275973174
3384,0.109375,314.344086,269.82901,1.0,916.3933528123875,305.67154659731744
3385,0.101562,313.825409,269.827087,1.0,918.2239188123875,312.22907259731744
3386,0.101562,313.326324,269.825104,1.0,916.9846618123876,309.10132559731744
3387,0.115234,312.753113,269.822632,1.0,965.6904108123875,487.8680195973174
3388,0.117188,312.187531,269.82016,1.0,964.4316828123875,484.14640059731744
3389,0.117188,311.61972,269.817566,1.0,966.0616878123876,486.62262759731743
3390,0.115234,311.052063,269.814972,1.0,968.3367728123876,477.94712059731745
3391,0.101562,310.561584,269.812866,1.0,955.7780578123876,488.70307159731743
3392,0.115234,309.997223,269.810394,1.0,947.8332938123875,491.4065625973174
3393,0.101562,309.491913,269.808258,1.0,952.2764098123876,489.80951659731744
3394,0.115234,308.911682,269.805725,1.0,922.8953668123876,341.0232315973174
3395,0.117188,308.304535,269.80307,1.0,912.8556328123875,321.2112505973174
3396,0.115234,307.69696,269.800385,1.0,908.6583678123876,303.5887225973174
3397,0.101562,307.163757,269.798096,1.0,912.1866878123876,297.4047625973175
3398,0.105469,306.603333,269.795624,1.0,912.0270198123876,299.15796659731745
3399,0.103516,306.05307,269.793182,1.0,914.4570128123876,301.09421559731743
3400,0.105469,305.467987,269.79071,1.0,963.8216978123876,474.8651805973174
3401,0.107422,304.878174,269.788269,1.0,960.8979308123876,480.41013359731744
3402,0.117188,304.20993,269.785736,1.0,964.7814758123876,478.17292059731744
3403,0.109375,303.583771,269.783417,1.0,915.8596008123876,322.1033405973174
3404,0.105469,302.961182,269.781189,1.0,913.7389338123876,319.5781025973174
3405,0.101562,302.354401,269.779022,1.0,933.6402398123876,388.60520159731743
3406,0.105469,301.719116,269.776794,1.0,950.7989318123875,479.9096455973174
3407,0.107422,301.049286,269.774597,1.0,956.9357108123876,472.94327559731744
3408,0.101562,300.408752,269.772552,1.0,955.7047538123876,471.59958659731745
3409,0.101562,299.75647,269.770508,1.0,916.1938288123876,308.3575515973174
3410,0.107422,299.062561,269.768463,1.0,917.6657528123876,305.17160759731746
3411,0.107422,298.348389,269.766479,1.0,912.0818298123876,290.2648395973174
3412,0.105469,297.659485,269.764618,1.0,915.2064628123876,290.47487659731746
3413,0.107422,296.937744,269.762787,1.0,912.1048398123876,293.59786259731743
3414,0.105469,296.259796,269.761169,1.0,909.9336358123876,296.1707225973174
3415,0.111328,295.564606,269.759583,1.0,937.5091978123876,381.18521859731743
3416,0.111328,294.872284,269.758057,1.0,967.1439018123875,480.0105975973174
3417,0.107422,294.197968,269.756714,1.0,964.8674128123876,480.75867459731745
3418,0.109375,293.52594,269.755463,1.0,965.9184378123875,482.2148515973174
3419,0.109375,292.856873,269.754303,1.0,958.5569268123876,478.97776059731746
3420,0.107422,292.189148,269.753265,1.0,940.8001518123875,494.45169859731743
3421,0.109375,291.512177,269.752228,1.0,948.2996028123875,493.07901759731743
3422,0.109375,290.832733,269.751312,1.0,951.1569028123876,478.56433859731743
3423,0.107422,290.160767,269.750488,1.0,958.4004938123876,466.81000559731746
3424,0.103516,289.509888,269.749756,1.0,956.7360648123876,468.9698255973174
3425,0.109375,288.811066,269.749084,1.0,907.5442318123876,299.0155105973174
3426,0.105469,288.128204,269.748474,1.0,907.4021418123875,295.3130565973174
3427,0.109375,287.416107,269.747986,1.0,913.1750908123876,295.48854859731745
3428,0.111328,286.690308,269.747589,1.0,918.2329528123876,301.2961045973175
3429,0.119141,285.917694,269.747284,1.0,945.3744318123876,311.5255505973174
3430,0.109375,285.193146,269.747101,1.0,1158.3032038123874,481.48560359731744
3431,0.113281,284.458862,269.746948,1.0,1160.9407768123874,476.7498855973174
3432,0.107422,283.755066,269.746826,1.0,1164.0825008123875,478.8243175973174
3433,0.109375,283.038666,269.746704,1.0,1174.2383848123877,474.1313245973174
3434,0.109375,282.317841,269.746582,1.0,956.9575618123876,501.7437825973174
3435,0.109375,281.602081,269.746429,1.0,962.7405818123875,506.51486959731744
3436,0.107422,280.879333,269.746277,1.0,957.8104058123876,508.37894459731746
3437,0.109375,280.140717,269.746094,1.0,956.1669128123875,466.29367859731747
3438,0.109375,279.396088,269.745941,1.0,952.5361748123876,468.3576125973174
3439,0.107422,278.651642,269.745789,1.0,952.3697318123876,474.49350759731743
3440,0.113281,277.860596,269.745575,1.0,952.7556578123875,467.95450559731745
3441,0.101562,277.129272,269.7453,1.0,898.2695738123875,277.71700259731745
3442,0.103516,276.381287,269.744965,1.0,901.8873718123875,288.72750059731743
3443,0.105469,275.607971,269.744629,1.0,910.8820608123875,295.5540085973174
3444,0.107422,274.809601,269.744263,1.0,911.2427788123875,295.34735859731745
3445,0.101562,274.048676,269.743927,1.0,909.3348198123875,296.32912459731745
3446,0.107422,273.23642,269.743591,1.0,910.6753958123876,299.3562855973174
3447,0.107422,272.403656,269.743256,1.0,968.3248098123876,501.4061355973174
3448,0.109375,271.571411,269.742889,1.0,969.6706968123875,499.28900959731743
3449,0.107422,270.724792,269.742401,1.0,967.0979428123876,495.21247059731746
3450,0.115234,269.824219,269.741821,1.0,970.1310238123875,494.7393265973174
3451,0.111328,268.932159,269.741302,1.0,956.9515798123875,503.05347459731746
3452,0.107422,268.067291,269.740845,1.0,954.9958918123875,501.25867459731745
3453,0.107422,267.178986,269.740356,1.0,988.1508598123876,515.9296345973174
3454,0.109375,266.279938,269.739838,1.0,1070.9394348123876,536.6992265973174
3455,0.103516,265.414581,269.73938,1.0,1064.4996148123876,538.4566115973174
3456,0.109375,264.476654,269.738861,1.0,1069.5278128123875,533.9851155973174
3457,0.103516,263.5867,269.738403,1.0,1070.8879818123876,542.3810805973175
3458,0.107422,262.654968,269.737915,1.0,947.0301938123876,490.4372935973174
3459,0.109375,261.704559,269.737427,1.0,951.8082088123875,496.93744659731743
3460,0.107422,260.734802,269.736908,1.0,952.1666678123876,489.26151259731745
3461,0.101562,259.84198,269.73645,1.0,960.0807918123876,478.30365759731745
3462,0.113281,258.810913,269.735962,1.0,961.2958798123875,482.3660355973174
3463,0.103516,257.8638,269.735443,1.0,960.4083678123876,480.8904185973174
3464,0.107422,256.880249,269.734955,1.0,1243.2054258123876,293.2232285973174
3465,0.115234,255.800262,269.734436,1.0,1339.1031308123875,223.35352359731743
3466,0.103516,254.825836,269.733948,1.0,1330.9615288123878,234.57274659731743
3467,0.109375,253.796188,269.733459,1.0,977.3808408123875,503.69040659731746
3468,0.111328,252.742722,269.732941,1.0,990.2552298123876,500.71649959731747
3469,0.109375,251.698746,269.732452,1.0,960.3233458123875,475.21967359731747
3470,0.101562,250.739746,269.731995,1.0,964.7057918123876,476.30496959731744
3471,0.117188,249.577286,269.731445,1.0,964.0228698123875,482.13910659731744
3472,0.107422,248.46962,269.730957,1.0,903.7040218123875,297.5865855973175
3473,0.107422,247.312592,269.730499,1.0,904.2333798123875,298.4190135973174
3474,0.101562,246.191284,269.730164,1.0,904.7806818123876,297.5478435973174
3475,0.125,244.780502,269.729919,1.0,945.3432428123875,482.4785845973174
3476,0.107422,243.602951,269.729797,1.0,946.7205008123875,478.94248159731745
3477,0.107422,242.43631,269.729767,1.0,959.0327568123876,473.2828445973174
3478,0.107422,241.285904,269.729919,1.0,962.3856008123876,475.66364259731745
3479,0.117188,240.048645,269.730255,1.0,964.8859068123876,474.56464359731746
3480,0.115234,238.824432,269.730682,1.0,965.7032278123876,478.05545859731745
3481,0.101562,237.770111,269.73111,1.0,966.8675958123875,475.56525459731745
3482,0.115234,236.562561,269.73175,1.0,963.3077818123876,479.19031559731746
3483,0.101562,235.528625,269.732391,1.0,958.1472588123876,478.85141759731744
3484,0.115234,234.350952,269.733124,1.0,897.6013608123876,311.83853959731744
3485,0.101562,233.325333,269.733917,1.0,899.1085018123875,316.66089659731745
3486,0.109375,232.249237,269.734772,1.0,956.1641658123875,464.3948745973174
3487,0.113281,231.112488,269.735687,1.0,962.5397148123876,479.8045735973174
3488,0.109375,230.054337,269.736664,1.0,962.6675838123875,476.22083259731744
3489,0.117188,228.943176,269.737793,1.0,962.0005918123876,473.67652159731745
3490,0.117188,227.884048,269.738922,1.0,964.0601008123875,467.09171259731744
3491,0.117188,226.85437,269.740112,1.0,965.5730398123876,470.8477555973174
3492,0.117188,225.879913,269.741333,1.0,962.1992608123876,469.67514759731745
3493,0.105469,225.07782,269.74231,1.0,909.7252008123876,314.02756459731745
3494,0.105469,224.351486,269.743256,1.0,911.5839048123876,306.19431359731743
3495,0.103516,223.712128,269.74408,1.0,939.7300228123876,393.46509559731743
3496,0.107422,223.118561,269.744965,1.0,965.1536068123876,486.3541945973174
3497,0.103516,222.606064,269.745697,1.0,968.8417778123876,488.01959959731744
3498,0.107422,222.119339,269.74646,1.0,974.4382748123876,485.7921215973174
3499,0.111328,221.648697,269.747223,1.0,984.6150938123876,476.24488059731743
3500,0.103516,221.221085,269.747925,1.0,983.6432308123875,471.27750359731743
3501,0.103516,220.796158,269.748688,1.0,986.0657158123876,469.23429159731745
3502,0.107422,220.352966,269.749512,1.0,982.3956718123876,467.90918759731744
3503,0.105469,219.919067,269.750305,1.0,956.2371028123875,504.65546459731746
3504,0.109375,219.481522,269.751129,1.0,958.2183648123876,501.43442559731744
3505,0.107422,219.050323,269.751953,1.0,978.1974908123875,464.25278459731743
3506,0.101562,218.65892,269.752716,1.0,977.7243468123876,463.56604759731744
3507,0.111328,218.236694,269.753601,1.0,982.8085138123876,462.4159925973174
3508,0.107422,217.847824,269.754333,1.0,982.6747248123876,464.82639359731746
3509,0.105469,217.482483,269.755127,1.0,983.6485408123875,465.65344959731743
3510,0.107422,217.136383,269.755768,1.0,978.3963438123876,436.80789959731743
3511,0.117188,216.786301,269.7565,1.0,983.9083068123875,435.3118665973174
3512,0.115234,216.47142,269.757202,1.0,983.5447198123876,435.81653559731745
3513,0.101562,216.226761,269.75769,1.0,983.6622128123876,434.25437159731746
3514,0.117188,215.968933,269.758209,1.0,981.3121758123875,429.82678959731743
3515,0.107422,215.767349,269.758698,1.0,962.4171568123876,468.07505059731744
3516,0.107422,215.59874,269.759064,1.0,962.0879328123875,469.8948745973174
3517,0.113281,215.460327,269.759399,1.0,964.3048518123876,469.4085465973174
3518,0.105469,215.369583,269.759552,1.0,946.5257378123875,510.25586659731744
3519,0.105469,215.316849,269.759705,1.0,950.0414848123876,514.5556415973174
3520,0.109375,215.302155,269.759705,1.0,961.7118948123875,492.75788159731746
3521,0.111328,215.305328,269.759674,1.0,955.0111508123875,507.79291559731746
3522,0.109375,215.310471,269.759674,1.0,958.7093318123875,506.31122559731745
3523,0.109375,215.312759,269.759674,1.0,955.0781058123875,501.37232259731746
3524,0.111328,215.311859,269.759674,1.0,983.8331108123875,443.58145959731746
3525,0.107422,215.310013,269.759674,1.0,983.6128958123876,450.68946059731746
3526,0.103516,215.308929,269.759674,1.0,991.3130308123875,446.8322215973174
3527,0.107422,215.30899,269.759674,1.0,1002.6428038123876,427.58386959731746
3528,0.105469,215.309052,269.759674,1.0,1002.4853328123876,429.99848159731744
3529,0.107422,215.306885,269.759674,1.0,1003.8913388123875,429.34351359731744
3530,0.105469,215.302124,269.759674,1.0,1006.6600768123876,425.4318925973174
3531,0.103516,215.295105,269.759674,1.0,1002.5077328123875,426.8364945973174
3532,0.101562,215.28624,269.759705,1.0,1003.0959288123876,426.93192259731745
3533,0.101562,215.275284,269.759644,1.0,1001.7328918123876,425.90222959731744
3534,0.111328,215.261215,269.759674,1.0,999.7124448123876,428.30948659731746
3535,0.103516,215.246017,269.759705,1.0,999.4118468123876,430.00843059731744
3536,0.117188,215.226532,269.759674,1.0,950.8334768123875,516.3708575973174
3537,0.115234,215.204285,269.759674,1.0,943.4397398123875,519.0563735973174
3538,0.101562,215.183121,269.759674,1.0,981.9643978123876,443.92804759731746
3539,0.105469,215.158875,269.759674,1.0,985.4130668123876,431.70667259731744
3540,0.107422,215.132111,269.759674,1.0,968.0960508123876,366.60343159731747
3541,0.103516,215.10437,269.759674,1.0,1092.9746518123875,305.5489885973174
3542,0.109375,215.073212,269.759674,1.0,1191.1294978123874,6.311054597317437
3543,0.107422,215.040588,269.759674,1.0,1038.8193778123875,-11.170906402682562
3544,0.111328,215.00415,269.759674,1.0,965.8465388123875,420.2598345973174
3545,0.109375,214.966156,269.759674,1.0,929.2139708123875,454.3668895973174
3546,0.109375,214.924881,269.759766,1.0,1008.3437308123875,265.7510295973174
3547,0.107422,214.880142,269.759949,1.0,986.5928768123875,419.42932859731746
3548,0.111328,214.828033,269.760101,1.0,988.5513118123876,418.21234859731743
3549,0.109375,214.768234,269.760254,1.0,987.1833308123876,423.57563059731746
3550,0.107422,214.697815,269.760437,1.0,975.3839538123875,326.68659259731743
3551,0.109375,214.611053,269.76062,1.0,970.8934748123876,449.4959185973174
3552,0.107422,214.502808,269.760742,1.0,974.6631888123876,450.72657059731745
3553,0.107422,214.366486,269.761078,1.0,971.8397638123876,448.89304359731744
3554,0.109375,214.194504,269.761414,1.0,975.1927908123876,446.9967115973174
3555,0.105469,213.992264,269.761841,1.0,973.6982848123876,450.24228659731745
3556,0.109375,213.748032,269.762329,1.0,976.2361868123876,474.8146135973174
3557,0.107422,213.476456,269.762848,1.0,948.1698418123875,387.83817259731745
3558,0.109375,213.165604,269.763458,1.0,988.6684988123876,439.68323559731743
3559,0.117188,212.800949,269.764221,1.0,990.0059628123876,443.63684859731745
3560,0.101562,212.449615,269.764832,1.0,988.6138728123875,445.9663165973174
3561,0.111328,212.044495,269.765533,1.0,972.1522028123876,378.7497025973174
3562,0.105469,211.633835,269.766144,1.0,946.6522638123876,228.36269359731745
3563,0.105469,211.206299,269.766815,1.0,1006.6328548123876,441.78839859731744
3564,0.109375,210.750473,269.767487,1.0,1012.7108578123875,446.09549759731743
3565,0.107422,210.295898,269.767975,1.0,1000.1605648123875,446.47718059731744
3566,0.105469,209.851654,269.768463,1.0,969.5315368123876,439.19019359731743
3567,0.103516,209.418594,269.768921,1.0,979.6461608123875,443.9498365973174
3568,0.115234,208.942657,269.769379,1.0,977.5119438123876,445.7083205973174
3569,0.109375,208.498825,269.769745,1.0,977.4045828123876,447.38700159731746
3570,0.107422,208.060852,269.77005,1.0,981.9961968123876,448.79935459731746
3571,0.105469,207.641113,269.770386,1.0,1110.7764708123875,213.97287759731745
3572,0.101562,207.245148,269.770538,1.0,991.2790338123875,429.40091759731746
3573,0.117188,206.796616,269.770813,1.0,985.5240288123875,456.32468459731746
3574,0.117188,206.353531,269.771149,1.0,982.1794858123876,441.28553059731746
3575,0.115234,205.921356,269.771515,1.0,984.2515678123875,441.2282485973174
3576,0.117188,205.501572,269.771881,1.0,984.8580138123875,429.2326125973174
3577,0.115234,205.11731,269.772247,1.0,984.6155818123875,338.09357459731746
3578,0.101562,204.815781,269.772522,1.0,979.9026908123876,399.96024359731746
3579,0.117188,204.497452,269.772675,1.0,991.1230888123876,434.56696359731745
3580,0.107422,204.231247,269.772827,1.0,994.9917418123875,439.5953445973174
3581,0.101562,204.004974,269.77298,1.0,994.4954648123876,438.4709545973174
3582,0.117188,203.766724,269.773163,1.0,990.2455258123875,438.3091205973174
3583,0.117188,203.555878,269.773315,1.0,987.7017638123875,427.52750359731743
3584,0.115234,203.376526,269.773499,1.0,988.0096858123876,432.76554159731745
3585,0.117188,203.225418,269.773712,1.0,992.0607718123875,427.0490795973174
3586,0.115234,203.104889,269.773773,1.0,985.3213308123876,427.62104059731746
3587,0.115234,203.01503,269.773773,1.0,922.7384458123876,328.5580825973174
3588,0.101562,202.960526,269.773773,1.0,919.0188408123876,331.5776745973174
3589,0.103516,202.928421,269.773773,1.0,923.7489438123876,344.77875559731746
3590,0.105469,202.918167,269.773773,1.0,1015.0923278123876,440.3717115973174
3591,0.107422,202.91954,269.773773,1.0,1007.0497248123876,440.8188245973174
3592,0.117188,202.921783,269.773773,1.0,1006.6753958123876,439.1771625973174
3593,0.115234,202.920151,269.773773,1.0,1013.2548028123875,435.64826159731746
3594,0.117188,202.914459,269.773773,1.0,1046.4169128123876,449.91742759731744
3595,0.117188,202.905685,269.773743,1.0,1041.5949518123875,462.89038859731744
3596,0.117188,202.894836,269.773773,1.0,1044.3630178123876,455.62885259731746
3597,0.115234,202.881851,269.773773,1.0,1040.3556938123875,458.0172195973174
3598,0.101562,202.86853,269.773773,1.0,1045.4422418123877,459.61017659731743
3599,0.115234,202.850449,269.773773,1.0,1038.3860898123876,460.30094159731743
3600,0.101562,202.832779,269.773773,1.0,914.5666928123876,169.93126659731743
3601,0.115234,202.809906,269.773773,1.0,1007.8766288123876,446.22397659731746
3602,0.101562,202.788254,269.773773,1.0,1006.7482108123876,450.46335559731745
3603,0.115234,202.760925,269.773773,1.0,975.2316708123875,453.76926459731743
3604,0.117188,202.730362,269.773773,1.0,937.9412048123876,465.76853159731746
3605,0.117188,202.694962,269.773773,1.0,937.5237238123875,468.96088459731743
3606,0.115234,202.651245,269.773773,1.0,934.2681698123876,465.25034359731745
3607,0.105469,202.597351,269.773773,1.0,928.3498348123876,464.13550559731743
3608,0.101562,202.522736,269.773773,1.0,927.9133108123875,464.41947159731745
3609,0.117188,202.393219,269.773804,1.0,1006.9650078123875,432.5935435973174
3610,0.113281,202.215408,269.773804,1.0,1030.2010918123874,422.0577465973174
3611,0.119141,201.974365,269.773743,1.0,1032.6047788123874,424.48462659731746
3612,0.115234,201.684204,269.77359,1.0,1030.1279718123876,420.48380259731744
3613,0.111328,201.352432,269.773407,1.0,964.3199278123875,454.85062459731745
3614,0.107422,200.986206,269.773132,1.0,961.8394588123875,451.35474359731745
3615,0.107422,200.569763,269.772675,1.0,958.3244438123876,449.4558485973174
3616,0.109375,200.104706,269.772034,1.0,1067.5928158123875,472.58408359731743
3617,0.113281,199.564697,269.771118,1.0,1065.6127128123876,470.14679759731746
3618,0.101562,199.035629,269.769989,1.0,1091.0914728123876,467.06574259731747
3619,0.119141,198.370255,269.768219,1.0,1091.2890438123877,475.7804335973174
3620,0.115234,197.679611,269.766083,1.0,1091.3875548123874,464.6360545973174
3621,0.117188,196.953629,269.763489,1.0,1099.3275568123877,461.72599059731743
3622,0.103516,196.297791,269.760803,1.0,1081.0007138123874,464.4337845973174
3623,0.107422,195.600189,269.757599,1.0,982.9103818123875,467.16474159731746
3624,0.105469,194.891113,269.754028,1.0,883.3863948123876,461.88465159731743
3625,0.111328,194.15686,269.749878,1.0,886.1659358123876,464.94403859731744
3626,0.115234,193.388977,269.745148,1.0,892.9774588123876,461.65134459731746
3627,0.115234,192.627411,269.740021,1.0,916.8351248123876,479.79630259731744
3628,0.101562,191.969681,269.73526,1.0,940.7365538123876,491.79489859731746
3629,0.115234,191.197586,269.729309,1.0,938.7670708123876,489.6822285973174
3630,0.101562,190.528,269.723816,1.0,949.1601988123875,484.44635759731744
3631,0.117188,189.732086,269.717163,1.0,975.7562678123876,498.08600659731746
3632,0.115234,188.926178,269.71048,1.0,983.7871518123876,502.7667925973174
3633,0.117188,188.098633,269.703705,1.0,987.6507988123875,313.2244645973174
3634,0.107422,187.31871,269.69751,1.0,990.9061088123875,493.42667359731746
3635,0.107422,186.521927,269.69165,1.0,988.6066708123875,487.1606825973174
3636,0.101562,185.752182,269.686371,1.0,990.7582818123875,494.03574359731743
3637,0.115234,184.844467,269.680664,1.0,937.9307678123876,569.1186295973175
3638,0.101562,184.049072,269.676147,1.0,944.7949028123876,572.1521375973175
3639,0.115234,183.105103,269.671356,1.0,976.7733578123875,480.86219059731746
3640,0.103516,182.244919,269.66745,1.0,979.4658018123876,490.37879159731744
3641,0.107422,181.342056,269.663849,1.0,987.3486138123876,485.94583859731745
3642,0.107422,180.423721,269.660736,1.0,985.5012628123876,488.94333659731745
3643,0.101562,179.524826,269.658173,1.0,990.7985648123876,502.88306459731746
3644,0.109375,178.54007,269.656006,1.0,990.0293388123876,503.4751665973174
3645,0.105469,177.570587,269.65448,1.0,991.3953668123876,497.88446859731744
3646,0.115234,176.475403,269.653473,1.0,994.0253108123876,504.02103459731745
3647,0.115234,175.356476,269.65329,1.0,942.0059628123876,470.64759059731745
3648,0.101562,174.344513,269.653778,1.0,942.4692198123876,471.2898945973174
3649,0.117188,173.116135,269.655151,1.0,960.4357108123876,485.0880505973174
3650,0.101562,172.010468,269.657013,1.0,992.0640678123875,506.46884959731744
3651,0.107422,170.791458,269.659515,1.0,994.9448058123876,509.0316545973174
3652,0.105469,169.542191,269.662231,1.0,996.4167898123876,499.92780359731745
3653,0.101562,168.32457,269.664856,1.0,990.4291808123876,500.09891559731744
3654,0.101562,167.080292,269.667389,1.0,996.8751028123876,502.21729259731745
3655,0.105469,165.765732,269.669922,1.0,994.4985778123876,503.15479259731745
3656,0.109375,164.383392,269.672577,1.0,998.6785698123875,503.6613545973174
3657,0.101562,163.090225,269.674988,1.0,1091.1976128123874,299.2345045973174
3658,0.107422,161.719559,269.677551,1.0,992.1406668123875,492.8675915973174
3659,0.117188,160.204544,269.68042,1.0,997.6451228123875,490.3253555973174
3660,0.109375,158.782654,269.683258,1.0,1002.6081968123875,513.3510815973175
3661,0.115234,157.2453,269.68634,1.0,1005.6612358123875,510.19660159731745
3662,0.115234,155.703064,269.689362,1.0,1006.3646658123876,513.6173785973174
3663,0.117188,154.151459,269.692352,1.0,1007.3194388123876,527.8631365973174
3664,0.113281,152.626526,269.695312,1.0,1005.9276548123876,529.6912915973174
3665,0.113281,151.138153,269.698212,1.0,1010.3876158123876,524.9450455973174
3666,0.115234,149.644104,269.701111,1.0,1015.9211238123876,536.0032425973175
3667,0.113281,148.181274,269.703888,1.0,1015.2899588123876,533.0113605973174
3668,0.111328,146.754257,269.706604,1.0,1022.3888968123875,526.0874705973174
3669,0.109375,145.367477,269.709259,1.0,1019.7425348123876,529.1069415973175
3670,0.109375,143.98822,269.711975,1.0,1026.7162898123875,524.9413525973175
3671,0.101562,142.740143,269.714447,1.0,1025.9021418123875,529.5908585973175
3672,0.113281,141.340408,269.717224,1.0,1027.4562798123875,539.4663775973174
3673,0.115234,139.936157,269.720184,1.0,1035.9626888123876,552.6136245973174
3674,0.113281,138.559631,269.723297,1.0,1038.7796438123876,540.4935685973174
3675,0.115234,137.175949,269.726746,1.0,1045.0926938123876,551.5563735973174
3676,0.113281,135.849503,269.730591,1.0,1054.4918638123877,548.5038835973174
3677,0.109375,134.556747,269.735321,1.0,1057.3068658123875,542.9428785973174
3678,0.113281,133.241165,269.741058,1.0,1054.1143608123875,555.1655345973174
3679,0.109375,131.972443,269.74762,1.0,1056.1159478123877,549.2757945973174
3680,0.113281,130.679184,269.755066,1.0,1067.2611508123875,564.7832415973173
3681,0.119141,129.326889,269.76355,1.0,1071.7673758123874,567.1435925973174
3682,0.111328,128.088623,269.771698,1.0,1083.3432428123874,574.0497815973174
3683,0.113281,126.840324,269.780304,1.0,974.1352348123876,486.41410059731743
3684,0.111328,125.609344,269.789154,1.0,970.5862238123875,483.40790559731744
3685,0.115234,124.345772,269.798584,1.0,936.6556208123876,457.1429825973174
3686,0.111328,123.149055,269.807892,1.0,937.9787408123875,426.10492759731744
3687,0.115234,121.912788,269.817719,1.0,935.5425228123876,380.1987995973174
3688,0.117188,120.683868,269.827454,1.0,931.4037898123876,323.11170159731745
3689,0.115234,119.469803,269.837036,1.0,926.3726618123876,480.66056059731744
3690,0.119141,118.239128,269.846619,1.0,927.2406428123876,477.6666035973174
3691,0.115234,117.048477,269.855743,1.0,929.3140678123875,486.86283159731744
3692,0.117188,115.857651,269.864532,1.0,928.2024958123876,489.64911659731746
3693,0.115234,114.67926,269.872559,1.0,925.9710508123876,488.99402659731743
3694,0.115234,113.518883,269.879364,1.0,1334.3993948123875,263.58702859731744
3695,0.113281,112.368675,269.884888,1.0,1331.5611388123875,261.69408459731744
3696,0.115234,111.20771,269.889252,1.0,911.6392028123876,415.60337059731745
3697,0.115234,110.038635,269.892395,1.0,930.8879208123875,467.99668159731743
3698,0.115234,108.86673,269.894409,1.0,915.3415948123876,469.3450085973174
3699,0.111328,107.718636,269.895599,1.0,843.5013848123875,479.23874659731746
3700,0.115234,106.532234,269.896332,1.0,849.6783868123875,478.27231559731746
3701,0.115234,105.354797,269.897003,1.0,806.2637138123876,491.7480845973174
3702,0.115234,104.156982,269.897858,1.0,800.6528128123875,484.7462845973174
3703,0.103516,103.054604,269.898865,1.0,802.9736138123876,485.96787259731747
3704,0.117188,101.820671,269.900146,1.0,902.0247008123876,498.0053785973174
3705,0.121094,100.53141,269.90152,1.0,903.4878348123875,497.0405655973174
3706,0.111328,99.345337,269.90274,1.0,918.5790828123876,496.9825515973174
3707,0.115234,98.088455,269.903992,1.0,916.6291928123876,490.08502959731743
3708,0.111328,96.857124,269.904968,1.0,1011.4959528123876,495.7060925973174
3709,0.113281,95.621742,269.905975,1.0,1007.4269828123876,498.29132859731743
3710,0.109375,94.386826,269.907135,1.0,995.1677058123876,503.77051559731746
3711,0.115234,93.111145,269.908325,1.0,985.8423278123876,499.46967359731747
3712,0.111328,91.847168,269.909576,1.0,987.4204528123876,500.20630659731745
3713,0.109375,90.586426,269.910736,1.0,989.3888358123876,502.3321305973174
3714,0.113281,89.286957,269.911957,1.0,982.4158138123876,506.5658035973174
3715,0.111328,88.000198,269.913177,1.0,986.3243828123875,501.30905959731746
3716,0.115234,86.657623,269.914368,1.0,988.9501768123876,508.3852615973174
3717,0.109375,85.363228,269.915527,1.0,984.4697688123875,508.68537159731744
3718,0.113281,84.011703,269.916748,1.0,987.3353698123875,514.4149555973174
3719,0.111328,82.673058,269.917938,1.0,984.6274838123876,514.9187085973174
3720,0.113281,81.283791,269.919159,1.0,988.9267388123876,507.8038715973174
3721,0.109375,79.902985,269.92041,1.0,985.5333068123875,505.14499659731746
3722,0.115234,78.449051,269.921814,1.0,988.4837458123876,511.95560459731746
3723,0.111328,76.989838,269.923004,1.0,1162.1644098123875,484.4888075973174
3724,0.113281,75.480965,269.923035,1.0,1156.5593078123875,482.9228595973174
3725,0.109375,73.982559,269.920929,1.0,1161.0429498123876,477.47837059731745
3726,0.113281,72.427444,269.916046,1.0,1165.9533508123877,480.6962355973174
3727,0.109375,70.878258,269.908264,1.0,1164.2842828123876,479.47467859731745
3728,0.109375,69.314682,269.897461,1.0,1175.2701228123874,481.47296959731744
3729,0.109375,67.704941,269.883545,1.0,1153.1740538123877,497.86325859731744
3730,0.117188,65.972603,269.865692,1.0,1163.6404838123876,496.34839659731745
3731,0.111328,64.309113,269.845886,1.0,1171.2801328123874,497.0597305973174
3732,0.111328,62.576538,269.822662,1.0,1129.3665588123877,501.50882759731746
3733,0.115234,60.780945,269.796112,1.0,1027.2703058123875,508.88846559731746
3734,0.115234,58.955166,269.766998,1.0,1019.1454888123876,512.0314715973175
3735,0.113281,57.098171,269.73584,1.0,1015.7050588123875,511.10901659731746
3736,0.109375,55.265358,269.703857,1.0,1022.5236628123876,500.3281025973174
3737,0.121094,53.170399,269.666138,1.0,957.5021788123876,467.67331659731747
3738,0.111328,51.184376,269.629547,1.0,957.0341608123875,462.68543259731746
3739,0.113281,49.133232,269.592072,1.0,950.3185848123876,471.91425359731744
3740,0.113281,47.103111,269.557587,1.0,1211.0156058123875,483.6724315973174
3741,0.109375,45.074436,269.528687,1.0,1210.8137018123875,480.75830859731747
3742,0.111328,43.016174,269.507965,1.0,1219.1988338123874,476.15924859731746
3743,0.111328,40.948154,269.497406,1.0,972.0844538123876,490.79029059731744
3744,0.113281,38.852062,269.497711,1.0,977.1457328123876,489.5834125973174
3745,0.107422,36.818714,269.507843,1.0,937.1609308123875,485.45655059731746
3746,0.109375,34.74678,269.526886,1.0,929.3370178123876,493.42292059731744
3747,0.105469,32.771248,269.550751,1.0,913.7363708123876,489.4142835973174
3748,0.111328,30.692585,269.578186,1.0,912.5026058123875,485.68787359731743
3749,0.113281,28.580257,269.605988,1.0,1005.2388728123875,472.7275465973174
3750,0.113281,26.500721,269.631592,1.0,1129.4544488123875,472.54346459731744
3751,0.113281,24.44079,269.654572,1.0,1132.0081598123875,468.6640395973174
3752,0.115234,22.350645,269.675751,1.0,982.0410578123875,516.6305315973175
3753,0.109375,20.37068,269.693848,1.0,994.2187308123875,520.4783095973174
3754,0.111328,18.395,269.708252,1.0,998.3809628123876,522.9267955973174
3755,0.107422,16.482822,269.716766,1.0,988.9128838123876,515.8323135973175
3756,0.111328,14.502512,269.718567,1.0,983.4279598123876,510.0632405973174
3757,0.111328,12.522998,269.71286,1.0,985.2013968123875,511.00180859731745
3758,0.109375,10.634859,269.702271,1.0,995.3375058123876,519.8022535973174
3759,0.107422,8.75096,269.688538,1.0,1060.0611998123877,515.2515945973174
3760,0.111328,6.837558,269.673065,1.0,1066.7157408123876,508.6485675973174
3761,0.101562,5.104233,269.658844,1.0,1068.1164358123874,512.3887715973174
3762,0.109375,3.235641,269.643982,1.0,1044.1066708123876,482.69086459731744
3763,0.111328,1.351076,269.629456,1.0,991.4078788123876,355.75290659731746
3764,0.105469,-0.434692,269.615845,1.0,959.4058038123876,293.5972365973174
3765,0.111328,-2.299803,269.601624,1.0,921.2083548123876,293.8422465973174
3766,0.109375,-4.125718,269.587311,1.0,915.4249688123875,423.1706315973174
3767,0.111328,-5.940996,269.572815,1.0,914.4920468123876,470.43607359731743
3768,0.113281,-7.809603,269.557831,1.0,910.0426448123876,463.36426559731746
3769,0.111328,-9.625887,269.543213,1.0,842.5602838123875,467.0115435973174
3770,0.113281,-11.479294,269.528351,1.0,839.9300958123875,464.3153765973174
3771,0.111328,-13.267552,269.514069,1.0,863.6021538123875,468.69727359731746
3772,0.111328,-15.047994,269.499878,1.0,933.5654108123875,488.12885259731746
3773,0.105469,-16.740648,269.486389,1.0,937.5373348123876,487.1295245973174
3774,0.109375,-18.464209,269.473053,1.0,936.8694268123876,486.0919875973174
3775,0.109375,-20.176977,269.460266,1.0,899.7710998123875,504.0743175973174
3776,0.111328,-21.928864,269.447815,1.0,897.2403988123875,505.8972855973174
3777,0.109375,-23.642017,269.436249,1.0,895.3765678123875,503.1320875973174
3778,0.111328,-25.360281,269.425262,1.0,892.8223688123876,511.1813735973174
3779,0.115234,-27.116058,269.41452,1.0,952.6653258123876,426.11808059731743
3780,0.111328,-28.803354,269.404694,1.0,954.5726128123875,455.28794059731746
3781,0.109375,-30.486555,269.395172,1.0,959.0043148123875,461.91388659731746
3782,0.111328,-32.145344,269.386047,1.0,955.7286188123876,461.3120495973174
3783,0.107422,-33.756371,269.377228,1.0,960.3086968123876,450.3398515973174
3784,0.109375,-35.39856,269.368317,1.0,959.8932308123875,456.71375259731747
3785,0.111328,-37.042126,269.359589,1.0,953.5621758123875,450.85099059731743
3786,0.107422,-38.63393,269.351746,1.0,1040.4277768123875,495.37958559731743
3787,0.113281,-40.272923,269.34552,1.0,1042.6425588123875,500.96140259731743
3788,0.107422,-41.858482,269.341949,1.0,1041.1623348123876,496.32660659731744
3789,0.111328,-43.444431,269.34137,1.0,1012.3639948123875,499.07102259731744
3790,0.109375,-45.026134,269.343811,1.0,974.0954398123876,488.64945259731746
3791,0.111328,-46.614346,269.349243,1.0,971.5226248123876,489.14191459731745
3792,0.111328,-48.191288,269.357269,1.0,971.9705008123875,493.3183975973174
3793,0.101562,-49.629974,269.366669,1.0,882.1766168123876,468.05969959731743
3794,0.115234,-51.262417,269.378937,1.0,878.8293268123875,477.27570359731743
3795,0.111328,-52.80518,269.391174,1.0,879.4989438123876,471.38636059731743
3796,0.113281,-54.389767,269.403717,1.0,876.0702938123876,473.45246159731744
3797,0.117188,-56.010143,269.416168,1.0,942.1063048123875,469.2487565973174
3798,0.113281,-57.561287,269.427307,1.0,936.2374688123875,469.3754955973174
3799,0.111328,-59.08617,269.437469,1.0,929.7335018123875,469.65949259731747
3800,0.113281,-60.619431,269.446808,1.0,936.1651428123876,465.3132405973174
3801,0.111328,-62.139137,269.455353,1.0,938.4791068123876,467.07788859731744
3802,0.111328,-63.636524,269.463104,1.0,939.0027278123875,469.56085959731746
3803,0.113281,-65.174973,269.470459,1.0,994.3680228123876,503.2761615973174
3804,0.113281,-66.747314,269.477264,1.0,998.1973078123875,503.3917005973174
3805,0.113281,-68.305443,269.483398,1.0,1005.1935848123876,496.33106259731744
3806,0.119141,-69.959435,269.489136,1.0,1001.9327818123876,492.02008859731745
3807,0.113281,-71.561508,269.493866,1.0,916.1758848123876,350.13941159731746
3808,0.117188,-73.21611,269.498077,1.0,909.6155818123875,304.28534659731747
3809,0.115234,-74.869553,269.501434,1.0,906.1838188123876,306.97156559731746
3810,0.117188,-76.550949,269.504089,1.0,939.2294128123875,491.00440259731744
3811,0.115234,-78.266891,269.505981,1.0,932.6702688123876,496.87760159731744
3812,0.117188,-79.997246,269.50705,1.0,925.4685478123876,487.30606859731745
3813,0.115234,-81.737251,269.507324,1.0,901.9789238123875,481.19547259731746
3814,0.117188,-83.513062,269.506714,1.0,895.3111388123875,485.1432575973174
3815,0.117188,-85.33326,269.505127,1.0,891.1202208123875,486.34137759731743
3816,0.115234,-87.139824,269.50293,1.0,890.7938658123876,488.08560959731744
3817,0.113281,-88.92363,269.500488,1.0,967.7034118123876,502.15274859731744
3818,0.115234,-90.768913,269.49823,1.0,968.6718558123875,496.7785415973174
3819,0.113281,-92.636864,269.496613,1.0,971.5113338123875,495.8097305973174
3820,0.111328,-94.481216,269.49588,1.0,978.8388488123876,489.2020645973174
3821,0.111328,-96.349045,269.496216,1.0,1323.7447318123877,235.92714659731743
3822,0.113281,-98.262474,269.497711,1.0,1314.9773978123876,241.63401059731743
3823,0.115234,-100.240303,269.500397,1.0,946.7847708123876,401.65427359731746
3824,0.109375,-102.150772,269.504059,1.0,949.2066458123876,396.01651759731743
3825,0.107422,-104.04541,269.508789,1.0,943.8388488123876,397.41165959731745
3826,0.113281,-106.081146,269.515045,1.0,950.3924368123876,431.10071559731745
3827,0.113281,-108.10688,269.521942,1.0,956.9184988123876,474.4351575973174
3828,0.113281,-110.185608,269.529327,1.0,954.9760558123876,478.1872025973174
3829,0.109375,-112.219818,269.536469,1.0,958.5398978123876,472.7292865973174
3830,0.113281,-114.320335,269.543457,1.0,959.9518248123876,476.39807859731746
3831,0.109375,-116.403679,269.549866,1.0,952.3969538123876,471.7880935973174
3832,0.109375,-118.483215,269.555817,1.0,953.5461238123876,472.91391759731744
3833,0.115234,-120.681625,269.561584,1.0,962.4855768123875,463.5904615973174
3834,0.109375,-122.835869,269.566864,1.0,952.3214538123875,470.70993859731743
3835,0.109375,-124.997681,269.571716,1.0,949.4665338123875,464.9866715973174
3836,0.111328,-127.206146,269.576019,1.0,937.4166678123876,-179.99436140268256
3837,0.101562,-129.244324,269.579498,1.0,937.4166678123876,-179.99436140268256
3838,0.115234,-131.543762,269.582764,1.0,937.4166678123876,-179.99436140268256
3839,0.107422,-133.767685,269.585449,1.0,937.4166678123876,-179.99436140268256
3840,0.111328,-136.052109,269.587646,1.0,939.5826228123875,491.32859059731743
3841,0.111328,-138.364578,269.589447,1.0,934.4869808123875,447.1382825973174
3842,0.109375,-140.651596,269.59082,1.0,940.0337948123876,450.97046659731745
3843,0.113281,-143.027451,269.592041,1.0,942.3262138123876,438.7370075973174
3844,0.109375,-145.361755,269.593109,1.0,954.7872128123876,481.69513659731746
3845,0.109375,-147.694565,269.59436,1.0,952.4314998123875,482.6335525973174
3846,0.111328,-150.108398,269.595734,1.0,951.2255668123876,480.83377859731746
3847,0.113281,-152.554276,269.597137,1.0,949.8061948123876,472.4408955973174
3848,0.109375,-154.955536,269.59848,1.0,952.4975398123876,468.7807995973174
3849,0.111328,-157.392563,269.599884,1.0,963.5319638123875,472.13455959731743
3850,0.111328,-159.879517,269.601227,1.0,963.4836238123876,477.6202465973174
3851,0.117188,-162.497528,269.602661,1.0,963.4678768123875,490.24054759731746
3852,0.109375,-164.962585,269.603973,1.0,901.6033138123876,412.42646059731743
3853,0.111328,-167.472534,269.605347,1.0,934.1789358123875,490.10236359731744
3854,0.111328,-170.028824,269.606689,1.0,895.0961728123875,494.85819259731744
3855,0.111328,-172.571426,269.608154,1.0,837.7730528123875,492.89218859731744
3856,0.111328,-175.145828,269.609802,1.0,823.3680228123876,490.00492059731744
3857,0.113281,-177.746246,269.611511,1.0,824.4036068123876,484.24878659731746
3858,0.111328,-180.31987,269.61322,1.0,961.6740538123876,476.7320325973174
3859,0.113281,-182.976669,269.615021,1.0,957.3749198123876,474.08570059731744
3860,0.117188,-185.707062,269.617157,1.0,968.9039728123876,472.22629559731746
3861,0.117188,-188.433029,269.621826,1.0,973.8494688123876,474.45752759731744
3862,0.115234,-191.142136,269.631836,1.0,977.9216728123876,473.4731825973174
3863,0.115234,-193.824066,269.64917,1.0,989.1193048123876,475.13986959731744
3864,0.109375,-196.360077,269.67337,1.0,992.4069638123875,480.1196365973174
3865,0.115234,-199.002594,269.706573,1.0,993.9617728123876,479.54370859731745
3866,0.109375,-201.489502,269.743774,1.0,1003.0231138123876,483.93286859731745
3867,0.111328,-204.022385,269.784576,1.0,999.8526428123876,482.73831959731746
3868,0.113281,-206.533829,269.825287,1.0,996.0518608123875,485.70664259731745
3869,0.107422,-208.96611,269.863525,1.0,999.3903008123875,481.1626665973174
3870,0.105469,-211.293182,269.897186,1.0,1002.8671078123875,481.7261735973174
3871,0.107422,-213.652847,269.926208,1.0,997.3846248123875,485.69895159731743
3872,0.105469,-215.97818,269.948364,1.0,1003.9217338123875,482.97055859731745
3873,0.109375,-218.322388,269.962921,1.0,1001.2884948123875,481.8681105973174
3874,0.105469,-220.6315,269.967834,1.0,1013.2928888123876,483.1540605973174
3875,0.103516,-222.839127,269.963287,1.0,995.1310238123875,492.51050559731743
3876,0.107422,-225.125931,269.950684,1.0,997.5846368123875,484.32376859731744
3877,0.107422,-227.33905,269.932556,1.0,1000.7820248123876,479.9167865973174
3878,0.103516,-229.456436,269.911133,1.0,1004.7438778123876,471.2227555973174
3879,0.107422,-231.542847,269.886841,1.0,1014.0940368123876,490.57386059731743
3880,0.103516,-233.518539,269.861176,1.0,1012.7066458123876,488.84290359731745
3881,0.109375,-235.48793,269.832489,1.0,1022.4035458123875,494.53931459731746
3882,0.107422,-237.39563,269.801147,1.0,1019.3284728123875,488.40473159731744
3883,0.117188,-239.378082,269.764282,1.0,1023.3328058123875,482.1402355973174
3884,0.103516,-241.067398,269.72937,1.0,1024.1424978123875,481.7462845973174
3885,0.105469,-242.722488,269.692413,1.0,1035.2593808123875,489.83911859731745
3886,0.107422,-244.329681,269.65451,1.0,1032.7187918123875,496.48087359731744
3887,0.101562,-245.794022,269.618988,1.0,1037.0867118123874,495.82172359731743
3888,0.107422,-247.276993,269.583191,1.0,1044.7172048123875,492.1876295973174
3889,0.103516,-248.675308,269.550995,1.0,1055.5290338123875,499.07425659731746
3890,0.103516,-250.007568,269.522797,1.0,1059.7455868123875,495.33145959731746
3891,0.117188,-251.49025,269.494965,1.0,1056.2141538123874,496.13803859731746
3892,0.115234,-252.936157,269.47171,1.0,1052.6507378123874,493.9319835973174
3893,0.117188,-254.344696,269.452362,1.0,1054.4255798123877,487.73621359731743
3894,0.115234,-255.720596,269.436218,1.0,1055.8685118123876,494.77912159731744
3895,0.101562,-256.879272,269.424622,1.0,1056.5089538123875,490.83765459731745
3896,0.115234,-258.203674,269.4133,1.0,1082.5093198123877,495.2234265973174
3897,0.105469,-259.389618,269.40509,1.0,1079.2911798123876,492.6487505973174
3898,0.103516,-260.557465,269.398804,1.0,1077.1630058123876,494.70697759731746
3899,0.101562,-261.692688,269.394592,1.0,1078.3936578123876,491.67173059731743
3900,0.105469,-262.863159,269.392029,1.0,1077.8292658123876,485.59668759731744
3901,0.101562,-263.979706,269.390991,1.0,1082.7176938123876,487.59024859731744
3902,0.117188,-265.271057,269.391266,1.0,880.4206968123875,467.83115359731744
3903,0.115234,-266.563293,269.393005,1.0,365.11167581238755,418.31543759731744
3904,0.101562,-267.691284,269.395782,1.0,343.6588248123876,419.14356259731744
3905,0.115234,-269.016968,269.401093,1.0,960.3442808123875,483.40464059731744
3906,0.117188,-270.35434,269.408875,1.0,953.2859918123876,473.53012859731746
3907,0.115234,-271.725647,269.419617,1.0,952.3362848123876,477.7462845973174
3908,0.101562,-272.91095,269.431122,1.0,943.6236998123876,473.2493665973174
3909,0.115234,-274.30188,269.447205,1.0,781.3346978123876,438.27875559731746
3910,0.117188,-275.72934,269.46579,1.0,1088.1993828123875,470.7204365973174
3911,0.117188,-277.164551,269.485107,1.0,1084.5812798123875,475.68817859731746
3912,0.115234,-278.613525,269.504333,1.0,947.4003108123876,474.41577959731745
3913,0.101562,-279.88443,269.520203,1.0,955.3798028123875,474.48618359731745
3914,0.101562,-281.171661,269.535065,1.0,953.4164848123876,473.73883859731745
3915,0.115234,-282.659424,269.550659,1.0,951.6248588123875,474.53479759731744
3916,0.115234,-284.174255,269.564728,1.0,1349.6468318123875,253.48064459731745
3917,0.101562,-285.496216,269.574585,1.0,1350.7260558123876,251.29279359731743
3918,0.115234,-287.031158,269.582672,1.0,959.4525568123876,420.21744559731746
3919,0.117188,-288.608154,269.587067,1.0,963.0347098123875,419.34683959731746
3920,0.117188,-290.200073,269.588043,1.0,910.3877378123875,297.84612259731745
3921,0.115234,-291.793579,269.586334,1.0,913.2878228123876,306.6260755973174
3922,0.115234,-293.401611,269.582794,1.0,967.5444148123876,486.85944359731747
3923,0.101562,-294.819366,269.578613,1.0,970.6706358123876,476.10037959731744
3924,0.111328,-296.38385,269.573273,1.0,1034.3008848123877,480.54871359731743
3925,0.107422,-297.934662,269.567444,1.0,1034.7234308123875,478.87018559731746
3926,0.101562,-299.393646,269.561462,1.0,1035.2513238123875,482.4628675973174
3927,0.111328,-301.024292,269.554016,1.0,1113.8449518123875,484.71900159731746
3928,0.111328,-302.655151,269.545837,1.0,1121.2374078123876,485.54053459731745
3929,0.115234,-304.374054,269.536377,1.0,1128.0567438123876,483.30683159731745
3930,0.107422,-305.994537,269.526611,1.0,1000.6800348123876,471.5319905973174
3931,0.115234,-307.72644,269.515289,1.0,1007.6513488123876,471.39011359731745
3932,0.109375,-309.377411,269.503754,1.0,1008.0550348123876,473.5177385973174
3933,0.107422,-311.048553,269.491364,1.0,1007.6255918123876,465.13050059731745
3934,0.111328,-312.770691,269.477722,1.0,958.2489438123876,460.6818925973174
3935,0.105469,-314.411469,269.463959,1.0,960.8111998123876,461.18750759731745
3936,0.109375,-316.138123,269.44873,1.0,960.8998838123875,465.00226559731743
3937,0.107422,-317.864075,269.432648,1.0,964.7291068123876,456.3176045973174
3938,0.115234,-319.746033,269.414154,1.0,968.8550838123875,459.45697759731746
3939,0.101562,-321.443848,269.396606,1.0,965.1904108123875,450.70767959731745
3940,0.111328,-323.293579,269.376617,1.0,963.3149838123876,453.66330759731744
3941,0.105469,-325.084381,269.356293,1.0,1009.0679138123876,464.12482459731746
3942,0.113281,-326.959412,269.334106,1.0,1230.4893608123875,254.98886859731743
3943,0.117188,-328.880585,269.310516,1.0,1294.7531548123875,175.97020759731743
3944,0.103516,-330.598969,269.289124,1.0,1298.0296438123873,177.55904359731744
3945,0.113281,-332.439789,269.266235,1.0,1334.9253958123877,151.90625759731745
3946,0.103516,-334.158875,269.245026,1.0,1010.2554748123875,433.15341959731745
3947,0.105469,-335.867493,269.224121,1.0,1011.2075618123876,437.15949259731747
3948,0.105469,-337.552979,269.203644,1.0,997.4665948123876,454.0253675973174
3949,0.105469,-339.250641,269.183411,1.0,985.7780578123876,467.05033159731744
3950,0.115234,-341.090363,269.161835,1.0,989.1260798123876,467.22345759731746
3951,0.111328,-342.836029,269.142029,1.0,975.8236508123875,447.84925059731745
3952,0.105469,-344.505829,269.12439,1.0,968.2793998123875,418.19071159731743
3953,0.111328,-346.229065,269.109314,1.0,969.2231868123876,416.6439285973174
3954,0.103516,-347.853149,269.099487,1.0,932.8873098123876,331.71686559731745
3955,0.107422,-349.476013,269.095673,1.0,927.3605768123875,327.01725059731746
3956,0.109375,-351.107941,269.098816,1.0,910.6257138123875,311.16538259731743
3957,0.101562,-352.599915,269.108368,1.0,907.0920218123875,313.33362559731745
3958,0.103516,-354.066376,269.12381,1.0,929.4481628123875,325.91181159731747
3959,0.107422,-355.585754,269.145966,1.0,1024.0870788123875,427.9275895973174
3960,0.105469,-357.030548,269.172333,1.0,1023.3240778123876,427.98386359731745
3961,0.105469,-358.449249,269.203003,1.0,1032.8899348123875,456.07544759731746
3962,0.105469,-359.838135,269.237915,1.0,1036.1725888123874,457.9069905973174
3963,0.101562,-361.123718,269.274658,1.0,1072.5077938123877,455.41312459731745
3964,0.101562,-362.36499,269.314606,1.0,1074.9984548123875,451.23419959731746
3965,0.101562,-363.549408,269.356995,1.0,967.8193778123875,413.1081315973174
3966,0.101562,-364.677673,269.401581,1.0,958.3467218123876,406.08072659731744
3967,0.101562,-365.73233,269.447327,1.0,959.3877378123875,409.6411205973174
3968,0.113281,-366.871674,269.501282,1.0,909.9175838123875,281.66641959731743
3969,0.115234,-367.993622,269.558929,1.0,909.5113948123876,291.9026265973174
3970,0.103516,-368.952911,269.611908,1.0,914.9737968123876,292.4615705973174
3971,0.103516,-369.872711,269.665955,1.0,915.2977718123875,292.18286859731745
3972,0.101562,-370.74762,269.720581,1.0,910.7360038123876,281.76450359731746
3973,0.103516,-371.60199,269.776978,1.0,913.1061218123875,276.3027115973174
3974,0.103516,-372.391205,269.83194,1.0,921.6593438123875,283.30226859731744
3975,0.115234,-373.197205,269.891174,1.0,912.8423888123875,286.87291759731744
3976,0.103516,-373.870087,269.943207,1.0,915.7629818123876,284.47605159731745
3977,0.101562,-374.47406,269.992035,1.0,921.0153008123875,305.50568359731744
3978,0.101562,-375.030884,270.038757,1.0,949.4434628123876,370.17026559731744
3979,0.101562,-375.557739,270.084564,1.0,947.5213438123876,363.0314715973174
3980,0.101562,-376.063477,270.129913,1.0,911.7931328123875,298.1485215973174
3981,0.101562,-376.547913,270.17453,1.0,916.5774958123876,289.9311905973174
3982,0.101562,-377.003906,270.217743,1.0,921.8776668123876,297.27997559731745
3983,0.101562,-377.426331,270.258759,1.0,918.4339408123876,291.48204859731743
3984,0.101562,-377.811493,270.297089,1.0,918.1729548123876,292.82192259731744
3985,0.113281,-378.216461,270.33844,1.0,919.4700128123876,299.4988025973174
3986,0.111328,-378.569946,270.375275,1.0,904.3985408123875,287.90018459731743
3987,0.113281,-378.896912,270.410126,1.0,905.4941828123875,297.4772415973174
3988,0.113281,-379.191498,270.442108,1.0,904.4371148123876,298.37352759731743
3989,0.115234,-379.450867,270.470642,1.0,908.2211728123875,293.92530059731746
3990,0.111328,-379.667023,270.49472,1.0,908.4112968123876,294.8771595973175
3991,0.103516,-379.837982,270.513947,1.0,907.7951468123875,298.1814495973174
3992,0.113281,-379.992401,270.531464,1.0,910.7653008123875,293.7121965973174
3993,0.113281,-380.115479,270.545563,1.0,909.7377738123876,295.39385259731745
3994,0.111328,-380.209198,270.556305,1.0,911.1949888123876,286.69843259731744
3995,0.115234,-380.274933,270.563904,1.0,911.4864928123876,291.11167159731747
3996,0.111328,-380.311035,270.568115,1.0,908.4331478123876,298.3532485973175
