,0,1,2,3,4,5
0,0.0,-464.549988,-1216.650024,1.0,1933.6412559497298,-38.53269600538553
1,0.107422,-464.552673,-1216.647827,1.0,1960.2027799497296,-37.37756000538553
2,0.101562,-464.55365,-1216.647095,1.0,1648.0387169497299,124.25249999461447
3,0.107422,-464.553833,-1216.646851,1.0,1099.0040489497296,433.74071099461446
4,0.107422,-464.553223,-1216.647339,1.0,1107.9026089497297,426.4232669946145
5,0.103516,-464.552521,-1216.647949,1.0,1245.1529749497295,301.65690899461447
6,0.101562,-464.552277,-1216.648071,1.0,1436.2330529497294,173.99896199461446
7,0.109375,-464.552795,-1216.647583,1.0,1441.4430139497294,154.34917799461448
8,0.103516,-464.553619,-1216.646973,1.0,1512.7567349497294,153.98328799461447
9,0.103516,-464.553955,-1216.646729,1.0,1508.8425499497298,165.32502299461447
10,0.101562,-464.553528,-1216.647217,1.0,1520.7949429497298,144.08292599461447
11,0.105469,-464.552795,-1216.647705,1.0,1522.1339319497297,152.69964299461446
12,0.107422,-464.552399,-1216.648071,1.0,1284.7889609497297,482.15272799461445
13,0.101562,-464.552643,-1216.647949,1.0,1280.9618129497298,480.29701599461447
14,0.101562,-464.553131,-1216.647339,1.0,1279.2215779497296,478.04069799461445
15,0.101562,-464.553406,-1216.647217,1.0,1165.6212369497298,488.0372799946145
16,0.103516,-464.553314,-1216.647217,1.0,1159.8473109497295,479.06163299461446
17,0.107422,-464.552979,-1216.647217,1.0,1045.8296109497296,469.27196099461446
18,0.107422,-464.552734,-1216.647217,1.0,956.7228599497296,450.11125499461446
19,0.101562,-464.552734,-1216.647339,1.0,412.54167694972966,504.8969299946145
20,0.107422,-464.552917,-1216.647217,1.0,248.84970594972964,412.18345999461445
21,0.105469,-464.55304,-1216.647095,1.0,646.6192829497296,448.0074339946145
22,0.107422,-464.55307,-1216.647217,1.0,1392.4565639497296,454.94041799461445
23,0.103516,-464.55307,-1216.647217,1.0,1347.1255089497295,461.9012329946145
24,0.103516,-464.55307,-1216.647217,1.0,1311.6543179497298,479.50401599461446
25,0.101562,-464.55304,-1216.647217,1.0,1318.6993619497298,501.2805969946145
26,0.103516,-464.55304,-1216.647095,1.0,1534.6701869497297,276.18350499461445
27,0.103516,-464.55304,-1216.647217,1.0,1574.2450159497298,262.0699569946145
28,0.107422,-464.55307,-1216.647217,1.0,1556.2162069497294,299.5578339946145
29,0.105469,-464.55307,-1216.647217,1.0,1545.7732139497298,557.6047549946145
30,0.103516,-464.55307,-1216.647217,1.0,1538.1629849497294,580.2340879946145
31,0.103516,-464.55307,-1216.647339,1.0,1542.4337369497298,571.7484929946145
32,0.103516,-464.55304,-1216.647217,1.0,1541.9336139497295,566.6604189946145
33,0.103516,-464.55304,-1216.647217,1.0,1528.9510709497295,572.4967229946144
34,0.105469,-464.55304,-1216.647217,1.0,1432.4342249497295,583.7537719946145
35,0.101562,-464.55307,-1216.647217,1.0,1356.3043419497299,492.31526499461444
36,0.101562,-464.553101,-1216.647217,1.0,1359.2716269497296,493.30400399461445
37,0.101562,-464.55307,-1216.647217,1.0,1084.2276819497297,574.5083189946145
38,0.103516,-464.55307,-1216.647217,1.0,1085.4884239497296,576.6020079946145
39,0.103516,-464.55304,-1216.647217,1.0,1071.1696979497297,579.5590699946144
40,0.107422,-464.55304,-1216.647217,1.0,1065.7767539497295,565.7855709946145
41,0.107422,-464.55304,-1216.647217,1.0,1065.7767539497295,565.7855709946145
42,0.101562,-464.55307,-1216.647217,1.0,1065.7767539497295,565.7855709946145
43,0.107422,-464.55307,-1216.647217,1.0,1065.7767539497295,565.7855709946145
44,0.107422,-464.55307,-1216.647217,1.0,1065.7767539497295,565.7855709946145
45,0.101562,-464.55307,-1216.647217,0.0,32.60292594972964,154.20842299461447
46,0.107422,-464.55307,-1216.647217,0.0,32.60292594972964,154.20842299461447
47,0.101562,-464.55307,-1216.647217,1.0,1594.5660609497295,132.31407699461448
48,0.103516,-464.55307,-1216.647217,1.0,1528.5439659497297,193.86030499461447
49,0.103516,-464.55307,-1216.647217,1.0,1315.6219689497298,245.80440799461445
50,0.101562,-464.55307,-1216.647217,1.0,1479.6098839497295,101.02625599461447
51,0.101562,-464.55307,-1216.647217,1.0,1483.5979209497295,132.68748399461447
52,0.103516,-464.55307,-1216.647095,1.0,1490.6032919497297,138.19728999461447
53,0.105469,-464.55307,-1216.647217,1.0,1456.0693569497298,151.73715099461447
54,0.101562,-464.55307,-1216.647217,1.0,1462.2916469497295,137.28026099461448
55,0.105469,-464.55307,-1216.647217,1.0,1483.4907429497298,149.08923899461448
56,0.105469,-464.553101,-1216.647217,1.0,1476.4857379497298,143.71000499461448
57,0.107422,-464.55307,-1216.647217,1.0,1559.0779019497295,254.98462999461447
58,0.109375,-464.55307,-1216.647217,1.0,1563.9171349497296,271.47900699461445
59,0.105469,-464.55307,-1216.647217,1.0,1055.0965779497296,314.7893709946145
60,0.103516,-464.55307,-1216.647217,1.0,1056.6156209497294,348.09927699461446
61,0.107422,-464.55307,-1216.647217,1.0,1002.0664879497297,333.2238189946145
62,0.101562,-464.55304,-1216.647217,1.0,952.2507529497296,316.62735299461445
63,0.107422,-464.553192,-1216.647217,1.0,1202.8192349497294,277.55729199461445
64,0.107422,-464.55368,-1216.646973,1.0,1536.9369099497299,233.48714799461447
65,0.107422,-464.555054,-1216.645752,1.0,1515.8270469497297,183.90332499461448
66,0.101562,-464.557617,-1216.643555,1.0,1491.6329549497295,127.42136299461447
67,0.101562,-464.561768,-1216.640381,1.0,1484.3407189497298,126.92368999461446
68,0.103516,-464.567627,-1216.635498,1.0,1535.3456019497298,264.30130299461445
69,0.107422,-464.575714,-1216.629028,1.0,1560.7629599497295,272.16308199461446
70,0.103516,-464.584808,-1216.62146,1.0,1560.4206749497298,281.5179479946145
71,0.107422,-464.596283,-1216.612183,1.0,1319.1759239497296,359.0827669946145
72,0.107422,-464.609131,-1216.601807,1.0,1161.3788049497298,442.96718199461446
73,0.107422,-464.623779,-1216.589966,1.0,1166.1032919497297,441.7518499946145
74,0.107422,-464.640106,-1216.57666,1.0,1072.9096889497296,404.00252099461443
75,0.101562,-464.657196,-1216.562866,1.0,937.5298059497296,425.75963099461444
76,0.103516,-464.675934,-1216.547485,1.0,934.9801229497297,419.89998199461445
77,0.101562,-464.695923,-1216.531372,1.0,941.4075519497296,420.3564029946145
78,0.101562,-464.717041,-1216.51416,1.0,943.5279139497296,414.68861699461445
79,0.107422,-464.741089,-1216.494507,1.0,945.0092979497297,404.11453599461447
80,0.103516,-464.766235,-1216.474121,1.0,937.9881189497296,289.53218399461446
81,0.103516,-464.792175,-1216.453125,1.0,930.3471889497297,291.2153499946145
82,0.103516,-464.820007,-1216.43042,1.0,933.8510339497296,284.6573519946145
83,0.105469,-464.849854,-1216.406128,1.0,931.3082479497297,283.8336669946145
84,0.101562,-464.880127,-1216.38147,1.0,1126.8874719497298,430.4388309946145
85,0.101562,-464.911316,-1216.355957,1.0,1131.3968709497294,439.40434599461446
86,0.101562,-464.944489,-1216.328735,1.0,1136.4105429497295,436.42116099461447
87,0.103516,-464.978882,-1216.300537,1.0,1035.1808069497297,394.6911199946145
88,0.103516,-465.01593,-1216.270264,1.0,933.1887409497297,337.9095189946145
89,0.105469,-465.054871,-1216.238281,1.0,933.5715539497296,337.36923499461443
90,0.107422,-465.0979,-1216.202881,1.0,927.9342249497296,300.5924709946145
91,0.103516,-465.143677,-1216.165405,1.0,1012.9422809497296,354.54902999461444
92,0.101562,-465.194305,-1216.123657,1.0,1159.7542929497295,475.70811799461444
93,0.101562,-465.251678,-1216.076294,1.0,1164.5954799497295,473.51225599461446
94,0.101562,-465.319366,-1216.020386,1.0,1091.3530479497294,458.16093799461447
95,0.101562,-465.397491,-1215.955811,1.0,1008.8855799497296,439.1787899946145
96,0.107422,-465.494965,-1215.875244,1.0,1004.8071499497296,448.1861449946145
97,0.101562,-465.601501,-1215.786743,1.0,1016.9298299497297,435.6078679946145
98,0.107422,-465.726868,-1215.682251,1.0,1011.7705289497296,435.14012499461444
99,0.103516,-465.864563,-1215.567383,1.0,973.4817099497296,379.3124119946145
100,0.109375,-466.030487,-1215.428711,1.0,947.8029379497297,299.41751399461447
101,0.101562,-466.202576,-1215.284302,1.0,948.1380819497297,295.5781429946145
102,0.101562,-466.396362,-1215.12085,1.0,1200.6944789497297,410.1646299946145
103,0.101562,-466.61087,-1214.938965,1.0,1267.0211389497294,446.7628359946145
104,0.101562,-466.847015,-1214.737793,1.0,1266.0483609497296,443.9661129946145
105,0.101562,-467.107239,-1214.514526,1.0,1023.8655599497297,443.5127439946145
106,0.105469,-467.395325,-1214.265137,1.0,1010.6355189497297,448.11787699461445
107,0.109375,-467.715576,-1213.984741,1.0,1010.7124229497297,443.86409299461445
108,0.107422,-468.051208,-1213.687256,1.0,1017.5396939497297,449.6293209946145
109,0.103516,-468.389954,-1213.38269,1.0,968.6271569497296,387.84402799461446
110,0.105469,-468.749756,-1213.054077,1.0,922.4182339497296,294.11017199461446
111,0.105469,-469.119537,-1212.710815,1.0,927.9517419497297,290.8509249946145
112,0.103516,-469.492676,-1212.358765,1.0,1057.9102989497296,356.25305499461444
113,0.103516,-469.870239,-1211.996704,1.0,1295.4609579497296,468.49150399461445
114,0.107422,-470.243134,-1211.633301,1.0,1292.5450649497297,471.56096199461444
115,0.105469,-470.607178,-1211.272217,1.0,1097.2090049497297,450.1519039946145
116,0.103516,-470.958588,-1210.916504,1.0,1095.9128629497295,452.2681459946145
117,0.105469,-471.309052,-1210.555054,1.0,1089.8969929497298,455.3188049946145
118,0.107422,-471.653259,-1210.192749,1.0,1084.1742149497295,452.62361499461446
119,0.105469,-471.991455,-1209.829224,1.0,1374.9823209497295,522.4895809946145
120,0.107422,-472.328278,-1209.459839,1.0,1364.5272419497296,520.9261959946145
121,0.107422,-472.665863,-1209.081543,1.0,1345.7135219497295,523.3431579946144
122,0.109375,-473.004089,-1208.694214,1.0,1138.2285359497296,450.19591099461445
123,0.105469,-473.333771,-1208.307739,1.0,1127.5470179497297,442.9734069946145
124,0.105469,-473.659515,-1207.916504,1.0,1128.4669399497297,443.8086729946145
125,0.105469,-473.990295,-1207.508789,1.0,996.2086389497297,360.46545699461444
126,0.105469,-474.31601,-1207.096924,1.0,977.8275959497296,338.4599949946145
127,0.105469,-474.6362,-1206.680908,1.0,1311.9441129497295,486.76542999461446
128,0.103516,-474.953278,-1206.257324,1.0,1316.6893519497298,497.08781799461445
129,0.103516,-475.269409,-1205.822876,1.0,1314.3808799497297,488.87398099461444
130,0.103516,-475.586975,-1205.373413,1.0,1180.4100549497298,472.16276899461445
131,0.103516,-475.898102,-1204.919434,1.0,1177.7209679497296,472.8659239946145
132,0.103516,-476.205505,-1204.456909,1.0,1175.5394489497298,471.1376529946145
133,0.105469,-476.52002,-1203.968262,1.0,1172.2962849497299,463.59007599461444
134,0.105469,-476.824554,-1203.478516,1.0,1167.6417439497295,449.91533199461446
135,0.101562,-477.123322,-1202.9823,1.0,1162.3554889497295,452.45018299461447
136,0.103516,-477.417786,-1202.47583,1.0,1249.7525839497298,519.8094969946144
137,0.103516,-477.713531,-1201.948242,1.0,1239.2791959497295,515.2378109946144
138,0.107422,-478.012329,-1201.394043,1.0,1141.3690389497297,472.15089699461447
139,0.103516,-478.294678,-1200.848267,1.0,1139.5542199497295,474.5921509946145
140,0.103516,-478.571808,-1200.286987,1.0,1140.8258259497297,462.9490239946145
141,0.105469,-478.842102,-1199.708252,1.0,1127.5566609497296,451.5320619946145
142,0.103516,-479.099304,-1199.122925,1.0,1118.5057579497297,453.3718749946145
143,0.103516,-479.344696,-1198.531494,1.0,1107.1275839497298,447.15059199461444
144,0.103516,-479.584625,-1197.919678,1.0,1105.6953329497296,454.5576359946145
145,0.105469,-479.817627,-1197.290039,1.0,1091.6985069497296,435.01469699461444
146,0.107422,-480.043457,-1196.644531,1.0,1075.6026819497297,423.4981569946145
147,0.109375,-480.269135,-1195.964966,1.0,1083.5446979497297,415.40785499461447
148,0.103516,-480.475006,-1195.312256,1.0,1064.9255579497299,417.57149099461446
149,0.105469,-480.675323,-1194.651855,1.0,1057.6165979497296,428.6916689946145
150,0.105469,-480.877533,-1193.962036,1.0,1053.1611539497296,449.4977299946145
151,0.105469,-481.071503,-1193.27771,1.0,1046.2520349497295,438.6467469946145
152,0.105469,-481.26236,-1192.584961,1.0,1039.1837979497295,436.2643009946145
153,0.105469,-481.453186,-1191.871094,1.0,1006.4747519497297,471.13615699461445
154,0.107422,-481.639648,-1191.142578,1.0,998.9189049497296,476.48961199461445
155,0.107422,-481.816956,-1190.414917,1.0,985.4613239497296,466.3143499946145
156,0.105469,-481.988098,-1189.672363,1.0,980.0299279497297,461.29332299461447
157,0.107422,-482.15152,-1188.919922,1.0,965.2362879497297,449.42201599461447
158,0.107422,-482.307617,-1188.156982,1.0,949.2790729497297,452.67271699461446
159,0.107422,-482.456268,-1187.389648,1.0,922.1596279497296,446.21428199461445
160,0.107422,-482.600067,-1186.615479,1.0,914.4703579497296,443.49473899461447
161,0.107422,-482.740082,-1185.828247,1.0,1011.5383509497296,478.8002499946145
162,0.107422,-482.87439,-1185.03479,1.0,1005.1344199497296,470.07228399461445
163,0.107422,-483.003601,-1184.243652,1.0,1008.8983969497297,469.94008199461445
164,0.105469,-483.128235,-1183.451416,1.0,1007.7398889497297,469.88099999461446
165,0.107422,-483.253662,-1182.637451,1.0,1004.4168909497297,460.7901189946145
166,0.107422,-483.379333,-1181.814209,1.0,991.4602259497296,461.86912899461447
167,0.105469,-483.502289,-1180.998169,1.0,992.0519009497297,462.6615169946145
168,0.107422,-483.623871,-1180.174683,1.0,993.1192829497296,460.38966699461446
169,0.107422,-483.745514,-1179.328979,1.0,1012.0144249497297,471.14772399461447
170,0.107422,-483.865326,-1178.481567,1.0,1020.9939169497296,473.63261699461447
171,0.107422,-483.985535,-1177.631592,1.0,1028.5577599497296,468.49168699461444
172,0.107422,-484.111725,-1176.76416,1.0,996.1715299497297,483.74241999461447
173,0.107422,-484.248901,-1175.867432,1.0,1013.7182819497297,500.7851439946145
174,0.107422,-484.397614,-1174.949829,1.0,1018.2484339497296,498.23265399461445
175,0.107422,-484.557831,-1174.011963,1.0,959.7830409497296,510.46202399461447
176,0.107422,-484.722229,-1173.087646,1.0,892.6116539497297,513.4899479946145
177,0.107422,-484.897583,-1172.130737,1.0,889.3632409497296,514.9198179946145
178,0.105469,-485.076843,-1171.178589,1.0,897.4138389497297,504.7610959946145
179,0.105469,-485.263184,-1170.216431,1.0,904.9580899497296,508.7448919946145
180,0.105469,-485.455597,-1169.253906,1.0,902.7097989497296,513.0880009946145
181,0.107422,-485.66214,-1168.255493,1.0,908.3217369497296,503.03370999461447
182,0.105469,-485.874878,-1167.263428,1.0,912.2466029497297,508.06718799461447
183,0.103516,-486.099854,-1166.248291,1.0,919.7984829497296,514.9185979946144
184,0.103516,-486.338074,-1165.204834,1.0,919.7586269497297,510.73018199461444
185,0.107422,-486.606232,-1164.0625,1.0,878.6676229497297,519.6801939946145
186,0.105469,-486.88208,-1162.919312,1.0,870.9587609497296,523.2649419946144
187,0.105469,-487.178528,-1161.726929,1.0,882.9447229497297,522.2222169946144
188,0.103516,-487.48941,-1160.516235,1.0,891.5494589497297,513.3636659946144
189,0.105469,-487.813446,-1159.297241,1.0,893.8066609497297,510.05229499461444
190,0.105469,-488.150909,-1158.072876,1.0,898.1236779497297,507.45326599461447
191,0.105469,-488.505859,-1156.831543,1.0,945.3767299497297,557.1324339946145
192,0.103516,-488.872681,-1155.594116,1.0,1017.7078449497296,614.1344789946145
193,0.105469,-489.257507,-1154.339111,1.0,1036.1906949497297,623.3904299946145
194,0.103516,-489.653442,-1153.090454,1.0,1042.6402799497296,617.6739079946144
195,0.105469,-490.063293,-1151.838501,1.0,943.4056599497296,482.4943729946145
196,0.105469,-490.490936,-1150.572632,1.0,946.6120199497296,479.32603799461447
197,0.107422,-490.941589,-1149.279053,1.0,954.8694669497296,454.3740109946145
198,0.105469,-491.420135,-1147.946045,1.0,938.7020469497296,295.06907999461447
199,0.103516,-491.912354,-1146.613037,1.0,938.1289269497296,287.4551729946145
200,0.105469,-492.429291,-1145.251465,1.0,914.8023279497296,309.3643069946145
201,0.105469,-492.969604,-1143.867798,1.0,913.6765949497296,313.0120419946145
202,0.105469,-493.518372,-1142.502563,1.0,909.2025959497296,297.38273899461444
203,0.109375,-494.088043,-1141.124512,1.0,911.7776089497296,302.39729599461447
204,0.107422,-494.646332,-1139.810669,1.0,912.8803919497296,301.31793499461446
205,0.105469,-495.201202,-1138.537964,1.0,910.5354819497296,297.68268099461443
206,0.107422,-495.734161,-1137.342163,1.0,934.7888389497297,320.4464749946145
207,0.103516,-496.240601,-1136.231201,1.0,1093.3326619497298,543.1618839946145
208,0.103516,-496.727692,-1135.190918,1.0,1103.4642539497295,549.7853579946145
209,0.105469,-497.201508,-1134.203735,1.0,1118.6823939497294,550.5134459946145
210,0.105469,-497.649841,-1133.284546,1.0,1113.9254359497295,539.5175969946145
211,0.105469,-498.071655,-1132.429321,1.0,1130.2143759497299,535.7839539946144
212,0.109375,-498.485565,-1131.59021,1.0,1098.3183799497297,490.4087709946145
213,0.105469,-498.843903,-1130.85376,1.0,916.7971399497296,335.6581149946145
214,0.105469,-499.165955,-1130.184448,1.0,922.3160609497296,322.96180999461444
215,0.105469,-499.450043,-1129.588989,1.0,1130.9670619497297,510.3050719946145
216,0.103516,-499.699738,-1129.061523,1.0,1133.6618859497298,499.8664429946145
217,0.105469,-499.923065,-1128.58606,1.0,1136.5779019497295,492.50419899461446
218,0.105469,-500.117188,-1128.168457,1.0,1197.4072469497296,479.30440099461447
219,0.103516,-500.285797,-1127.80127,1.0,1253.1563929497297,471.93446699461447
220,0.105469,-500.430786,-1127.481079,1.0,1258.0124719497298,473.34620999461447
221,0.105469,-500.555969,-1127.200806,1.0,1374.9491169497296,564.9560119946145
222,0.103516,-500.663513,-1126.957397,1.0,1380.0977989497296,570.6020999946145
223,0.103516,-500.757965,-1126.742432,1.0,1372.6040249497296,574.8987609946145
224,0.101562,-500.848969,-1126.535156,1.0,1372.4714559497297,560.1856869946145
225,0.105469,-500.941315,-1126.324585,1.0,1369.3654989497295,565.2248109946145
226,0.103516,-501.034515,-1126.111206,1.0,1204.0647179497296,486.07991299461446
227,0.105469,-501.130981,-1125.889404,1.0,1205.6175739497298,478.07478699461444
228,0.103516,-501.224121,-1125.67334,1.0,1202.6485799497295,481.21034599461444
229,0.103516,-501.315948,-1125.458618,1.0,1208.1761679497295,484.31453299461447
230,0.103516,-501.410156,-1125.236816,1.0,1212.1152549497297,478.0406369946145
231,0.101562,-501.516602,-1124.984741,1.0,1211.4382529497298,479.26924499461444
232,0.105469,-501.642731,-1124.68396,1.0,1213.0443319497294,474.12843599461445
233,0.111328,-501.793182,-1124.322388,1.0,1207.7270719497296,502.2961309946145
234,0.109375,-501.960541,-1123.916138,1.0,1210.4633999497296,503.3908269946145
235,0.107422,-502.139801,-1123.476074,1.0,1205.1570029497298,504.03099399461445
236,0.107422,-502.334503,-1122.991089,1.0,1208.0372519497296,499.3810609946145
237,0.107422,-502.544556,-1122.457642,1.0,1203.0649619497294,500.73109799461446
238,0.107422,-502.768433,-1121.876221,1.0,1200.4419149497298,502.83568099461445
239,0.105469,-502.997894,-1121.264282,1.0,1157.8685509497295,524.4132879946144
240,0.103516,-503.233368,-1120.617188,1.0,1150.6659139497297,518.9714539946144
241,0.111328,-503.491699,-1119.880981,1.0,1147.6408899497296,521.3194149946145
242,0.105469,-503.745544,-1119.125732,1.0,1139.0407919497297,518.5540959946145
243,0.103516,-504.001434,-1118.327515,1.0,1136.8634239497296,517.7244749946144
244,0.105469,-504.258057,-1117.484253,1.0,1126.8407189497298,515.2424199946145
245,0.107422,-504.521301,-1116.566772,1.0,1116.4030969497298,513.9166439946144
246,0.105469,-504.777679,-1115.611816,1.0,1100.6405239497294,508.72142299461444
247,0.105469,-505.02951,-1114.601318,1.0,1084.0774129497295,508.23747599461444
248,0.107422,-505.272675,-1113.537231,1.0,1137.9618129497298,517.5822019946145
249,0.107422,-505.507324,-1112.402222,1.0,1183.7276819497297,529.7101629946144
250,0.103516,-505.713226,-1111.278442,1.0,1157.3073939497294,530.4911679946144
251,0.109375,-505.911926,-1110.012817,1.0,1148.8525599497298,523.7910039946145
252,0.109375,-506.08139,-1108.707886,1.0,1104.1130579497299,519.4671819946145
253,0.111328,-506.225281,-1107.343262,1.0,1057.5354209497295,525.9333379946145
254,0.111328,-506.348267,-1105.910156,1.0,1043.2221889497296,527.7806279946144
255,0.111328,-506.454254,-1104.441162,1.0,978.8199059497297,448.00136099461446
256,0.109375,-506.550568,-1102.963013,1.0,918.9688929497296,317.20366199461444
257,0.109375,-506.64563,-1101.485229,1.0,917.4826869497297,316.23976499461446
258,0.109375,-506.746582,-1099.991089,1.0,1009.0533649497296,483.71556399461446
259,0.107422,-506.855438,-1098.506592,1.0,1029.2690029497296,532.3410829946145
260,0.109375,-506.975952,-1096.993164,1.0,1044.6440029497296,541.1662169946144
261,0.109375,-507.108643,-1095.441528,1.0,1045.6211139497295,526.5276979946145
262,0.109375,-507.248444,-1093.87915,1.0,1052.7102869497296,543.9666929946145
263,0.111328,-507.39386,-1092.27771,1.0,1007.0852259497296,526.0402099946145
264,0.109375,-507.538239,-1090.667969,1.0,967.4583949497296,518.3692199946145
265,0.101562,-507.666412,-1089.16272,1.0,964.6834309497297,515.9860719946145
266,0.103516,-507.786713,-1087.608643,1.0,971.1175739497296,515.2308229946145
267,0.105469,-507.896606,-1085.964844,1.0,968.0556849497297,522.7737609946145
268,0.107422,-507.985809,-1084.30481,1.0,972.0095419497296,510.60295399461444
269,0.107422,-508.050995,-1082.625488,1.0,964.2069299497297,485.49235899461445
270,0.105469,-508.089813,-1080.932861,1.0,954.5282799497296,489.27333399461446
271,0.103516,-508.102936,-1079.244385,1.0,947.7892049497297,488.3096189946145
272,0.107422,-508.092682,-1077.50293,1.0,992.1269739497296,496.67592199461444
273,0.109375,-508.061188,-1075.728271,1.0,1005.4751179497297,479.99812599461444
274,0.103516,-508.015625,-1074.028076,1.0,900.5826009497297,294.9416689946145
275,0.111328,-507.955475,-1072.200684,1.0,894.3239339497296,298.98730799461447
276,0.113281,-507.889618,-1070.372314,1.0,1002.4053549497296,516.7035399946144
277,0.113281,-507.823364,-1068.545776,1.0,1005.2326259497296,515.8804199946144
278,0.113281,-507.760773,-1066.739624,1.0,1000.3076379497296,518.3279299946145
279,0.109375,-507.704468,-1064.994507,1.0,1005.3385829497296,531.9217409946145
280,0.101562,-507.656281,-1063.372559,1.0,1019.0818079497296,537.4319639946145
281,0.103516,-507.612885,-1061.755493,1.0,1016.4673059497296,530.7299989946144
282,0.101562,-507.574829,-1060.154907,1.0,1026.0443929497296,523.6681089946144
283,0.111328,-507.539856,-1058.440186,1.0,1031.0378009497297,540.7972289946144
284,0.111328,-507.5112,-1056.721924,1.0,1049.4298299497295,540.9944949946145
285,0.109375,-507.489655,-1055.050415,1.0,1047.0472619497295,528.9394409946144
286,0.111328,-507.474121,-1053.34436,1.0,1053.9936119497297,534.2368649946145
287,0.101562,-507.46582,-1051.821045,1.0,1066.9425259497298,527.7566709946145
288,0.101562,-507.462372,-1050.288208,1.0,1073.5108849497296,520.9937929946145
289,0.101562,-507.462921,-1048.780029,1.0,1083.0633749497297,522.9454839946145
290,0.101562,-507.465729,-1047.270752,1.0,1081.5063679497298,515.0655399946145
291,0.109375,-507.469849,-1045.632202,1.0,996.6250819497296,522.0257449946145
292,0.101562,-507.4729,-1044.140259,1.0,1003.0490929497296,520.3460879946144
293,0.101562,-507.472351,-1042.657959,1.0,1008.2223109497296,511.15693999461445
294,0.103516,-507.466187,-1041.172607,1.0,1015.7767539497296,509.00816699461444
295,0.111328,-507.451111,-1039.545166,1.0,1129.4900109497298,498.56703499461446
296,0.111328,-507.426788,-1037.951904,1.0,1134.4510709497295,500.02040399461447
297,0.101562,-507.396057,-1036.494385,1.0,1155.3905239497294,499.9936709946145
298,0.101562,-507.357727,-1035.048828,1.0,1167.9984339497296,501.47304099461445
299,0.101562,-507.312592,-1033.623047,1.0,1176.1400349497299,492.31575299461446
300,0.111328,-507.254578,-1032.052246,1.0,1181.1843469497298,485.00825799461444
301,0.101562,-507.195282,-1030.642212,1.0,1187.0837609497298,483.39412199461447
302,0.101562,-507.12851,-1029.224854,1.0,1029.3256429497296,467.19676499461445
303,0.101562,-507.054626,-1027.80957,1.0,1028.2773639497295,459.11741999461447
304,0.105469,-506.971466,-1026.364624,1.0,1031.9207969497297,454.7184329946145
305,0.107422,-506.878571,-1024.891724,1.0,1035.9203089497296,447.4933349946145
306,0.107422,-506.778107,-1023.437256,1.0,1038.3105069497296,439.01088299461446
307,0.107422,-506.668579,-1021.988525,1.0,1039.2485559497295,443.65681799461447
308,0.107422,-506.547913,-1020.539185,1.0,1038.9460049497297,437.4436219946145
309,0.107422,-506.415771,-1019.128113,1.0,1044.5551969497296,435.48213499461446
310,0.103516,-506.267639,-1017.740112,1.0,1046.8016559497296,426.4706609946145
311,0.105469,-506.1008,-1016.371582,1.0,1086.1810509497295,449.17463999461444
312,0.101562,-505.916138,-1015.037598,1.0,1098.9033409497297,466.46788299461446
313,0.103516,-505.707367,-1013.694763,1.0,1093.6599329497299,463.1737859946145
314,0.103516,-505.478546,-1012.367798,1.0,1422.7088829497297,547.2416569946145
315,0.103516,-505.22998,-1011.051453,1.0,1424.2935999497295,540.6646609946145
316,0.103516,-504.964783,-1009.755127,1.0,1419.6665249497296,546.4163999946145
317,0.105469,-504.680328,-1008.463745,1.0,1289.6107379497298,503.36546599461445
318,0.105469,-504.378723,-1007.185974,1.0,1098.7793179497298,482.19291999461444
319,0.105469,-504.070435,-1005.962646,1.0,1096.7741909497295,482.19502599461447
320,0.107422,-503.743225,-1004.742126,1.0,1071.7061969497295,470.12892499461447
321,0.109375,-503.400208,-1003.535767,1.0,1050.7496549497296,463.1985349946145
322,0.107422,-503.03894,-1002.334961,1.0,1049.2845669497297,456.9297979946145
323,0.109375,-502.66217,-1001.149353,1.0,1044.7790729497297,439.31343399461446
324,0.105469,-502.275696,-999.996826,1.0,1048.7234699497296,445.34273099461444
325,0.109375,-501.86795,-998.842346,1.0,1044.4576009497296,440.8330569946145
326,0.107422,-501.447418,-997.710205,1.0,1036.4677939497296,447.22508599461446
327,0.101562,-501.036102,-996.654663,1.0,1082.9154259497295,496.47630599461445
328,0.109375,-500.581543,-995.5401,1.0,1072.0350549497298,480.9781369946145
329,0.111328,-500.107605,-994.429382,1.0,1064.8617149497295,474.5189389946145
330,0.109375,-499.624817,-993.346375,1.0,1057.6401569497298,468.71773099461444
331,0.109375,-499.127472,-992.276001,1.0,1053.6906949497297,464.7595699946145
332,0.109375,-498.616547,-991.219604,1.0,1045.4807949497297,456.61101099461445
333,0.109375,-498.091095,-990.175049,1.0,1119.0924279497294,478.59312799461446
334,0.113281,-497.543518,-989.127502,1.0,1148.0466519497295,482.12010499461445
335,0.103516,-497.028717,-988.177307,1.0,1142.8408409497297,477.75197199461445
336,0.101562,-496.511902,-987.252686,1.0,1160.0721639497297,483.99769899461444
337,0.101562,-495.997559,-986.357178,1.0,1159.0018519497298,485.33977099461447
338,0.111328,-495.416962,-985.368103,1.0,1158.0269979497298,483.3091919946145
339,0.111328,-494.837006,-984.395081,1.0,1160.1765339497297,478.03938599461446
340,0.101562,-494.312988,-983.52533,1.0,1163.7904259497295,476.3121219946145
341,0.101562,-493.779022,-982.649658,1.0,1157.7971399497296,478.85499899461445
342,0.103516,-493.246185,-981.788208,1.0,1159.9889119497298,473.84401299461445
343,0.103516,-492.697418,-980.91687,1.0,1160.4546109497296,472.9954709946145
344,0.105469,-492.135498,-980.044006,1.0,1010.7532559497297,494.4501529946145
345,0.105469,-491.578461,-979.200562,1.0,1008.8488369497296,481.92982799461447
346,0.101562,-491.021393,-978.379028,1.0,993.6713459497296,482.12398099461444
347,0.101562,-490.461517,-977.574524,1.0,991.9624229497297,476.86580199461446
348,0.103516,-489.890228,-976.773621,1.0,984.9540609497296,475.82203999461444
349,0.103516,-489.312195,-975.980225,1.0,987.1856899497296,463.50514499461445
350,0.103516,-488.72879,-975.193726,1.0,982.7502649497296,459.4386479946145
351,0.105469,-488.142151,-974.414307,1.0,1030.8831989497296,461.91585099461446
352,0.103516,-487.55542,-973.644348,1.0,1129.2270719497296,475.88621799461447
353,0.101562,-486.976501,-972.892822,1.0,1129.2425739497298,482.7863649946145
354,0.103516,-486.393738,-972.143372,1.0,1129.5943809497298,481.85792899461444
355,0.103516,-485.809113,-971.398743,1.0,1125.0318809497298,477.15660399461444
356,0.105469,-485.217346,-970.653625,1.0,987.1948449497296,373.2417789946145
357,0.105469,-484.615356,-969.905823,1.0,931.4580289497296,334.33101199461447
358,0.105469,-484.005127,-969.15918,1.0,937.3148399497296,332.13511999461446
359,0.107422,-483.385345,-968.412842,1.0,1025.4005329497295,426.3356199946145
360,0.107422,-482.749756,-967.660095,1.0,1067.3972379497295,480.7932309946145
361,0.107422,-482.105103,-966.909485,1.0,1066.1511439497294,485.64644199461446
362,0.111328,-481.430847,-966.138062,1.0,1061.1699429497298,482.23994799461445
363,0.109375,-480.751648,-965.374573,1.0,1050.8885709497297,490.55714699461447
364,0.107422,-480.068329,-964.620605,1.0,1046.9366049497296,481.8167299946145
365,0.107422,-479.377716,-963.873169,1.0,1050.9722499497298,485.24525799461446
366,0.109375,-478.671906,-963.124329,1.0,1045.1576139497297,490.1524229946145
367,0.107422,-477.948425,-962.372498,1.0,1043.8470669497297,480.12602599461445
368,0.111328,-477.209991,-961.621216,1.0,1041.3059899497298,486.04094299461445
369,0.107422,-476.464264,-960.879333,1.0,913.4026089497296,329.72816799461447
370,0.113281,-475.680084,-960.116821,1.0,909.9989219497296,317.3090089946145
371,0.109375,-474.903442,-959.379578,1.0,1137.5326139497297,489.14592299461447
372,0.109375,-474.108368,-958.642395,1.0,1141.0285849497295,494.90297299461446
373,0.111328,-473.283813,-957.896423,1.0,1135.9321499497296,491.1495849946145
374,0.113281,-472.437164,-957.149048,1.0,1131.7321979497297,488.09401299461445
375,0.111328,-471.598145,-956.426392,1.0,1128.8983359497297,490.49168699461444
376,0.109375,-470.757874,-955.71991,1.0,1122.2462369497298,473.3445619946145
377,0.107422,-469.909698,-955.023743,1.0,1091.4864709497297,490.3395879946145
378,0.109375,-469.041168,-954.32782,1.0,1091.3373009497295,494.36046199461447
379,0.109375,-468.164581,-953.6427,1.0,1082.8386439497294,505.58421599461445
380,0.109375,-467.274994,-952.964478,1.0,1072.1296589497297,503.89244399461444
381,0.109375,-466.374908,-952.295471,1.0,1068.1650599497298,497.2732119946145
382,0.109375,-465.458679,-951.631348,1.0,1068.5966999497296,490.68828099461444
383,0.107422,-464.543121,-950.984741,1.0,1065.2381799497298,497.9528989946145
384,0.107422,-463.615479,-950.346252,1.0,592.6939899497296,371.96934799461445
385,0.107422,-462.686584,-949.723328,1.0,575.2503259497296,385.23497299461445
386,0.107422,-461.752563,-949.11322,1.0,359.22325694972966,372.2297549946145
387,0.105469,-460.806915,-948.51178,1.0,351.1917319497296,375.15954899461445
388,0.107422,-459.836792,-947.911133,1.0,365.6263939497296,374.4943269946144
389,0.107422,-458.867218,-947.327209,1.0,365.21916694972964,377.30105899461444
390,0.109375,-457.859467,-946.737244,1.0,391.36800194972966,383.3833339946145
391,0.109375,-456.851227,-946.163818,1.0,913.0249839497296,448.1867559946145
392,0.107422,-455.840668,-945.605713,1.0,1214.1058559497296,493.33198899461445
393,0.105469,-454.826843,-945.062073,1.0,1139.9154259497295,501.2362859946145
394,0.107422,-453.797394,-944.526672,1.0,1134.3602499497297,502.39921899461444
395,0.113281,-452.713684,-943.980347,1.0,1131.7584439497296,495.8980289946145
396,0.111328,-451.617493,-943.445557,1.0,1122.7279259497295,500.01912199461447
397,0.113281,-450.502594,-942.918823,1.0,1128.8906459497298,498.92915699461446
398,0.113281,-449.387848,-942.408752,1.0,1115.2977499497297,499.40083599461445
399,0.111328,-448.260986,-941.908264,1.0,1110.0075889497298,491.4563479946145
400,0.113281,-447.115967,-941.412659,1.0,1239.8805139497294,538.2656429946144
401,0.113281,-445.972046,-940.928528,1.0,1227.0483609497296,543.5858949946145
402,0.111328,-444.827698,-940.452881,1.0,1219.3770959497297,547.5393859946145
403,0.113281,-443.66861,-939.977356,1.0,1090.4369099497299,502.0441469946145
404,0.101562,-442.629547,-939.555969,1.0,1054.0235799497295,487.3330569946145
405,0.113281,-441.449493,-939.085693,1.0,609.3568319497297,434.59736999461444
406,0.115234,-440.262299,-938.623047,1.0,379.1605739497296,403.0618469946145
407,0.115234,-439.048798,-938.162903,1.0,386.1670129497296,401.19729899461447
408,0.115234,-437.837189,-937.717041,1.0,345.85060694972964,377.21031499461446
409,0.115234,-436.608978,-937.278809,1.0,348.7796229497296,383.11746499461447
410,0.101562,-435.520447,-936.901123,1.0,1039.1565759497296,484.33479599461447
411,0.103516,-434.4245,-936.530701,1.0,1129.3377889497297,483.72722199461447
412,0.115234,-433.176514,-936.121033,1.0,1125.8069049497294,475.24232799461447
413,0.105469,-432.03949,-935.759277,1.0,1119.2057089497298,474.05339399461445
414,0.105469,-430.892761,-935.406128,1.0,1121.7325649497297,480.02739299461444
415,0.105469,-429.7388,-935.063477,1.0,1100.6419879497298,484.97654999461446
416,0.103516,-428.596039,-934.738037,1.0,1080.8576869497297,488.92204599461445
417,0.105469,-427.429047,-934.420776,1.0,1078.3373009497295,498.0065489946145
418,0.105469,-426.258575,-934.11853,1.0,1070.2733359497297,491.08333099461447
419,0.109375,-425.033966,-933.818787,1.0,1136.8701379497297,538.5595889946144
420,0.107422,-423.820953,-933.538452,1.0,1119.0971889497296,522.7266109946145
421,0.103516,-422.642456,-933.282654,1.0,1149.5478719497296,527.2814819946145
422,0.103516,-421.460449,-933.042603,1.0,1133.3192349497294,528.5078609946145
423,0.105469,-420.276917,-932.819397,1.0,1121.0150349497299,522.2953069946145
424,0.103516,-419.086792,-932.612427,1.0,1110.6613979497297,519.1306949946145
425,0.103516,-417.889954,-932.421692,1.0,1103.0550739497298,516.5811039946145
426,0.109375,-416.62265,-932.238342,1.0,1094.2571009497296,522.5629459946144
427,0.107422,-415.374908,-932.075745,1.0,1077.0777799497296,517.9449949946145
428,0.105469,-414.143311,-931.931885,1.0,1034.7837729497296,485.2839539946145
429,0.111328,-412.835968,-931.795532,1.0,1025.1550499497298,489.37910799461446
430,0.105469,-411.581085,-931.678162,1.0,1014.7584439497297,489.32029999461446
431,0.105469,-410.349548,-931.572937,1.0,1012.0059409497296,491.8626889946145
432,0.117188,-408.977325,-931.462524,1.0,1000.3263149497296,521.1906619946144
433,0.105469,-407.723724,-931.364258,1.0,995.1715299497297,518.2965269946144
434,0.107422,-406.451599,-931.264221,1.0,992.6848349497296,518.6502869946145
435,0.105469,-405.20401,-931.165833,1.0,987.7481899497296,518.5818669946145
436,0.105469,-403.940186,-931.067261,1.0,987.3068439497297,514.0473209946144
437,0.107422,-402.664581,-930.970642,1.0,1024.9721889497296,485.69032599461445
438,0.105469,-401.401154,-930.8797,1.0,1446.8300989497297,140.25260099461445
439,0.105469,-400.149475,-930.795715,1.0,1339.2498989497294,200.24730999461445
440,0.105469,-398.892426,-930.718445,1.0,1011.5433559497296,470.4348629946145
441,0.105469,-397.624542,-930.649475,1.0,993.4619349497297,477.7617979946145
442,0.105469,-396.359741,-930.591309,1.0,947.4367879497296,498.4074889946145
443,0.103516,-395.09964,-930.544678,1.0,942.8710529497297,489.41585099461446
444,0.103516,-393.858521,-930.510193,1.0,936.0391439497297,493.29393299461447
445,0.103516,-392.597778,-930.486633,1.0,991.0552579497296,541.6826659946145
446,0.103516,-391.346588,-930.474304,1.0,987.0959069497296,545.8597899946144
447,0.103516,-390.093048,-930.470886,1.0,984.5120449497297,538.6038389946145
448,0.103516,-388.834167,-930.470703,1.0,974.7599689497297,540.5183289946144
449,0.103516,-387.578308,-930.467407,1.0,974.7943319497297,546.8637569946145
450,0.103516,-386.313599,-930.455139,1.0,990.0315759497296,543.9931829946145
451,0.105469,-385.03067,-930.431152,1.0,996.0218709497296,546.3576539946145
452,0.103516,-383.76593,-930.397827,1.0,997.2337849497296,538.0403929946144
453,0.101562,-382.516571,-930.358459,1.0,998.0489709497297,532.2572509946144
454,0.113281,-381.127106,-930.310669,1.0,998.5095419497296,528.4592469946144
455,0.113281,-379.732178,-930.261414,1.0,996.9277549497297,527.1712219946145
456,0.101562,-378.481079,-930.216919,1.0,996.1368619497297,528.4904659946144
457,0.101562,-377.231812,-930.171631,1.0,1003.4413049497297,536.5464049946145
458,0.101562,-375.98233,-930.124756,1.0,1000.5750939497296,526.8110539946144
459,0.103516,-374.745331,-930.076538,1.0,1004.1916709497297,529.7858769946145
460,0.101562,-373.526947,-930.027405,1.0,1001.3047689497297,512.7901189946144
461,0.101562,-372.308014,-929.977539,1.0,960.6916099497296,526.8687619946145
462,0.101562,-371.100494,-929.927979,1.0,962.5247399497297,522.5787539946145
463,0.101562,-369.917755,-929.880371,1.0,1010.5277919497296,544.6342959946145
464,0.101562,-368.734222,-929.834717,1.0,1012.2943319497297,532.5039249946144
465,0.101562,-367.569366,-929.791992,1.0,1009.0970669497297,536.4601929946145
466,0.101562,-366.414185,-929.751953,1.0,1003.5302939497296,526.0565369946145
467,0.109375,-365.225098,-929.713074,1.0,1000.7180379497296,526.4423099946144
468,0.101562,-364.155426,-929.679871,1.0,1009.0795499497297,540.0341069946145
469,0.103516,-363.147949,-929.649902,1.0,1012.0789389497296,529.5421329946145
470,0.101562,-362.233307,-929.623779,1.0,1006.2852379497297,531.0492129946144
471,0.113281,-361.299988,-929.598389,1.0,1007.5296839497296,516.9799679946145
472,0.115234,-360.488098,-929.577148,1.0,1005.7437339497296,519.7092159946144
473,0.115234,-359.789825,-929.559631,1.0,1006.4140219497297,508.67900399461445
474,0.113281,-359.222565,-929.545898,1.0,1004.1550499497297,515.3728519946144
475,0.115234,-358.77948,-929.535706,1.0,1019.9183559497296,516.9295229946144
476,0.111328,-358.4599,-929.528381,1.0,1014.7383019497296,515.2913999946145
477,0.115234,-358.254211,-929.523926,1.0,1010.7227989497296,517.9135319946145
478,0.115234,-358.166443,-929.521973,1.0,1014.8784999497296,521.1372559946144
479,0.113281,-358.164062,-929.521912,1.0,908.6422329497296,328.6594729946145
480,0.113281,-358.177734,-929.522034,1.0,905.4847009497296,320.1305879946145
481,0.113281,-358.186951,-929.522034,1.0,905.2349449497297,310.75670199461445
482,0.113281,-358.187012,-929.522034,1.0,915.9328819497297,473.5935239946145
483,0.115234,-358.18222,-929.521973,1.0,920.5572109497297,488.16191399461445
484,0.113281,-358.176239,-929.521973,1.0,921.5114339497296,492.85264899461447
485,0.113281,-358.169708,-929.521973,1.0,924.9309289497296,490.69917599461445
486,0.111328,-358.161255,-929.52179,1.0,919.3233239497297,493.87703299461447
487,0.113281,-358.147308,-929.521362,1.0,919.3731289497297,489.07649599461445
488,0.113281,-358.120758,-929.520691,1.0,1443.2940879497296,631.6970699946145
489,0.113281,-358.06897,-929.519653,1.0,1517.0333459497297,661.7841069946145
490,0.115234,-357.974701,-929.517395,1.0,1519.8805139497294,655.4478029946144
491,0.115234,-357.825653,-929.51416,1.0,1523.1938679497298,663.9571409946145
492,0.113281,-357.623657,-929.509583,1.0,967.9412439497296,415.86235399461447
493,0.113281,-357.369659,-929.503967,1.0,933.1237999497297,418.83525399461445
494,0.113281,-357.06134,-929.497253,1.0,963.4066979497296,484.26903099461447
495,0.113281,-356.700684,-929.48938,1.0,958.6921589497297,474.21831099461446
496,0.113281,-356.287964,-929.48053,1.0,970.6978969497296,482.4822569946145
497,0.101562,-355.877625,-929.471863,1.0,978.1654869497296,478.9838139946145
498,0.115234,-355.358734,-929.460876,1.0,977.2237759497297,470.79249899461445
499,0.111328,-354.797424,-929.449402,1.0,976.1986899497297,483.54439099461445
500,0.113281,-354.185181,-929.437134,1.0,973.6998499497296,462.69926799461444
501,0.113281,-353.512756,-929.42395,1.0,977.3240559497297,463.41997099461446
502,0.113281,-352.790405,-929.410278,1.0,981.8715419497296,466.2475469946145
503,0.113281,-352.020966,-929.395996,1.0,976.4507039497296,447.55983299461445
504,0.113281,-351.197174,-929.38147,1.0,978.5903529497297,437.86168199461446
505,0.113281,-350.32605,-929.366699,1.0,976.3203939497297,441.2461729946145
506,0.113281,-349.43219,-929.352356,1.0,970.2276209497296,442.9090459946145
507,0.101562,-348.683411,-929.341003,1.0,971.2000939497296,442.7211789946145
508,0.111328,-347.90271,-929.329773,1.0,973.0786339497297,445.74922499461445
509,0.111328,-347.173157,-929.320007,1.0,970.2868249497296,437.3660159946145
510,0.115234,-346.483521,-929.311523,1.0,978.5373129497297,425.65342999461444
511,0.103516,-345.922241,-929.304871,1.0,971.2643029497297,415.3542669946145
512,0.105469,-345.389832,-929.298828,1.0,971.3935139497296,400.74255699461446
513,0.113281,-344.853607,-929.293091,1.0,973.1509609497297,378.63931599461444
514,0.113281,-344.360199,-929.288208,1.0,968.7228599497296,395.06840799461446
515,0.109375,-343.924194,-929.284119,1.0,1100.6676229497298,467.44438499461444
516,0.111328,-343.505768,-929.280457,1.0,1087.9548549497295,461.94160799461446
517,0.113281,-343.100494,-929.276978,1.0,1097.7240199497296,458.2436099946145
518,0.101562,-342.737732,-929.274292,1.0,927.2483119497297,296.7307919946145
519,0.113281,-342.326996,-929.27124,1.0,961.1501669497296,317.8782689946145
520,0.113281,-341.919647,-929.268433,1.0,1184.0440879497296,485.58671899461444
521,0.105469,-341.547546,-929.266174,1.0,1185.6356409497298,501.08653599461445
522,0.111328,-341.148132,-929.263916,1.0,1182.9430139497294,497.3242979946145
523,0.115234,-340.751526,-929.261963,1.0,1179.1269739497297,498.49623399461444
524,0.113281,-340.356598,-929.260193,1.0,1169.5988979497297,496.80528599461445
525,0.101562,-340.013275,-929.259033,1.0,1149.5715539497296,420.39445799461447
526,0.101562,-339.712036,-929.258057,1.0,909.0499469497296,252.00792299461446
527,0.103516,-339.477539,-929.257446,1.0,919.8078209497296,258.77464599461445
528,0.103516,-339.340118,-929.257141,1.0,918.5060019497297,290.9226869946144
529,0.103516,-339.304291,-929.257141,1.0,916.8387659497297,290.7444799946145
530,0.103516,-339.314697,-929.257141,1.0,917.3277799497297,289.9313539946145
531,0.101562,-339.331207,-929.257141,1.0,919.2733969497297,295.57136899461443
532,0.101562,-339.340118,-929.25708,1.0,994.6783039497296,291.5495479946145
533,0.115234,-339.338684,-929.257019,1.0,1297.9908649497297,285.27655299461446
534,0.101562,-339.332703,-929.257019,1.0,1417.9686489497294,293.43905999461447
535,0.101562,-339.328339,-929.257019,1.0,1275.4398399497295,376.0367459946145
536,0.103516,-339.327728,-929.25708,1.0,1005.7217609497296,530.8461179946145
537,0.101562,-339.329529,-929.25708,1.0,1009.0025229497296,526.6901729946144
538,0.101562,-339.331512,-929.25708,1.0,1005.0288289497296,528.6857179946145
539,0.101562,-339.332275,-929.25708,1.0,1005.2683309497296,536.2738529946145
540,0.103516,-339.331726,-929.25708,1.0,981.5838829497296,554.7185549946145
541,0.103516,-339.330963,-929.25708,1.0,971.8765469497297,540.8030579946144
542,0.101562,-339.330475,-929.25708,1.0,977.7857869497296,549.7366209946144
543,0.101562,-339.330536,-929.25708,1.0,973.2290249497296,534.1677429946144
544,0.103516,-339.330902,-929.257141,1.0,947.4339809497296,489.9896419946145
545,0.101562,-339.331177,-929.25708,1.0,163.62131294972963,471.5859859946145
546,0.101562,-339.331177,-929.25708,1.0,130.63990594972964,632.3743169946144
547,0.101562,-339.331146,-929.25708,1.0,143.43593394972964,628.4252809946145
548,0.101562,-339.331055,-929.25708,1.0,232.43143194972964,651.8285399946144
549,0.101562,-339.331055,-929.25708,1.0,971.3608609497296,629.0882139946145
550,0.113281,-339.331055,-929.257019,1.0,972.1283169497297,617.6546509946145
551,0.101562,-339.331085,-929.25708,1.0,972.1283169497297,617.6546509946145
552,0.101562,-339.331085,-929.25708,1.0,972.1283169497297,617.6546509946145
553,0.101562,-339.331085,-929.25708,1.0,938.0496419497297,291.1655919946145
554,0.113281,-339.331085,-929.25708,1.0,924.5205289497296,273.36228499461447
555,0.101562,-339.331085,-929.25708,1.0,919.1839199497297,290.98361499461447
556,0.113281,-339.331085,-929.25708,1.0,790.6931359497296,512.6761659946144
557,0.113281,-339.331085,-929.25708,1.0,778.2875569497296,533.4057799946145
558,0.113281,-339.331085,-929.25708,1.0,764.3933309497296,559.5388369946145
559,0.105469,-339.331085,-929.25708,1.0,766.4597379497296,515.0228459946145
560,0.113281,-339.331085,-929.25708,1.0,796.3289999497297,522.1460759946144
561,0.113281,-339.331085,-929.25708,1.0,808.3913779497296,511.4771299946145
562,0.113281,-339.331085,-929.25708,1.0,811.9511929497296,557.1792179946144
563,0.113281,-339.331085,-929.25708,1.0,834.3466999497297,557.1162899946145
564,0.101562,-339.331085,-929.25708,1.0,844.4989219497296,548.5092959946145
565,0.115234,-339.331085,-929.257141,1.0,852.2066249497296,550.9876589946145
566,0.113281,-339.331085,-929.25708,1.0,897.7389729497296,473.24595999461445
567,0.101562,-339.331085,-929.25708,1.0,935.0819299497297,324.68208599461445
568,0.115234,-339.331085,-929.25708,1.0,929.6742759497297,326.69902399461444
569,0.115234,-339.331085,-929.25708,1.0,931.5250449497296,318.9880709946145
570,0.101562,-339.331085,-929.25708,1.0,926.2745569497297,316.50061399461447
571,0.113281,-339.331055,-929.25708,1.0,952.7431849497297,502.0533329946145
572,0.115234,-339.331085,-929.25708,1.0,949.6170249497296,507.15993099461446
573,0.113281,-339.331085,-929.25708,1.0,956.4986779497297,507.05638399461446
574,0.101562,-339.331085,-929.25708,1.0,964.9187219497296,511.31242699461444
575,0.101562,-339.331085,-929.25708,1.0,953.6420499497297,505.69502599461447
576,0.113281,-339.331085,-929.257141,1.0,965.7987879497297,513.7357669946146
577,0.113281,-339.331085,-929.25708,1.0,850.6208699497297,508.39696099461446
578,0.111328,-339.331085,-929.25708,1.0,857.4859219497297,513.5760989946145
579,0.101562,-339.331085,-929.25708,1.0,865.2243249497296,511.71687599461444
580,0.101562,-339.331085,-929.25708,1.0,863.6434529497296,511.93278799461444
581,0.111328,-339.331085,-929.25708,1.0,874.8224689497297,504.04344499461445
582,0.111328,-339.331085,-929.25708,1.0,885.3385829497296,508.9908329946145
583,0.113281,-339.331085,-929.25708,1.0,893.3534749497296,507.7566409946145
584,0.113281,-339.331085,-929.25708,1.0,897.1624959497296,502.56727899461447
585,0.113281,-339.331085,-929.25708,1.0,905.0246789497296,500.14171199461447
586,0.111328,-339.331085,-929.25708,1.0,911.2267659497296,499.3910099946145
587,0.115234,-339.331085,-929.25708,1.0,978.6294759497297,521.5318179946145
588,0.113281,-339.331085,-929.25708,1.0,940.0947469497296,511.02769799461447
589,0.115234,-339.331085,-929.25708,1.0,955.6949669497296,516.0225099946144
590,0.113281,-339.331085,-929.25708,1.0,961.2929279497297,516.4611999946144
591,0.115234,-339.331085,-929.257141,1.0,970.2630209497296,512.6429319946144
592,0.113281,-339.331085,-929.25708,1.0,1074.9179889497295,527.6541629946145
593,0.115234,-339.331085,-929.25708,1.0,1082.8103229497297,520.3339419946144
594,0.115234,-339.331116,-929.25708,1.0,1079.8833219497296,525.2646669946145
595,0.113281,-339.331085,-929.25708,1.0,1053.1498619497297,522.5585819946145
596,0.101562,-339.331085,-929.25708,1.0,1030.4385579497298,517.3899109946144
597,0.101562,-339.331055,-929.257019,1.0,1043.6323449497295,512.4266539946145
598,0.113281,-339.331085,-929.25708,1.0,1050.3117879497295,517.8166079946145
599,0.113281,-339.331085,-929.25708,1.0,1054.6912439497296,512.4364199946144
600,0.111328,-339.331055,-929.25708,1.0,1076.6963099497298,507.41166999461444
601,0.101562,-339.331085,-929.25708,1.0,1104.9574179497295,503.45799599461446
602,0.111328,-339.331085,-929.25708,1.0,1103.0455529497294,508.9726439946145
603,0.113281,-339.329865,-929.257019,1.0,1078.2520959497297,523.2786439946144
604,0.103516,-339.326508,-929.25708,1.0,1080.1128139497296,514.1692379946145
605,0.103516,-339.321045,-929.25708,1.0,1087.4674279497294,509.95695799461447
606,0.115234,-339.312073,-929.25708,1.0,1080.4349569497294,505.47081299461445
607,0.101562,-339.302124,-929.256958,1.0,1087.0050259497298,503.8909179946145
608,0.101562,-339.290161,-929.256714,1.0,1084.2772419497296,503.76399599461445
609,0.103516,-339.275238,-929.256348,1.0,1078.7304889497295,506.93794599461444
610,0.101562,-339.247131,-929.25592,1.0,1080.3744099497299,508.6310609946145
611,0.101562,-339.180206,-929.254883,1.0,1078.0584919497296,522.6743039946145
612,0.101562,-339.068207,-929.253052,1.0,1078.6495569497297,510.90519999461446
613,0.115234,-338.890808,-929.249817,1.0,993.7321369497297,500.34913999461446
614,0.109375,-338.669434,-929.245605,1.0,967.6379599497296,492.6682309946145
615,0.101562,-338.421539,-929.24054,1.0,955.2635709497297,520.1558109946145
616,0.101562,-338.132202,-929.233948,1.0,954.2222499497296,521.2680239946144
617,0.101562,-337.800751,-929.225952,1.0,956.7932339497296,521.2234679946145
618,0.113281,-337.372437,-929.214661,1.0,959.6365559497297,504.57655699461446
619,0.115234,-336.893097,-929.200745,1.0,967.5176599497296,503.46592999461444
620,0.101562,-336.420074,-929.185669,1.0,968.6893519497296,501.49434199461444
621,0.105469,-335.886383,-929.16748,1.0,964.3344319497296,498.60878299461444
622,0.113281,-335.257385,-929.144531,1.0,966.5315149497296,502.9139279946145
623,0.103516,-334.645844,-929.120911,1.0,961.5903529497297,511.57029999461446
624,0.103516,-333.983093,-929.094238,1.0,971.5105799497296,503.9554629946145
625,0.113281,-333.208679,-929.062195,1.0,957.6778769497297,492.08024899461446
626,0.101562,-332.46933,-929.03125,1.0,916.5277309497296,344.0245999946145
627,0.101562,-331.696106,-928.998718,1.0,910.5985309497296,345.69681099461445
628,0.113281,-330.763855,-928.960083,1.0,957.7196859497296,510.39860899461445
629,0.103516,-329.891052,-928.925232,1.0,952.3712979497296,512.3599729946145
630,0.101562,-328.99292,-928.891052,1.0,950.8364469497296,517.0829039946145
631,0.101562,-328.092957,-928.859558,1.0,952.9639489497297,511.82640399461445
632,0.115234,-327.070526,-928.828308,1.0,951.8899129497296,507.1278569946145
633,0.101562,-326.15567,-928.804443,1.0,947.4309899497297,512.6756169946145
634,0.113281,-325.099304,-928.781006,1.0,949.6946619497296,512.2490419946145
635,0.101562,-324.152863,-928.763306,1.0,946.3092859497297,498.80131899461446
636,0.103516,-323.192932,-928.747803,1.0,946.6715909497296,495.90480399461444
637,0.101562,-322.223572,-928.734009,1.0,936.2618619497297,497.9898259946145
638,0.113281,-321.106079,-928.720032,1.0,923.2330529497297,494.9742619946145
639,0.101562,-320.073914,-928.708435,1.0,929.3600059497296,488.51027199461447
640,0.101562,-319.00473,-928.69751,1.0,926.1416219497296,485.4373659946145
641,0.101562,-317.890503,-928.686951,1.0,926.5401209497296,471.90690899461447
642,0.113281,-316.580994,-928.674744,1.0,929.2774869497297,472.5138729946145
643,0.101562,-315.387756,-928.663818,1.0,932.3748379497297,470.3498719946145
644,0.115234,-314.003662,-928.65094,1.0,949.7008869497297,500.73393599461446
645,0.115234,-312.609985,-928.637634,1.0,952.2398279497296,494.24412899461447
646,0.101562,-311.362549,-928.625549,1.0,948.7600919497296,493.33745099461447
647,0.101562,-310.096008,-928.613281,1.0,949.7584439497297,492.05418699461444
648,0.101562,-308.836639,-928.601135,1.0,951.0202839497297,487.74666199461444
649,0.111328,-307.433197,-928.587708,1.0,935.4397789497297,473.2188599946145
650,0.109375,-306.031555,-928.574646,1.0,930.2219449497296,469.47575699461447
651,0.113281,-304.564209,-928.561401,1.0,926.4801839497296,465.1068299946145
652,0.113281,-303.069855,-928.548462,1.0,924.0896809497297,470.87810099461444
653,0.113281,-301.574127,-928.53595,1.0,1015.5583699497297,482.7010069946145
654,0.113281,-300.074432,-928.524292,1.0,1000.3965659497296,497.34520299461445
655,0.113281,-298.549316,-928.513062,1.0,1001.8574429497296,498.4406309946145
656,0.113281,-297.014343,-928.50238,1.0,952.4762779497296,535.3278079946144
657,0.113281,-295.467041,-928.492371,1.0,959.7080289497296,541.5886109946144
658,0.113281,-293.893799,-928.482727,1.0,949.4578449497296,538.8292119946145
659,0.105469,-292.419434,-928.474487,1.0,951.3871669497296,534.8133419946145
660,0.101562,-291.005798,-928.46759,1.0,935.7845669497297,487.09810199461447
661,0.103516,-289.537903,-928.463623,1.0,937.0222989497296,479.3344299946145
662,0.107422,-288.005096,-928.4646,1.0,940.1579189497296,477.5739629946145
663,0.105469,-286.469543,-928.471924,1.0,932.9220179497296,477.72465799461446
664,0.105469,-284.945343,-928.485046,1.0,1388.2125449497298,244.55883299461448
665,0.107422,-283.399872,-928.503418,1.0,1456.4045619497297,198.46629699461448
666,0.105469,-281.848328,-928.525269,1.0,955.4378869497297,534.4862859946145
667,0.103516,-280.313538,-928.548035,1.0,949.8475549497297,533.4266849946144
668,0.107422,-278.725616,-928.570923,1.0,950.9558309497296,534.6192199946145
669,0.105469,-277.138641,-928.592346,1.0,952.5136929497296,529.5321229946144
670,0.109375,-275.502747,-928.613037,1.0,949.8235679497296,529.2430909946145
671,0.107422,-273.876099,-928.632568,1.0,953.0726529497297,526.9087399946145
672,0.107422,-272.242554,-928.651306,1.0,956.4814659497297,526.2538329946144
673,0.107422,-270.583496,-928.669128,1.0,953.8306479497296,523.9721859946144
674,0.107422,-268.915466,-928.685669,1.0,956.9486899497297,521.2291139946144
675,0.107422,-267.256683,-928.699829,1.0,916.6854459497297,519.6849849946145
676,0.107422,-265.575928,-928.712097,1.0,920.3178309497297,527.6327699946145
677,0.109375,-263.85498,-928.722168,1.0,922.6593839497297,529.6771119946145
678,0.109375,-262.099762,-928.730225,1.0,919.5419519497297,529.3585689946144
679,0.107422,-260.316345,-928.736877,1.0,925.9692589497297,516.6835509946145
680,0.111328,-258.476837,-928.742493,1.0,915.3636679497297,294.6315949946145
681,0.109375,-256.600159,-928.747681,1.0,913.8372399497297,301.87944399461446
682,0.109375,-254.704208,-928.752869,1.0,946.7161459497296,516.4023929946145
683,0.105469,-252.880142,-928.757263,1.0,945.5943809497296,521.9489929946144
684,0.107422,-251.039642,-928.760132,1.0,944.9539389497296,512.7931399946144
685,0.109375,-249.128769,-928.760803,1.0,942.3559169497296,531.4222599946145
686,0.109375,-247.216812,-928.758179,1.0,939.7816979497296,529.0047489946145
687,0.109375,-245.293457,-928.751831,1.0,940.8336999497296,533.8145329946144
688,0.109375,-243.345596,-928.741516,1.0,941.0387169497296,527.6477539946145
689,0.109375,-241.385529,-928.727112,1.0,941.1727499497297,529.3154179946144
690,0.111328,-239.427246,-928.709595,1.0,937.6505329497296,528.1244999946144
691,0.107422,-237.474091,-928.689148,1.0,941.9326989497297,529.8284789946144
692,0.109375,-235.501617,-928.665955,1.0,943.3554889497296,528.4735599946144
693,0.113281,-233.452576,-928.639465,1.0,947.4088949497296,530.0754269946144
694,0.109375,-231.47139,-928.612488,1.0,938.1060389497296,496.18019399461446
695,0.109375,-229.4655,-928.585999,1.0,908.8791709497297,300.8813659946145
696,0.111328,-227.458954,-928.563354,1.0,906.2636929497296,306.7399169946145
697,0.113281,-225.371872,-928.546204,1.0,905.3598839497297,298.9705079946145
698,0.115234,-223.237778,-928.536255,1.0,954.1176969497296,543.0904119946144
699,0.109375,-221.183441,-928.532959,1.0,954.9607139497297,546.1276119946144
700,0.111328,-219.1147,-928.533875,1.0,950.5230919497296,543.4415159946145
701,0.111328,-217.046402,-928.536865,1.0,950.5907799497296,540.6213259946144
702,0.109375,-214.98761,-928.539978,1.0,951.8752039497297,544.3979979946145
703,0.107422,-212.94812,-928.542358,1.0,951.9320889497296,546.5682249946144
704,0.109375,-210.902283,-928.543762,1.0,949.7259119497296,541.9247929946144
705,0.101562,-208.955841,-928.544617,1.0,947.6947229497297,537.7576779946145
706,0.103516,-206.983948,-928.545471,1.0,946.4808559497296,539.9406919946144
707,0.109375,-204.892563,-928.546875,1.0,948.9182949497297,532.1140629946144
708,0.101562,-202.94249,-928.548462,1.0,947.5033779497296,528.8217959946145
709,0.101562,-201.024292,-928.550232,1.0,946.5495809497296,522.8169739946145
710,0.101562,-199.091629,-928.552246,1.0,952.2553309497297,516.6088749946144
711,0.101562,-197.148438,-928.554138,1.0,956.1891079497296,515.1998479946144
712,0.103516,-195.204605,-928.555725,1.0,954.7114469497296,518.7868529946145
713,0.103516,-193.241364,-928.557312,1.0,959.7619229497296,516.5992309946145
714,0.107422,-191.243073,-928.558838,1.0,959.4295859497296,510.22252199461445
715,0.101562,-189.336746,-928.560303,1.0,968.7819419497297,506.77626399461445
716,0.103516,-187.400589,-928.56189,1.0,958.7146199497297,509.5315429946145
717,0.101562,-185.467728,-928.563416,1.0,959.2978109497296,512.1274289946145
718,0.101562,-183.572205,-928.565063,1.0,960.5212609497296,512.8941219946145
719,0.103516,-181.641495,-928.56665,1.0,960.6325889497297,514.5751219946144
720,0.103516,-179.734634,-928.568176,1.0,966.3172199497296,507.80647599461446
721,0.103516,-177.85199,-928.569824,1.0,967.8293049497296,505.95125099461444
722,0.101562,-176.043671,-928.571289,1.0,968.9502159497297,495.08290399461447
723,0.101562,-174.282074,-928.572876,1.0,975.1961879497296,490.72517699461446
724,0.101562,-172.603119,-928.57428,1.0,950.9953819497297,490.1282839946145
725,0.113281,-170.769135,-928.575623,1.0,951.8270469497296,489.41087699461445
726,0.115234,-169.006561,-928.577026,1.0,953.6802579497296,479.4404479946145
727,0.115234,-167.33374,-928.57843,1.0,952.6118979497296,478.93553499461444
728,0.105469,-165.888611,-928.579712,1.0,919.0136319497296,510.6532779946145
729,0.111328,-164.500366,-928.58075,1.0,922.5661219497297,506.52556199461446
730,0.109375,-163.248596,-928.581787,1.0,920.8476769497296,498.46931799461447
731,0.109375,-162.127304,-928.582825,1.0,916.7442219497296,493.4934269946145
732,0.107422,-161.140259,-928.583618,1.0,919.7074179497297,481.4626949946145
733,0.103516,-160.313797,-928.584229,1.0,915.6709189497296,481.1585879946145
734,0.101562,-159.601562,-928.584839,1.0,508.99525994972964,534.5321839946145
735,0.105469,-158.976669,-928.585449,1.0,502.39275094972965,551.7379639946145
736,0.103516,-158.454529,-928.585754,1.0,900.6248379497297,382.10423599461444
737,0.101562,-158.042374,-928.586182,1.0,941.7191979497296,368.12555299461445
738,0.103516,-157.730652,-928.58606,1.0,909.6413779497296,318.90993099461446
739,0.101562,-157.519745,-928.586182,1.0,916.2121179497296,319.7379029946145
740,0.105469,-157.413834,-928.58606,1.0,909.3986409497296,367.32582399461444
741,0.101562,-157.399094,-928.58606,1.0,914.5592249497296,367.9015229946144
742,0.103516,-157.411057,-928.585999,1.0,976.7171839497296,414.47322399461444
743,0.103516,-157.424194,-928.585999,1.0,1029.5295619497297,471.3322939946145
744,0.103516,-157.428955,-928.58606,1.0,1030.5311489497296,473.10954599461445
745,0.109375,-157.425812,-928.58606,1.0,1031.1637779497296,469.5372189946145
746,0.103516,-157.420715,-928.58606,1.0,1020.8618369497296,478.11406299461447
747,0.103516,-157.417908,-928.58606,1.0,1028.3680019497297,481.6578249946145
748,0.101562,-157.418198,-928.58606,1.0,1022.6040859497297,472.59904799461447
749,0.105469,-157.419983,-928.58606,1.0,897.6207479497297,320.8521299946145
750,0.101562,-157.421387,-928.58606,1.0,881.3725789497296,282.6871979946145
751,0.103516,-157.421555,-928.58606,1.0,847.8319909497296,370.5922879946145
752,0.103516,-157.420944,-928.58606,1.0,814.8757529497296,453.7446169946145
753,0.103516,-157.420319,-928.58606,1.0,825.0097859497297,446.67476199461447
754,0.103516,-157.420074,-928.585999,1.0,803.3288779497296,470.92082499461446
755,0.103516,-157.420242,-928.58606,1.0,647.4669399497296,465.26027199461447
756,0.105469,-157.420547,-928.58606,1.0,471.73143594972964,470.6483029946145
757,0.105469,-157.42067,-928.58606,1.0,486.07018094972966,466.5153079946145
758,0.103516,-157.420654,-928.585999,1.0,491.16814194972966,468.9878419946145
759,0.105469,-157.420517,-928.58606,1.0,488.89488794972965,469.58479599461447
760,0.105469,-157.420456,-928.58606,1.0,467.64354494972963,480.9418209946145
761,0.103516,-157.420456,-928.58606,1.0,893.8825889497297,404.38531799461447
762,0.107422,-157.420486,-928.58606,1.0,930.3185629497297,401.7538939946145
763,0.105469,-157.420486,-928.585999,1.0,934.2277429497296,342.31215199461445
764,0.105469,-157.420502,-928.58606,1.0,928.0592859497297,297.5265379946145
765,0.103516,-157.420486,-928.58606,1.0,987.9605309497297,592.3924749946145
766,0.105469,-157.420486,-928.58606,1.0,977.4216519497296,600.2488589946145
767,0.101562,-157.420486,-928.58606,1.0,969.8971149497296,637.3164249946144
768,0.101562,-157.420502,-928.58606,1.0,950.9943439497297,674.5032229946145
769,0.101562,-157.420471,-928.58606,1.0,838.5748499497296,659.5835149946145
770,0.101562,-157.420486,-928.58606,1.0,283.8822229497297,557.6501039946145
771,0.103516,-157.420486,-928.58606,1.0,286.8856709497296,559.9613529946145
772,0.107422,-157.420486,-928.58606,1.0,279.2990319497296,559.0903809946144
773,0.101562,-157.420486,-928.58606,1.0,174.10284994972963,517.1548339946145
774,0.113281,-157.420486,-928.58606,1.0,181.92947894972963,508.49885899461447
775,0.101562,-157.420486,-928.58606,1.0,181.76268594972964,508.2324399946145
776,0.101562,-157.420486,-928.58606,1.0,188.57988494972963,507.41972699461445
777,0.103516,-157.420486,-928.58606,1.0,605.8242389497296,407.3276549946145
778,0.101562,-157.420486,-928.58606,1.0,875.3557339497296,346.3836699946145
779,0.105469,-157.420486,-928.58606,1.0,888.2187099497296,332.8483459946145
780,0.103516,-157.420486,-928.58606,1.0,894.7840779497296,334.6304659946145
781,0.101562,-157.420486,-928.58606,1.0,901.9707239497296,333.70627199461444
782,0.103516,-157.420486,-928.58606,1.0,901.2610679497296,340.87077699461446
783,0.101562,-157.420486,-928.58606,1.0,961.4240319497296,538.1108889946145
784,0.101562,-157.420486,-928.58606,1.0,962.6870319497297,556.7168459946145
785,0.101562,-157.420486,-928.58606,1.0,961.4409999497296,565.2574649946145
786,0.101562,-157.420502,-928.58606,1.0,968.3225919497296,562.1434819946145
787,0.115234,-157.420486,-928.58606,1.0,969.5672809497296,558.7452269946145
788,0.101562,-157.420486,-928.58606,1.0,1009.7520959497297,577.5050839946144
789,0.101562,-157.420486,-928.58606,1.0,1021.0054529497296,578.6707029946144
790,0.101562,-157.420486,-928.58606,1.0,1013.9992879497296,583.3995549946144
791,0.101562,-157.420486,-928.58606,1.0,1011.2016199497297,577.0441469946145
792,0.113281,-157.420486,-928.58606,1.0,1020.1620079497296,577.3975399946145
793,0.107422,-157.420502,-928.58606,1.0,1018.8098959497296,581.2050049946145
794,0.101562,-157.420486,-928.58606,1.0,1015.8487149497296,585.1959719946144
795,0.105469,-157.420471,-928.58606,1.0,1012.5878499497296,581.2193789946145
796,0.101562,-157.420486,-928.58606,1.0,1011.1286219497297,578.2140689946145
797,0.103516,-157.420486,-928.58606,1.0,1011.0103969497296,574.0217469946144
798,0.103516,-157.420486,-928.58606,1.0,315.09303794972965,558.6934689946145
799,0.101562,-157.420502,-928.586121,1.0,302.0793359497296,568.4873839946144
800,0.103516,-157.420486,-928.58606,1.0,231.30641694972965,633.7277099946145
801,0.115234,-157.420486,-928.58606,1.0,231.61023494972963,633.6739989946145
802,0.101562,-157.420471,-928.58606,1.0,409.4133809497296,649.2200809946145
803,0.105469,-157.420486,-928.58606,1.0,788.3496909497296,665.0739629946145
804,0.105469,-157.420486,-928.58606,1.0,789.2858479497296,660.9320249946145
805,0.103516,-157.420486,-928.58606,1.0,909.9762169497296,278.20905599461446
806,0.103516,-157.420486,-928.58606,1.0,909.8767299497297,272.39422199461444
807,0.105469,-157.420486,-928.58606,1.0,903.3460289497297,303.57178099461447
808,0.107422,-157.420486,-928.58606,1.0,910.5847379497296,296.06921699461446
809,0.107422,-157.420486,-928.58606,1.0,914.0022789497297,305.7752409946145
810,0.111328,-157.420486,-928.58606,1.0,920.1463829497296,294.60983599461446
811,0.105469,-157.420502,-928.58606,1.0,915.3890589497296,300.61046199461447
812,0.107422,-157.420486,-928.58606,1.0,947.0831509497297,559.8672669946145
813,0.105469,-157.420486,-928.58606,1.0,951.8321739497296,564.7727849946145
814,0.107422,-157.420486,-928.58606,1.0,366.2911279497296,512.4682189946145
815,0.105469,-157.420486,-928.58606,1.0,370.31111694972964,506.3617129946145
816,0.107422,-157.420486,-928.58606,1.0,368.10966994972966,503.22816799461447
817,0.107422,-157.420486,-928.58606,1.0,197.96556594972964,489.84895599461447
818,0.105469,-157.420486,-928.58606,1.0,198.63325994972965,483.1811099946145
819,0.105469,-157.420471,-928.585999,1.0,146.77448094972965,472.4503359946145
820,0.105469,-157.420486,-928.58606,1.0,84.06845594972964,453.08491799461444
821,0.107422,-157.420486,-928.58606,1.0,90.64853494972964,453.5216549946145
822,0.107422,-157.420486,-928.58606,1.0,722.8053189497297,572.7548099946144
823,0.107422,-157.420486,-928.58606,1.0,770.7225549497297,584.7929869946145
824,0.109375,-157.420502,-928.58606,1.0,921.6905109497296,638.3520689946145
825,0.109375,-157.420486,-928.58606,1.0,933.2840169497297,633.5627319946145
826,0.107422,-157.420486,-928.58606,1.0,925.4841519497296,363.43312399461445
827,0.107422,-157.420502,-928.58606,1.0,931.2854209497297,307.1833379946145
828,0.107422,-157.420486,-928.58606,1.0,927.4314779497296,308.73048699461447
829,0.109375,-157.420486,-928.58606,1.0,931.2536219497297,305.95532499461444
830,0.105469,-157.420486,-928.58606,1.0,929.4174399497297,309.2116119946145
831,0.107422,-157.420486,-928.58606,1.0,923.3037929497297,307.84878899461444
832,0.107422,-157.420486,-928.58606,1.0,921.2658289497297,302.54654299461447
833,0.115234,-157.420502,-928.58606,1.0,917.5516559497296,300.7236359946145
834,0.107422,-157.420486,-928.58606,1.0,919.0309659497296,304.6673769946145
835,0.109375,-157.420486,-928.58606,1.0,917.2123009497296,306.2029599946145
836,0.109375,-157.420486,-928.58606,1.0,920.7000329497297,302.1528959946145
837,0.107422,-157.420486,-928.58606,1.0,963.0821129497297,560.6245609946145
838,0.107422,-157.420502,-928.58606,1.0,951.1649379497296,581.5675229946145
839,0.101562,-157.420486,-928.58606,1.0,1309.1902059497297,-21.44764400538554
840,0.109375,-157.420486,-928.58606,1.0,1088.3366909497295,271.8042859946145
841,0.101562,-157.420486,-928.58606,1.0,911.7542929497297,173.29415799461447
842,0.103516,-157.420486,-928.58606,1.0,937.9175619497296,298.78161899461446
843,0.109375,-157.420486,-928.58606,1.0,933.4727989497296,298.37620899461444
844,0.109375,-157.420502,-928.58606,1.0,940.9298909497296,298.19812299461444
845,0.107422,-157.420486,-928.58606,1.0,925.2832849497296,302.23933699461446
846,0.107422,-157.420441,-928.58606,1.0,919.4172569497297,300.03047499461445
847,0.109375,-157.418884,-928.58606,1.0,916.2243859497296,299.34961299461446
848,0.107422,-157.414978,-928.58606,1.0,914.2354329497297,299.80758999461443
849,0.109375,-157.408081,-928.58606,1.0,915.8283899497296,300.77826199461447
850,0.109375,-157.396271,-928.58606,1.0,909.1097009497296,306.8389009946145
851,0.109375,-157.374664,-928.58606,1.0,906.6270959497297,302.8355739946145
852,0.109375,-157.333298,-928.58606,1.0,910.0241909497296,288.5533169946145
853,0.111328,-157.259323,-928.58606,1.0,911.5706379497296,286.29912099461444
854,0.109375,-157.141129,-928.58606,1.0,915.0964559497296,283.5083959946145
855,0.107422,-156.975357,-928.58606,1.0,913.2066859497296,272.7410159946145
856,0.113281,-156.751221,-928.58606,1.0,914.8564659497297,271.02734699461445
857,0.109375,-156.484329,-928.58606,1.0,913.9798179497296,262.7593029946145
858,0.109375,-156.169968,-928.58606,1.0,914.3346759497297,267.9171019946145
859,0.109375,-155.807083,-928.58606,1.0,913.6971639497297,267.14045999461445
860,0.109375,-155.392609,-928.58606,1.0,918.0923059497296,270.0498229946145
861,0.111328,-154.927795,-928.585999,1.0,913.3258259497296,276.6630509946145
862,0.109375,-154.419281,-928.585388,1.0,915.1358239497297,273.6441609946145
863,0.109375,-153.861816,-928.584045,1.0,771.3158169497297,493.82744199461445
864,0.109375,-153.249008,-928.581604,1.0,771.6885579497297,489.4674869946145
865,0.109375,-152.592529,-928.577515,1.0,769.9999599497296,487.7505369946145
866,0.109375,-151.888092,-928.571167,1.0,771.4987389497296,478.81068699461446
867,0.109375,-151.137604,-928.560791,1.0,774.5946859497296,478.1385989946145
868,0.111328,-150.334213,-928.543579,1.0,356.30482994972965,424.08076799461446
869,0.109375,-149.496277,-928.517639,1.0,42.31425194972964,440.2442809946145
870,0.109375,-148.6427,-928.482239,1.0,36.37185494972964,437.7785219946145
871,0.111328,-147.736832,-928.433716,1.0,30.535811949729638,427.57805199461444
872,0.115234,-146.754288,-928.366089,1.0,15.917847949729637,421.4496339946145
873,0.109375,-145.781509,-928.280579,1.0,8.421788949729638,410.97880899461444
874,0.109375,-144.795578,-928.169922,1.0,2.4118129497296366,394.34504999461444
875,0.109375,-143.784561,-928.024841,1.0,-4.8446100502703615,400.9235569946145
876,0.111328,-142.741043,-927.831177,1.0,0.37675594972963466,395.57451199461445
877,0.111328,-141.662643,-927.57428,1.0,437.90315794972963,458.00212399461446
878,0.111328,-140.558685,-927.23877,1.0,547.8969929497297,393.80780299461446
879,0.115234,-139.434006,-926.807922,1.0,520.6339319497297,365.6225919946145
880,0.101562,-138.46608,-926.349121,1.0,420.24562594972963,396.85032999461447
881,0.117188,-137.382111,-925.715698,1.0,485.08772794972964,402.39662499461446
882,0.115234,-136.396317,-924.995239,1.0,455.55757694972965,430.1138799946145
883,0.113281,-135.5224,-924.199402,1.0,498.2609159497296,429.2046079946145
884,0.111328,-134.752228,-923.327698,1.0,428.26396694972965,428.79155299461445
885,0.111328,-134.082123,-922.377136,1.0,487.79390494972967,441.6703679946145
886,0.111328,-133.516724,-921.351318,1.0,518.3549399497297,409.75383299461447
887,0.105469,-133.094604,-920.345276,1.0,527.8059289497296,406.3867979946144
888,0.101562,-132.787308,-919.335754,1.0,552.6905719497296,362.97648899461444
889,0.113281,-132.567581,-918.1922,1.0,552.6905719497296,362.97648899461444
890,0.113281,-132.471268,-917.025757,1.0,755.0914509497296,373.69046299461445
891,0.109375,-132.495316,-915.857239,1.0,833.9806119497297,394.21090999461444
892,0.111328,-132.623352,-914.664429,1.0,895.6167809497297,380.83531499461446
893,0.113281,-132.820587,-913.442932,1.0,971.4723719497297,370.2736849946144
894,0.109375,-133.043823,-912.200989,1.0,1074.0935269497295,434.0892519946145
895,0.109375,-133.262878,-910.911194,1.0,1053.3900349497296,514.5831179946144
896,0.113281,-133.450943,-909.521484,1.0,1056.9775599497298,499.48472899461444
897,0.113281,-133.569855,-908.10022,1.0,1082.7483119497297,395.55826099461444
898,0.111328,-133.603241,-906.670898,1.0,1078.3452359497296,391.6305879946145
899,0.113281,-133.544373,-905.189392,1.0,1042.5155239497296,496.71556399461446
900,0.115234,-133.382904,-903.644897,1.0,995.3836269497297,496.8414799946145
901,0.103516,-133.150299,-902.248047,1.0,965.2237149497296,480.79014899461447
902,0.105469,-132.831024,-900.828186,1.0,880.0019739497296,403.85170299461447
903,0.101562,-132.432785,-899.424194,1.0,845.3719689497296,393.41936099461446
904,0.105469,-131.944809,-897.990295,1.0,799.9600429497297,393.0411559946144
905,0.103516,-131.411819,-896.57605,1.0,762.7179769497296,366.72891599461445
906,0.107422,-130.863693,-895.125244,1.0,721.0047809497296,355.27934599461446
907,0.107422,-130.368301,-893.663513,1.0,720.1349079497296,331.5894959946145
908,0.109375,-129.976944,-892.197266,1.0,749.6610929497297,380.73288299461444
909,0.107422,-129.707687,-890.712524,1.0,787.2852379497297,375.3677709946145
910,0.107422,-129.564194,-889.229797,1.0,845.9257409497296,389.03825699461447
911,0.107422,-129.518463,-887.751282,1.0,891.1678669497296,369.00572499461447
912,0.107422,-129.528198,-886.31427,1.0,928.4754849497297,354.75973799461445
913,0.105469,-129.563736,-884.890747,1.0,917.0254719497296,506.2077209946145
914,0.105469,-129.608582,-883.497009,1.0,932.2769979497297,511.52229599461447
915,0.105469,-129.655289,-882.101929,1.0,950.1364339497296,503.69264499461445
916,0.103516,-129.701675,-880.739624,1.0,956.5197959497297,499.16206699461446
917,0.103516,-129.751282,-879.400024,1.0,962.5731409497297,514.1919129946145
918,0.105469,-129.807083,-878.058716,1.0,967.0162559497296,526.7367129946144
919,0.103516,-129.866333,-876.7276,1.0,963.1213589497296,519.7779119946144
920,0.105469,-129.923599,-875.405457,1.0,965.9574179497297,520.6826969946144
921,0.105469,-129.974014,-874.091309,1.0,955.7232869497296,515.1313659946145
922,0.105469,-130.013931,-872.773743,1.0,943.6656699497296,501.08903799461444
923,0.105469,-130.040039,-871.479431,1.0,901.2318319497297,403.0975529946145
924,0.105469,-130.052658,-870.200317,1.0,905.5363369497296,395.4524259946145
925,0.103516,-130.055832,-868.948547,1.0,926.8003749497296,522.7548399946145
926,0.103516,-130.052383,-867.719543,1.0,919.9431359497296,520.6942019946144
927,0.101562,-130.044937,-866.503967,1.0,917.1051839497296,516.9414249946144
928,0.103516,-130.034973,-865.305176,1.0,920.0462239497297,514.0070679946145
929,0.101562,-130.022964,-864.118042,1.0,916.3737389497296,520.7929569946145
930,0.101562,-130.008682,-862.931458,1.0,893.6093959497297,320.0705749946145
931,0.103516,-129.992157,-861.763672,1.0,896.9414879497297,312.77363899461443
932,0.105469,-129.972488,-860.565063,1.0,896.8802089497296,319.60437299461444
933,0.107422,-129.950165,-859.351074,1.0,922.6549279497297,505.9974549946145
934,0.103516,-129.92746,-858.194031,1.0,922.4489949497297,500.53639499461445
935,0.107422,-129.903717,-857.0047,1.0,951.8717859497297,545.0781429946144
936,0.103516,-129.881744,-855.861145,1.0,952.0852869497296,542.3933599946145
937,0.101562,-129.863022,-854.758362,1.0,950.7661949497297,548.6486999946144
938,0.101562,-129.847656,-853.682312,1.0,947.2767539497296,548.4993469946145
939,0.113281,-129.834213,-852.471558,1.0,953.9425869497296,546.9998349946145
940,0.111328,-129.824982,-851.280457,1.0,962.1554769497296,549.6408269946145
941,0.115234,-129.819443,-850.087952,1.0,967.1218469497296,548.1140019946145
942,0.113281,-129.817184,-848.916931,1.0,964.8861899497297,555.4888189946145
943,0.111328,-129.817856,-847.758362,1.0,974.1892299497297,550.1171749946145
944,0.115234,-129.821335,-846.598083,1.0,979.2392789497296,542.5020019946145
945,0.101562,-129.826645,-845.571106,1.0,930.8525599497297,442.60026899461445
946,0.115234,-129.834274,-844.428162,1.0,907.4016319497297,337.43124699461447
947,0.113281,-129.84317,-843.29657,1.0,907.5030719497296,290.3502839946145
948,0.103516,-129.851746,-842.290588,1.0,896.1050009497296,294.01396499461447
949,0.101562,-129.860321,-841.300232,1.0,903.3106289497297,285.97693199461446
950,0.103516,-129.868668,-840.312256,1.0,891.2636929497296,290.26341599461443
951,0.103516,-129.876892,-839.315918,1.0,931.5421959497296,473.44066199461446
952,0.103516,-129.884811,-838.334045,1.0,939.5908409497297,515.5223569946145
953,0.101562,-129.89238,-837.382507,1.0,940.2568569497296,513.2548709946145
954,0.101562,-129.899796,-836.436707,1.0,939.5257169497296,512.9820439946145
955,0.101562,-129.906799,-835.504028,1.0,915.8271689497296,551.9499089946145
956,0.101562,-129.913284,-834.567566,1.0,913.8312589497297,553.3640019946145
957,0.115234,-129.919785,-833.518005,1.0,915.1255699497297,544.2634769946144
958,0.101562,-129.924728,-832.588257,1.0,911.8698939497297,536.7456539946145
959,0.103516,-129.929016,-831.637939,1.0,914.2532559497297,532.4420349946145
960,0.105469,-129.932571,-830.683472,1.0,984.7047939497296,559.8228329946145
961,0.105469,-129.935425,-829.734802,1.0,983.3354699497296,556.6807129946144
962,0.105469,-129.937698,-828.790527,1.0,991.0301719497296,550.0361819946145
963,0.105469,-129.939636,-827.861023,1.0,1353.1124469497295,225.27093799461448
964,0.103516,-129.941498,-826.9375,1.0,1256.2894489497298,214.45748799461447
965,0.103516,-129.943466,-826.010864,1.0,900.4589439497296,447.19496499461445
966,0.105469,-129.945618,-825.087341,1.0,897.2965909497296,460.3353759946145
967,0.103516,-129.947815,-824.176025,1.0,901.8319299497297,504.42314499461446
968,0.103516,-129.950104,-823.26886,1.0,902.4867759497297,501.3269529946145
969,0.103516,-129.952362,-822.375366,1.0,901.1096399497296,498.18876999461446
970,0.101562,-129.954468,-821.493958,1.0,998.7802329497297,284.53344999461444
971,0.107422,-129.956665,-820.572449,1.0,991.2138269497297,281.1190749946145
972,0.101562,-129.95871,-819.686218,1.0,917.2987879497297,276.26255399461445
973,0.103516,-129.960724,-818.803833,1.0,918.8863729497297,280.48846799461444
974,0.101562,-129.962723,-817.939148,1.0,918.0247399497297,280.35183999461447
975,0.105469,-129.964798,-817.053528,1.0,915.4319669497296,286.7297549946145
976,0.113281,-129.967041,-816.099792,1.0,919.0695399497297,288.4179569946144
977,0.113281,-129.969284,-815.172546,1.0,912.5259609497297,300.2882879946145
978,0.101562,-129.971161,-814.385193,1.0,913.6172079497296,291.45619499461446
979,0.101562,-129.972961,-813.620117,1.0,915.2574059497297,294.30917699461446
980,0.111328,-129.974854,-812.824036,1.0,915.0697229497297,294.05845999461445
981,0.103516,-129.976532,-812.105957,1.0,921.1882529497296,293.9774659946145
982,0.105469,-129.978195,-811.393005,1.0,911.5028279497296,299.9518009946145
983,0.101562,-129.979889,-810.683594,1.0,938.2713829497296,519.9377019946145
984,0.115234,-129.981735,-809.89563,1.0,937.2715659497296,521.7039059946144
985,0.101562,-129.983383,-809.209229,1.0,932.5835779497296,517.8723329946145
986,0.103516,-129.985031,-808.522461,1.0,932.1813559497297,521.4288819946145
987,0.103516,-129.986694,-807.829529,1.0,932.7921349497296,519.6484859946145
988,0.101562,-129.988297,-807.155823,1.0,936.3382779497297,517.5427429946144
989,0.113281,-129.990051,-806.402466,1.0,1018.6336879497296,569.2145569946144
990,0.103516,-129.991638,-805.72998,1.0,1020.4055379497296,578.3792599946145
991,0.103516,-129.993286,-805.03772,1.0,1016.1877039497297,570.3028749946145
992,0.113281,-129.995117,-804.276855,1.0,1093.1452839497297,591.3771849946145
993,0.113281,-129.996964,-803.515747,1.0,1097.4961139497295,594.2296939946145
994,0.101562,-129.998535,-802.84082,1.0,1236.8884479497297,448.51262199461445
995,0.115234,-130.000397,-802.055542,1.0,1311.5909629497296,181.24953399461447
996,0.103516,-130.00206,-801.354248,1.0,1311.5909629497296,181.24953399461447
997,0.115234,-130.003922,-800.572754,1.0,1311.5909629497296,181.24953399461447
998,0.113281,-130.005737,-799.792969,1.0,1311.5909629497296,181.24953399461447
999,0.113281,-130.007538,-799.032837,0.0,32.60292594972964,154.20842299461447
1000,0.113281,-130.009354,-798.270447,0.0,32.60292594972964,154.20842299461447
1001,0.111328,-130.011063,-797.541382,0.0,32.60292594972964,154.20842299461447
1002,0.113281,-130.012787,-796.815613,1.0,969.0705769497297,507.16337899461445
1003,0.115234,-130.014526,-796.091553,1.0,985.4427699497296,520.7350649946145
1004,0.111328,-130.016129,-795.403137,1.0,959.9113369497296,526.3697389946144
1005,0.111328,-130.017731,-794.723633,1.0,929.2555139497297,530.7949709946145
1006,0.109375,-130.019333,-794.061096,1.0,930.9463099497297,523.4685549946145
1007,0.113281,-130.020874,-793.397278,1.0,920.6676839497296,407.85878299461444
1008,0.113281,-130.022446,-792.734253,1.0,916.6581629497297,316.6966429946145
1009,0.101562,-130.023834,-792.158936,1.0,922.5417689497297,312.0239749946145
1010,0.113281,-130.025375,-791.511414,1.0,921.7215779497296,311.3472319946145
1011,0.113281,-130.02684,-790.88501,1.0,921.4391079497296,396.74121399461444
1012,0.101562,-130.028152,-790.333191,1.0,966.6809289497296,542.5046569946145
1013,0.113281,-130.029617,-789.720215,1.0,969.0435999497296,539.6307559946144
1014,0.115234,-130.031113,-789.104919,1.0,968.7536219497297,544.3174319946145
1015,0.101562,-130.032455,-788.552612,1.0,969.4392909497296,539.8696469946144
1016,0.101562,-130.033737,-788.012756,1.0,966.5993249497296,542.4799989946144
1017,0.113281,-130.035202,-787.39325,1.0,924.7675989497296,378.75297899461447
1018,0.113281,-130.036682,-786.763306,1.0,903.0890709497296,280.5079909946145
1019,0.113281,-130.038177,-786.125854,1.0,921.9394129497297,338.7315099946145
1020,0.111328,-130.039734,-785.478027,1.0,992.5155239497296,505.5174749946145
1021,0.101562,-130.041107,-784.889832,1.0,1010.2852989497296,515.3795349946145
1022,0.115234,-130.042709,-784.205688,1.0,997.6161099497297,519.1502559946144
1023,0.113281,-130.044373,-783.513977,1.0,998.4769489497296,519.2178529946145
1024,0.101562,-130.045837,-782.893433,1.0,915.7085169497296,501.8842959946145
1025,0.101562,-130.047318,-782.259644,1.0,918.0316369497297,494.5898319946145
1026,0.107422,-130.048965,-781.568176,1.0,922.5627039497297,478.77806399461446
1027,0.101562,-130.050522,-780.903809,1.0,916.5764369497297,488.11116299461446
1028,0.103516,-130.052155,-780.219727,1.0,913.5321249497297,484.5790899946145
1029,0.105469,-130.053833,-779.512146,1.0,914.9315389497297,484.7068669946145
1030,0.103516,-130.055511,-778.797363,1.0,915.1090299497297,479.18336799461446
1031,0.101562,-130.057205,-778.085205,1.0,911.2274989497297,479.83723799461444
1032,0.101562,-130.058945,-777.347839,1.0,916.4426479497297,473.46168799461446
1033,0.105469,-130.06073,-776.591736,1.0,912.4708459497297,477.55714699461447
1034,0.105469,-130.062592,-775.811401,1.0,919.0639859497296,475.91466099461445
1035,0.109375,-130.064499,-774.999573,1.0,915.8678799497296,457.6082949946145
1036,0.105469,-130.066437,-774.188965,1.0,912.9314779497296,459.66524099461446
1037,0.109375,-130.06842,-773.359802,1.0,921.5703939497297,453.41758999461445
1038,0.105469,-130.070358,-772.552612,1.0,921.4339809497296,446.30418699461444
1039,0.107422,-130.07222,-771.758362,1.0,934.4671839497296,441.6347229946145
1040,0.105469,-130.074081,-770.983398,1.0,931.2854819497296,436.01509399461446
1041,0.103516,-130.075851,-770.228943,1.0,912.7929279497297,442.2515749946145
1042,0.107422,-130.077652,-769.466492,1.0,916.0980429497297,432.73323399461447
1043,0.105469,-130.079376,-768.737793,1.0,903.3013509497297,426.14570899461444
1044,0.103516,-130.080948,-768.065369,1.0,909.5990199497296,422.3892089946145
1045,0.103516,-130.082428,-767.444153,1.0,908.3517659497296,417.5525699946145
1046,0.105469,-130.083771,-766.878845,1.0,997.8057459497296,441.85191699461444
1047,0.103516,-130.084915,-766.388245,1.0,1019.7278039497296,458.4373659946145
1048,0.101562,-130.085831,-766.004456,1.0,1022.6807459497296,460.21910399461444
1049,0.111328,-130.086609,-765.673889,1.0,1023.4610189497297,456.27559199461444
1050,0.113281,-130.087158,-765.438293,1.0,1028.2013759497295,440.0644409946145
1051,0.111328,-130.087463,-765.31366,1.0,1037.8414509497297,448.9812499946145
1052,0.113281,-130.087524,-765.287842,1.0,1026.5222989497297,450.12190599461445
1053,0.113281,-130.087524,-765.297546,1.0,934.0624599497296,341.90643599461447
1054,0.111328,-130.087509,-765.30957,1.0,943.7103479497297,346.27273899461443
1055,0.113281,-130.087509,-765.313416,1.0,1242.6888639497297,468.9668149946145
1056,0.111328,-130.087509,-765.310303,1.0,1296.7983609497296,492.70939999461444
1057,0.113281,-130.087524,-765.305786,1.0,1301.5645959497297,494.47853399461445
1058,0.113281,-130.087524,-765.304077,1.0,1293.9863489497297,504.0105169946145
1059,0.113281,-130.087524,-765.305115,1.0,1300.2494099497299,502.7549319946145
1060,0.101562,-130.087524,-765.30658,1.0,1275.2693079497299,466.27324199461447
1061,0.113281,-130.087509,-765.307312,1.0,1391.5188199497297,402.6759519946145
1062,0.113281,-130.087524,-765.307007,1.0,1333.7632039497298,439.04155299461445
1063,0.101562,-130.087524,-765.306335,1.0,1262.5862019497295,434.94179099461445
1064,0.101562,-130.08754,-765.305969,1.0,1200.8481649497298,446.38676799461444
1065,0.113281,-130.087524,-765.30603,1.0,1199.5714319497297,437.62080699461444
1066,0.101562,-130.087524,-765.306152,1.0,1202.5432339497297,427.96419099461446
1067,0.101562,-130.087524,-765.306213,1.0,1203.2374469497295,428.80864299461444
1068,0.101562,-130.087524,-765.305786,1.0,1313.6141559497296,474.05391299461445
1069,0.115234,-130.087524,-765.302795,1.0,1312.5843709497294,468.2554509946145
1070,0.101562,-130.087524,-765.297974,1.0,1319.0138149497297,482.67882099461445
1071,0.101562,-130.08754,-765.291016,1.0,1328.8392539497295,506.1279479946145
1072,0.109375,-130.087524,-765.28125,1.0,1327.6644489497298,514.9045289946145
1073,0.105469,-130.087524,-765.269653,1.0,1318.2356159497294,511.4532349946145
1074,0.101562,-130.087524,-765.256531,1.0,1312.3476769497297,513.6040219946144
1075,0.101562,-130.087524,-765.241272,1.0,1306.7894489497298,514.3372679946144
1076,0.101562,-130.087585,-765.22406,1.0,1301.2611289497295,510.41133399461444
1077,0.101562,-130.087662,-765.205261,1.0,1294.4769489497298,503.24260299461446
1078,0.101562,-130.087738,-765.184143,1.0,1289.1703089497296,499.2796509946145
1079,0.103516,-130.08783,-765.161072,1.0,1257.7380579497299,501.1450379946145
1080,0.101562,-130.087891,-765.136169,1.0,1235.2190149497296,504.34227299461446
1081,0.103516,-130.087982,-765.109375,1.0,1226.9255579497299,505.5717959946145
1082,0.103516,-130.088058,-765.079956,1.0,1224.3235069497296,507.5532719946145
1083,0.101562,-130.08812,-765.047913,1.0,1214.3161829497299,498.9032779946145
1084,0.107422,-130.088211,-765.00769,1.0,1179.0488489497297,483.6346619946145
1085,0.101562,-130.088333,-764.957092,1.0,1141.7741909497295,461.56337299461444
1086,0.103516,-130.088501,-764.885498,1.0,1140.2252399497297,448.66017499461447
1087,0.101562,-130.08873,-764.78656,1.0,1140.8928429497296,444.8168209946145
1088,0.115234,-130.089081,-764.630859,1.0,1141.3650109497298,492.77669099461446
1089,0.103516,-130.089523,-764.44519,1.0,1136.1021939497296,494.0908689946145
1090,0.103516,-130.090027,-764.222534,1.0,1131.8017789497299,497.03569399461446
1091,0.101562,-130.090637,-763.958679,1.0,1136.5769249497298,487.14879199461444
1092,0.103516,-130.091324,-763.654419,1.0,1160.4732869497298,455.57393199461444
1093,0.103516,-130.092087,-763.311951,1.0,1162.0384729497296,435.98567499461444
1094,0.101562,-130.092941,-762.935791,1.0,1164.7240199497296,438.9313539946145
1095,0.115234,-130.093979,-762.471008,1.0,1173.9206749497298,439.14042999461446
1096,0.101562,-130.094955,-762.024048,1.0,1179.9284879497295,488.76262199461445
1097,0.103516,-130.095901,-761.535828,1.0,1180.1372279497295,484.49894999461446
1098,0.103516,-130.096375,-761.007629,1.0,1178.6801969497296,491.78477799461444
1099,0.105469,-130.096054,-760.45166,1.0,1180.9033409497297,484.35139799461444
1100,0.103516,-130.094635,-759.871826,1.0,1184.4930629497298,482.4604679946145
1101,0.103516,-130.091614,-759.258423,1.0,1424.3999229497294,460.70283799461447
1102,0.105469,-130.086411,-758.618469,1.0,1473.5681359497298,451.0754269946145
1103,0.105469,-130.07785,-757.961853,1.0,1419.1104939497295,444.47395599461447
1104,0.105469,-130.062363,-757.28009,1.0,1272.8541469497295,476.0147889946145
1105,0.103516,-130.036224,-756.580566,1.0,1281.3775839497298,469.4933349946145
1106,0.105469,-129.994522,-755.860962,1.0,1286.2820029497298,458.19798599461444
1107,0.105469,-129.929688,-755.123108,1.0,1288.3940639497296,455.9649229946145
1108,0.107422,-129.830185,-754.348083,1.0,1660.3611049497295,398.9409819946145
1109,0.101562,-129.69751,-753.609314,1.0,1660.9456989497298,435.94633799461445
1110,0.103516,-129.511963,-752.85321,1.0,1638.7374469497295,440.34727799461444
1111,0.115234,-129.230377,-752.021667,1.0,1592.5155239497294,436.42152699461445
1112,0.103516,-128.895737,-751.28717,1.0,1543.9026089497297,420.6220279946145
1113,0.107422,-128.466492,-750.556824,1.0,1484.0428669497296,418.50487099461446
1114,0.105469,-127.965797,-749.878174,1.0,1427.9903769497296,423.3249699946145
1115,0.105469,-127.383865,-749.23761,1.0,1529.2514859497296,410.8373599946145
1116,0.105469,-126.7313,-748.64624,1.0,1454.2730919497299,428.26750499461446
1117,0.109375,-126.003754,-748.106628,1.0,1355.5671589497297,444.7668639946145
1118,0.107422,-125.20977,-747.634216,1.0,1322.1493129497298,452.76896999461445
1119,0.115234,-124.303482,-747.204956,1.0,1362.4487509497299,407.8567839946145
1120,0.101562,-123.464722,-746.891052,1.0,1294.3410849497295,449.32271099461445
1121,0.101562,-122.599434,-746.641602,1.0,1326.6375939497298,472.4157289946145
1122,0.111328,-121.61525,-746.443848,1.0,1246.1830039497295,473.6241939946145
1123,0.105469,-120.653687,-746.320801,1.0,1191.2726039497297,470.44926799461444
1124,0.103516,-119.687698,-746.25061,1.0,1092.9172569497296,415.72395599461447
1125,0.105469,-118.697456,-746.219299,1.0,1031.7023519497297,401.88174799461444
1126,0.103516,-117.718094,-746.215515,1.0,1001.3642789497296,462.08320899461444
1127,0.101562,-116.745995,-746.224609,1.0,965.6513879497296,407.7842899946145
1128,0.103516,-115.763359,-746.231689,1.0,973.8377889497297,386.43478699461446
1129,0.105469,-114.800018,-746.226746,1.0,946.3830159497296,414.3630249946145
1130,0.105469,-113.848885,-746.207336,1.0,942.5770469497296,437.7711369946145
1131,0.107422,-112.90274,-746.175232,1.0,945.7776089497296,429.8668699946145
1132,0.103516,-111.981956,-746.135681,1.0,991.6717129497297,535.8049809946144
1133,0.107422,-111.061852,-746.093567,1.0,996.1318569497296,518.1572759946145
1134,0.105469,-110.172165,-746.056152,1.0,998.8874719497296,507.4608949946145
1135,0.101562,-109.322395,-746.027832,1.0,1003.6423549497297,498.03691399461445
1136,0.103516,-108.456169,-746.008545,1.0,1000.5929769497296,494.4268979946145
1137,0.107422,-107.587601,-745.999451,1.0,997.4319049497296,486.8764219946145
1138,0.103516,-106.760086,-745.99939,1.0,976.7922569497297,484.59895599461447
1139,0.103516,-105.937096,-746.006714,1.0,958.7946979497297,474.11708399461446
1140,0.103516,-105.121559,-746.020142,1.0,953.2057089497297,481.35106199461444
1141,0.105469,-104.301804,-746.03949,1.0,947.7056479497296,478.50468799461447
1142,0.105469,-103.490097,-746.06427,1.0,939.8047689497297,463.90150799461446
1143,0.105469,-102.699944,-746.093201,1.0,934.1438809497297,468.4879329946145
1144,0.101562,-101.925148,-746.125793,1.0,928.5667929497297,479.73866599461445
1145,0.105469,-101.139954,-746.163147,1.0,916.0197349497296,485.2327759946145
1146,0.103516,-100.375069,-746.203552,1.0,911.8477989497296,472.97511599461444
1147,0.105469,-99.604767,-746.24762,1.0,907.6878869497297,473.86607699461445
1148,0.105469,-98.839378,-746.294495,1.0,903.3430379497296,469.8759029946145
1149,0.107422,-98.074844,-746.343933,1.0,892.2602139497296,464.9140199946145
1150,0.105469,-97.323639,-746.394531,1.0,885.9352009497296,466.8278989946145
1151,0.105469,-96.574715,-746.446289,1.0,905.8296109497296,354.3113439946145
1152,0.105469,-95.834366,-746.49823,1.0,900.2206019497296,350.67213799461445
1153,0.103516,-95.117592,-746.548706,1.0,898.0172939497296,454.25920399461444
1154,0.101562,-94.411125,-746.598328,1.0,886.6867269497296,484.0712159946145
1155,0.103516,-93.709084,-746.647339,1.0,884.6778769497297,466.7776669946145
1156,0.103516,-93.011482,-746.695068,1.0,941.7813929497296,427.34733899461446
1157,0.103516,-92.309349,-746.741333,1.0,1442.3139859497296,141.22042699461446
1158,0.103516,-91.615372,-746.784485,1.0,1144.7892049497295,327.33308699461446
1159,0.103516,-90.937965,-746.823853,1.0,889.0377399497296,505.1372249946145
1160,0.101562,-90.26461,-746.860352,1.0,895.3477379497297,511.7981139946145
1161,0.101562,-89.60144,-746.893982,1.0,893.7099819497296,519.5782959946145
1162,0.101562,-88.942009,-746.925415,1.0,911.2578329497296,543.6692989946145
1163,0.101562,-88.280754,-746.955261,1.0,911.0967609497296,545.6201659946145
1164,0.103516,-87.628448,-746.983032,1.0,920.4388639497297,546.6077149946145
1165,0.111328,-86.909218,-747.01178,1.0,927.3063559497297,545.9098699946144
1166,0.101562,-86.268158,-747.035583,1.0,924.7450769497297,540.1996029946145
1167,0.101562,-85.634109,-747.057251,1.0,925.5556849497297,538.8697689946144
1168,0.107422,-84.963867,-747.077942,1.0,925.5139979497296,534.9856749946144
1169,0.109375,-84.292198,-747.096313,1.0,926.0094199497296,529.8889039946145
1170,0.103516,-83.654312,-747.112061,1.0,932.6150719497297,527.4827459946144
1171,0.103516,-83.017311,-747.126343,1.0,971.2837119497296,503.72313199461445
1172,0.101562,-82.373474,-747.140259,1.0,1006.7857869497296,472.63801899461447
1173,0.103516,-81.722748,-747.154053,1.0,1006.7857869497296,472.63801899461447
1174,0.101562,-81.062927,-747.168274,1.0,1006.7857869497296,472.63801899461447
1175,0.101562,-80.371155,-747.183167,1.0,1006.7857869497296,472.63801899461447
1176,0.101562,-79.646439,-747.19873,1.0,910.1402179497296,347.27972699461446
1177,0.107422,-78.863029,-747.215027,1.0,906.1649989497297,344.09036599461444
1178,0.111328,-78.023331,-747.231689,1.0,950.0423179497296,474.2592959946145
1179,0.103516,-77.227051,-747.245728,1.0,947.0864469497296,478.3025699946145
1180,0.109375,-76.357513,-747.25769,1.0,943.0320639497296,476.6683839946145
1181,0.103516,-75.514206,-747.265015,1.0,905.7335409497297,525.7290219946144
1182,0.105469,-74.640594,-747.267761,1.0,910.3469449497296,521.4792669946145
1183,0.101562,-73.772545,-747.265808,1.0,909.0706989497296,526.7000609946144
1184,0.103516,-72.877434,-747.259583,1.0,918.2127279497296,410.18438999461443
1185,0.107422,-71.930893,-747.249268,1.0,936.8487759497297,284.1525149946145
1186,0.103516,-70.992554,-747.236145,1.0,929.6585289497297,283.7529939946145
1187,0.105469,-70.033493,-747.220459,1.0,932.4348349497296,444.0124089946145
1188,0.105469,-69.050308,-747.202942,1.0,932.9655969497296,513.1810489946145
1189,0.101562,-68.072556,-747.184753,1.0,928.6639609497296,509.57905899461446
1190,0.105469,-67.068016,-747.166016,1.0,928.2083339497296,508.96983699461447
1191,0.103516,-66.035797,-747.147217,1.0,930.6734829497296,510.73280699461446
1192,0.103516,-64.957359,-747.129089,1.0,928.1623739497296,510.92897399461447
1193,0.101562,-63.859974,-747.112854,1.0,932.2166339497296,507.37129499461446
1194,0.103516,-62.6996,-747.098511,1.0,935.3351649497297,498.99147399461447
1195,0.103516,-61.479816,-747.086853,1.0,927.1895959497297,502.25581699461446
1196,0.109375,-60.148643,-747.078308,1.0,965.6163539497296,520.1270019946145
1197,0.113281,-58.776768,-747.073547,1.0,968.4295859497296,524.5218079946144
1198,0.111328,-57.412006,-747.072327,1.0,962.0286459497296,525.9694089946145
1199,0.105469,-56.079948,-747.073425,1.0,956.5697229497297,551.2386049946144
1200,0.105469,-54.746487,-747.075684,1.0,967.2796229497296,556.4206419946145
1201,0.111328,-53.335674,-747.078186,1.0,979.8608609497296,570.9170109946144
1202,0.111328,-51.897007,-747.080139,1.0,982.2488609497296,568.2826719946145
1203,0.109375,-50.460091,-747.081604,1.0,991.6024989497297,571.5169859946145
1204,0.105469,-49.056202,-747.082703,1.0,1018.4957479497297,434.73411899461445
1205,0.101562,-47.709747,-747.08374,1.0,1018.4957479497297,434.73411899461445
1206,0.115234,-46.177067,-747.0849,1.0,1018.4957479497297,434.73411899461445
1207,0.101562,-44.807041,-747.086121,1.0,1018.4957479497297,434.73411899461445
1208,0.103516,-43.406578,-747.08783,1.0,964.6389369497297,531.4808529946145
1209,0.101562,-42.037807,-747.089478,1.0,938.2306119497297,530.2892339946145
1210,0.101562,-40.659321,-747.091125,1.0,904.2633259497296,516.7897519946144
1211,0.113281,-39.093643,-747.092896,1.0,904.1736049497297,299.59239499461444
1212,0.115234,-37.520489,-747.094604,1.0,892.9094449497296,305.61926599461447
1213,0.101562,-36.117504,-747.096069,1.0,892.2619229497296,309.2406949946145
1214,0.101562,-34.700912,-747.097656,1.0,893.7995199497296,308.00396999461447
1215,0.101562,-33.28125,-747.099121,1.0,892.3445639497296,303.8915899946145
1216,0.111328,-31.742922,-747.100891,1.0,893.0052089497296,302.3939699946145
1217,0.103516,-30.348173,-747.102417,1.0,896.1294149497296,302.0860319946145
1218,0.101562,-28.950657,-747.104065,1.0,901.4484459497296,310.9692259946145
1219,0.101562,-27.580456,-747.105591,1.0,900.4433799497297,312.30397399461447
1220,0.101562,-26.22999,-747.106995,1.0,908.2734579497296,303.5169099946145
1221,0.103516,-24.863489,-747.108276,1.0,954.5208949497296,147.27688399461448
1222,0.101562,-23.551968,-747.109619,1.0,954.5208949497296,147.27688399461448
1223,0.113281,-22.07696,-747.11145,1.0,954.5208949497296,147.27688399461448
1224,0.115234,-20.591019,-747.113586,1.0,954.5208949497296,147.27688399461448
1225,0.101562,-19.310266,-747.115845,0.0,32.60292594972964,154.20842299461447
1226,0.113281,-17.86211,-747.118835,1.0,951.5704549497297,420.8207889946145
1227,0.103516,-16.583704,-747.121887,1.0,943.9533899497296,520.2081179946144
1228,0.103516,-15.300519,-747.125183,1.0,944.9430139497297,518.8890569946145
1229,0.101562,-14.052176,-747.128845,1.0,945.2002769497296,518.0111879946145
1230,0.103516,-12.845248,-747.132568,1.0,947.0869959497296,519.8076049946144
1231,0.103516,-11.68684,-747.136414,1.0,947.2274379497296,519.0494569946145
1232,0.107422,-10.547479,-747.140442,1.0,949.4450279497296,523.2845949946145
1233,0.105469,-9.496671,-747.144287,1.0,955.5321859497296,520.0032839946145
1234,0.103516,-8.513452,-747.148193,1.0,958.9750569497296,513.2004269946144
1235,0.105469,-7.574526,-747.1521,1.0,915.6023159497296,369.12752099461443
1236,0.105469,-6.696447,-747.155945,1.0,907.1950889497297,286.62214999461446
1237,0.101562,-5.901879,-747.159729,1.0,906.4011439497297,282.50310099461444
1238,0.101562,-5.16252,-747.163147,1.0,910.6387539497297,283.8053619946145
1239,0.101562,-4.460445,-747.166565,1.0,913.0294399497296,286.47842699461444
1240,0.115234,-3.69523,-747.17041,1.0,910.0451259497296,281.96876099461446
1241,0.111328,-2.980335,-747.174194,1.0,909.6930139497297,289.7298009946145
1242,0.101562,-2.36978,-747.177551,1.0,911.4409999497296,288.4047429946145
1243,0.101562,-1.74471,-747.18103,1.0,915.7653409497296,294.37385899461447
1244,0.103516,-1.106609,-747.184448,1.0,908.2238369497296,312.1561769946145
1245,0.101562,-0.459104,-747.188049,1.0,910.3214319497297,306.38110699461447
1246,0.103516,0.224185,-747.192078,1.0,918.3340659497296,302.50563399461447
1247,0.101562,0.932818,-747.196289,1.0,912.4992269497296,302.5291469946145
1248,0.101562,1.640117,-747.200562,1.0,960.0013639497297,387.2579069946145
1249,0.115234,2.437762,-747.205627,1.0,1003.2942099497296,480.8849059946145
1250,0.101562,3.128206,-747.2099,1.0,1011.4316609497297,471.1634099946145
1251,0.101562,3.815601,-747.214172,1.0,1010.1474209497296,466.17796599461445
1252,0.115234,4.578761,-747.219177,1.0,1009.1944789497296,462.92006199461446
1253,0.101562,5.237374,-747.223511,1.0,1013.3783169497297,454.97999899461445
1254,0.107422,5.933637,-747.228333,1.0,1015.0002649497296,445.7413509946145
1255,0.103516,6.582811,-747.233032,1.0,1079.6549279497294,448.71986699461445
1256,0.113281,7.291592,-747.237976,1.0,1086.8557339497297,451.2699459946145
1257,0.103516,7.913704,-747.242371,1.0,1094.7303669497296,440.29591699461446
1258,0.103516,8.519387,-747.246765,1.0,1097.8602499497297,438.22304099461445
1259,0.103516,9.088488,-747.250793,1.0,961.3396199497297,378.35258799461445
1260,0.103516,9.614673,-747.254578,1.0,921.2767539497296,317.2830079946145
1261,0.101562,10.083842,-747.257874,1.0,923.1297199497296,318.5051149946145
1262,0.115234,10.546773,-747.260986,1.0,974.3564049497296,369.3602939946145
1263,0.105469,10.910476,-747.263428,1.0,1083.7227989497296,460.45622599461444
1264,0.105469,11.211696,-747.265259,1.0,1089.8038539497297,451.91432499461445
1265,0.101562,11.45266,-747.266663,1.0,1098.9127399497297,448.2506289946145
1266,0.111328,11.655634,-747.267883,1.0,1145.8377889497297,434.01973299461446
1267,0.109375,11.795862,-747.268738,1.0,1161.6378379497296,423.5890689946145
1268,0.111328,11.876101,-747.269287,1.0,1161.9164029497297,421.7775149946145
1269,0.111328,11.89584,-747.269409,1.0,979.2409879497296,354.46736499461446
1270,0.111328,11.890749,-747.269409,1.0,962.4768269497297,345.2094449946145
1271,0.111328,11.883204,-747.269287,1.0,1348.8166709497295,464.43379499461446
1272,0.111328,11.880341,-747.269287,1.0,1364.2162069497294,484.61119399461444
1273,0.113281,11.88258,-747.269348,1.0,1370.1051229497298,487.15468199461446
1274,0.105469,11.887234,-747.269409,1.0,1364.7310999497295,497.06813399461447
1275,0.101562,11.893039,-747.269348,1.0,261.4853719497296,403.95221299461446
1276,0.113281,11.900859,-747.269348,1.0,136.38992894972964,453.44291999461444
1277,0.111328,11.91084,-747.269348,1.0,8.449675949729638,441.23781099461445
1278,0.111328,11.923551,-747.269348,1.0,-22.734671050270364,461.30324099461444
1279,0.113281,11.939444,-747.269348,1.0,-8.45513405027036,442.14930999461444
1280,0.109375,11.957069,-747.269348,1.0,-85.43606805027036,463.61195699461445
1281,0.113281,11.977435,-747.269348,1.0,-67.17153405027037,464.44597199461447
1282,0.113281,12.000308,-747.269348,1.0,869.4065759497296,101.98729299461446
1283,0.113281,12.025329,-747.269348,1.0,953.9467369497296,-136.8311890053855
1284,0.113281,12.052709,-747.269348,1.0,953.9467369497296,-136.8311890053855
1285,0.113281,12.082296,-747.269592,1.0,953.9467369497296,-136.8311890053855
1286,0.113281,12.114572,-747.269897,1.0,953.9467369497296,-136.8311890053855
1287,0.115234,12.149586,-747.270264,0.0,32.60292594972964,154.20842299461447
1288,0.113281,12.186672,-747.27063,0.0,32.60292594972964,154.20842299461447
1289,0.113281,12.225668,-747.270935,0.0,32.60292594972964,154.20842299461447
1290,0.113281,12.267359,-747.271301,1.0,1535.1900839497298,425.48976499461446
1291,0.105469,12.308077,-747.271606,1.0,1232.9225059497298,410.61314699461445
1292,0.105469,12.35138,-747.271973,1.0,289.97163894972965,434.59208999461447
1293,0.113281,12.399436,-747.272217,1.0,290.50346894972967,430.41017499461447
1294,0.113281,12.450173,-747.272583,1.0,290.3326009497296,435.44102799461444
1295,0.111328,12.502915,-747.272949,1.0,1443.4690149497296,247.39678499461445
1296,0.113281,12.558313,-747.273315,1.0,1441.8391319497296,253.43869299461448
1297,0.113281,12.616302,-747.273682,1.0,1291.7083949497296,418.05037199461447
1298,0.109375,12.675062,-747.274048,1.0,1271.0553189497296,428.6149779946145
1299,0.113281,12.737626,-747.274353,1.0,1276.4229939497295,425.91261599461444
1300,0.113281,12.801982,-747.274658,1.0,1162.4646199497297,442.7141599946145
1301,0.111328,12.868638,-747.275024,1.0,1159.6643269497295,438.99501399461445
1302,0.113281,12.937928,-747.275391,1.0,1160.1295369497298,437.27653799461444
1303,0.113281,13.009409,-747.275757,1.0,334.19157994972966,474.0749699946145
1304,0.111328,13.082446,-747.276062,1.0,329.38530494972963,477.9730709946145
1305,0.101562,13.150207,-747.276367,1.0,140.88911994972963,471.6159239946145
1306,0.115234,13.22858,-747.276733,1.0,127.87075594972964,469.6197999946145
1307,0.113281,13.308685,-747.2771,1.0,739.7920739497297,422.82844899461446
1308,0.103516,13.382246,-747.277405,1.0,1247.0638639497297,362.3050869946145
1309,0.105469,13.460242,-747.277649,1.0,1251.0321249497297,364.97058399461446
1310,0.101562,13.535713,-747.277954,1.0,1174.3434049497296,448.8159669946145
1311,0.101562,13.612445,-747.27832,1.0,1193.1280719497295,441.2523679946145
1312,0.113281,13.700678,-747.278687,1.0,1235.8878379497296,430.0045049946145
1313,0.109375,13.790228,-747.278992,1.0,1238.8758749497297,426.7936589946145
1314,0.111328,13.890983,-747.279358,1.0,1253.5248009497295,429.3851809946145
1315,0.109375,14.027678,-747.279785,1.0,1254.8082479497298,420.12797899461447
1316,0.109375,14.215553,-747.280334,1.0,1263.6528529497295,417.7288999946145
1317,0.113281,14.458873,-747.281067,1.0,1270.9979459497295,416.6302669946145
1318,0.111328,14.753115,-747.281738,1.0,1298.5116169497296,458.8339109946145
1319,0.111328,15.098759,-747.28241,1.0,1303.3600059497298,464.7306399946145
1320,0.113281,15.498009,-747.283081,1.0,1306.8553669497296,461.03767699461446
1321,0.111328,15.950271,-747.283875,1.0,1328.6801969497296,464.90050099461445
1322,0.111328,16.454645,-747.285095,1.0,1340.2479459497295,461.06944599461445
1323,0.113281,17.009417,-747.28833,1.0,1341.6955769497295,463.10628099461445
1324,0.101562,17.558216,-747.295593,1.0,1407.7887169497299,480.67109999461445
1325,0.115234,18.234606,-747.314697,1.0,1416.9046839497296,477.7292669946145
1326,0.101562,18.865051,-747.348083,1.0,1421.5931599497299,480.6635929946145
1327,0.103516,19.561275,-747.409851,1.0,1374.3217979497294,457.70259399461446
1328,0.101562,20.268183,-747.508362,1.0,1062.0650839497298,315.39378699461446
1329,0.101562,21.002764,-747.661804,1.0,1064.9842739497294,317.53898899461444
1330,0.101562,21.732353,-747.879456,1.0,1499.9861049497295,432.5996279946145
1331,0.113281,22.546806,-748.213928,1.0,1464.0653279497296,442.2977779946145
1332,0.113281,23.338837,-748.647827,1.0,1397.6706749497298,438.25978399461445
1333,0.107422,24.055246,-749.145386,1.0,1600.0857139497298,422.47511599461444
1334,0.109375,24.758358,-749.742615,1.0,1519.2279259497295,443.80098299461446
1335,0.107422,25.413267,-750.414185,1.0,1516.3742879497295,446.02565299461446
1336,0.109375,26.002571,-751.158264,1.0,1542.7979939497295,464.7429989946145
1337,0.105469,26.503723,-751.957275,1.0,1451.9806119497298,464.96324499461446
1338,0.103516,26.91514,-752.801697,1.0,1378.3082479497298,475.4761539946145
1339,0.103516,27.249016,-753.695374,1.0,1384.0476279497298,452.45769099461444
1340,0.103516,27.509789,-754.641602,1.0,1317.3888149497297,443.51286599461446
1341,0.111328,27.704174,-755.713867,1.0,1246.0528769497296,460.7399779946145
1342,0.101562,27.803165,-756.708191,1.0,1110.3863729497298,333.34918499461446
1343,0.113281,27.853439,-757.864075,1.0,1002.3760579497297,355.0542789946145
1344,0.101562,27.864056,-758.956116,1.0,942.8780719497296,342.10519699461446
1345,0.105469,27.862473,-760.095215,1.0,909.0919399497296,361.6947209946145
1346,0.103516,27.863842,-761.226074,1.0,908.2957969497296,381.5554079946145
1347,0.101562,27.878149,-762.323425,1.0,902.0592249497296,387.28525099461444
1348,0.103516,27.909138,-763.416443,1.0,889.4547939497296,375.12323299461445
1349,0.101562,27.952097,-764.478516,1.0,903.5074669497296,430.91069399461446
1350,0.101562,27.999798,-765.53302,1.0,920.0921229497296,424.30769699461445
1351,0.101562,28.044395,-766.581177,1.0,925.3844199497296,422.7653989946145
1352,0.101562,28.080133,-767.631104,1.0,927.1615199497296,423.9232669946145
1353,0.105469,28.102558,-768.698242,1.0,998.5840659497296,515.8752629946144
1354,0.103516,28.108578,-769.738464,1.0,984.6024379497296,513.8183779946145
1355,0.107422,28.098988,-770.810547,1.0,966.6330159497296,451.48762799461446
1356,0.105469,28.075445,-771.863831,1.0,946.7951869497297,437.4947079946145
1357,0.105469,28.040375,-772.887451,1.0,932.4273279497296,475.0363649946145
1358,0.103516,27.994669,-773.893799,1.0,930.4720059497297,541.1988709946145
1359,0.109375,27.93523,-774.944824,1.0,918.2420859497296,543.6876099946145
1360,0.103516,27.869577,-775.932129,1.0,909.4043789497297,536.2023189946144
1361,0.101562,27.798098,-776.894043,1.0,908.9059049497297,543.4948609946144
1362,0.103516,27.721321,-777.850708,1.0,899.0955409497296,548.6656069946144
1363,0.103516,27.64127,-778.812561,1.0,897.8903409497296,545.7773619946145
1364,0.103516,27.562656,-779.765564,1.0,893.3572589497296,542.0437809946145
1365,0.103516,27.488335,-780.705688,1.0,892.2008259497296,542.0973079946145
1366,0.103516,27.419762,-781.630676,1.0,973.3760579497297,425.7187069946145
1367,0.105469,27.354771,-782.575317,1.0,970.6557819497297,426.7527959946145
1368,0.101562,27.297384,-783.478699,1.0,1155.6862999497298,335.55803199461445
1369,0.101562,27.244783,-784.370605,1.0,1436.7467249497295,149.62425299461447
1370,0.113281,27.191151,-785.350464,1.0,960.5360309497296,367.70680599461446
1371,0.103516,27.145811,-786.241821,1.0,945.9148159497296,384.7743409946145
1372,0.103516,27.104181,-787.125,1.0,941.1937459497296,376.54909099461446
1373,0.101562,27.067118,-787.985779,1.0,947.3551229497297,381.1074399946144
1374,0.111328,27.030781,-788.932373,1.0,917.8093469497296,299.97574199461445
1375,0.101562,27.003901,-789.735596,1.0,911.8767299497297,307.6910129946144
1376,0.101562,26.981829,-790.503845,1.0,930.9975789497296,503.74476899461445
1377,0.101562,26.963854,-791.249146,1.0,939.2326869497297,505.07072799461446
1378,0.105469,26.949148,-791.987976,1.0,914.2688809497297,577.2563049946145
1379,0.105469,26.937721,-792.689819,1.0,910.5492149497296,580.2037229946145
1380,0.107422,26.928324,-793.397461,1.0,917.6621909497296,571.6472659946145
1381,0.107422,26.920502,-794.130493,1.0,917.7614339497296,567.3113279946144
1382,0.109375,26.914358,-794.893311,1.0,924.2118739497297,558.4117619946145
1383,0.105469,26.910278,-795.65094,1.0,929.2969569497296,551.5661809946145
1384,0.103516,26.908197,-796.413879,1.0,885.4171349497296,551.2999449946144
1385,0.105469,26.908195,-797.19281,1.0,816.4528409497296,572.7534359946144
1386,0.105469,26.910416,-798.004211,1.0,818.3957119497296,576.1971309946144
1387,0.107422,26.91493,-798.825623,1.0,840.8979699497296,522.7908509946144
1388,0.105469,26.921888,-799.669067,1.0,904.4462489497297,316.5817749946145
1389,0.107422,26.931177,-800.525696,1.0,898.3353479497297,310.63710299461445
1390,0.105469,26.942392,-801.38855,1.0,912.4864099497296,428.08668799461446
1391,0.103516,26.954742,-802.251831,1.0,924.3515219497297,516.8485289946145
1392,0.107422,26.968174,-803.144897,1.0,931.4220179497296,508.68077399461447
1393,0.105469,26.981722,-804.057068,1.0,933.7323209497297,506.2598149946145
1394,0.105469,26.994253,-804.976013,1.0,920.3815509497297,543.9804569946145
1395,0.109375,27.005533,-805.952332,1.0,911.1283779497296,547.0638609946145
1396,0.107422,27.014601,-806.925659,1.0,911.0551969497296,538.5957219946145
1397,0.107422,27.021832,-807.932007,1.0,905.3813069497296,536.4584539946145
1398,0.105469,27.027496,-808.974121,1.0,900.0506189497296,320.12373699461443
1399,0.105469,27.031786,-810.069458,1.0,902.5945639497296,321.6131779946145
1400,0.105469,27.034586,-811.207275,1.0,903.5375569497296,328.2232699946145
1401,0.105469,27.035713,-812.384216,1.0,900.9334309497297,324.7805969946145
1402,0.105469,27.035015,-813.616394,1.0,899.6424769497296,320.54843499461447
1403,0.115234,27.032114,-814.977356,1.0,903.2810879497297,322.29440599461446
1404,0.107422,27.027483,-816.257202,1.0,903.6096399497296,323.5864749946145
1405,0.101562,27.021729,-817.473022,1.0,899.8719079497297,329.35069599461445
1406,0.101562,27.01544,-818.703125,1.0,902.4266559497296,309.0290249946145
1407,0.101562,27.009373,-819.94043,1.0,898.2779749497296,313.3653899946145
1408,0.103516,27.004166,-821.211731,1.0,920.8611659497296,355.26867999461444
1409,0.109375,27.000229,-822.557434,1.0,944.0799769497296,511.2271299946145
1410,0.107422,26.998253,-823.895813,1.0,946.8580529497297,507.90400999461446
1411,0.105469,26.998383,-825.22644,1.0,922.7735799497297,535.3849669946144
1412,0.101562,27.000555,-826.531006,1.0,918.3477989497296,539.3206359946145
1413,0.105469,27.004917,-827.873169,1.0,915.2223109497296,539.5260189946144
1414,0.105469,27.011593,-829.232239,1.0,920.7854819497296,531.5308719946145
1415,0.105469,27.020664,-830.588623,1.0,924.1758629497297,531.1306029946145
1416,0.105469,27.032621,-831.987854,1.0,923.2372639497296,521.3092229946144
1417,0.111328,27.04775,-833.437439,1.0,923.0307819497297,520.4063289946145
1418,0.105469,27.064812,-834.853333,1.0,930.1440029497296,513.0379209946145
1419,0.111328,27.083904,-836.322449,1.0,933.5648399497296,510.23228799461447
1420,0.107422,27.103489,-837.783569,1.0,930.5973109497296,507.5565369946145
1421,0.109375,27.123407,-839.270508,1.0,938.1228839497296,505.64586199461445
1422,0.113281,27.14348,-840.800598,1.0,932.3863729497297,504.97105699461446
1423,0.109375,27.163107,-842.327332,1.0,1065.9051719497297,573.5148499946145
1424,0.111328,27.182367,-843.84137,1.0,1069.5428669497296,578.2581969946145
1425,0.109375,27.20183,-845.369324,1.0,1088.8120319497298,586.8689149946144
1426,0.109375,27.220982,-846.860229,1.0,1113.4120079497297,598.1180299946145
1427,0.105469,27.239584,-848.295898,1.0,1119.3191129497295,602.6302979946145
1428,0.105469,27.258396,-849.739807,1.0,913.0201619497296,311.85884399461446
1429,0.107422,27.277086,-851.173218,1.0,907.7133999497296,270.9210239946145
1430,0.105469,27.295238,-852.56958,1.0,910.0564169497296,306.65777899461443
1431,0.107422,27.313253,-853.960815,1.0,898.4992269497296,309.5490599946145
1432,0.103516,27.330904,-855.328491,1.0,905.3870449497297,315.06892699461446
1433,0.105469,27.348442,-856.688477,1.0,901.1615199497296,307.63093899461444
1434,0.107422,27.366068,-858.054382,1.0,899.3902799497297,303.28299299461446
1435,0.109375,27.383797,-859.42572,1.0,886.6101889497296,400.2912479946145
1436,0.109375,27.401579,-860.802856,1.0,893.0554409497296,542.1998779946144
1437,0.107422,27.418848,-862.143005,1.0,889.8885709497297,544.8188659946145
1438,0.107422,27.435598,-863.453796,1.0,900.7014369497297,539.7756229946144
1439,0.105469,27.452227,-864.760315,1.0,890.0532429497297,538.0972469946145
1440,0.107422,27.468613,-866.056274,1.0,928.9396569497296,526.5042599946145
1441,0.107422,27.484802,-867.341003,1.0,945.3855189497297,510.96382499461447
1442,0.107422,27.500826,-868.613464,1.0,947.5549519497297,515.5060299946144
1443,0.109375,27.51696,-869.899536,1.0,949.9205529497297,499.1862369946145
1444,0.111328,27.533255,-871.205139,1.0,951.7688199497296,514.1840089946145
1445,0.111328,27.549244,-872.487671,1.0,947.7663779497296,511.72062999461446
1446,0.111328,27.565071,-873.759705,1.0,955.1504109497297,513.7484929946145
1447,0.109375,27.580448,-874.996338,1.0,953.3833829497296,515.0166809946145
1448,0.109375,27.595852,-876.234436,1.0,948.5448209497297,510.9174379946145
1449,0.103516,27.610113,-877.379517,1.0,933.0027669497297,495.87431699461445
1450,0.103516,27.624231,-878.525208,1.0,925.8409629497296,491.91789599461447
1451,0.113281,27.638283,-879.76532,1.0,873.1779989497296,523.3994019946144
1452,0.113281,27.649393,-880.988464,1.0,874.2663169497297,523.6391479946144
1453,0.113281,27.656643,-882.206177,1.0,877.5880939497297,509.68156799461445
1454,0.101562,27.659391,-883.287048,1.0,915.8371789497296,481.30989399461447
1455,0.101562,27.658632,-884.340759,1.0,908.6856899497296,477.2612789946145
1456,0.115234,27.654488,-885.485901,1.0,908.9676719497296,481.01195099461444
1457,0.113281,27.649746,-886.565674,1.0,910.5636799497296,472.35225199461445
1458,0.115234,27.648836,-887.583191,1.0,902.4319669497296,466.58265999461446
1459,0.115234,27.655378,-888.53833,1.0,902.4284259497297,469.6064029946145
1460,0.101562,27.668959,-889.321411,1.0,909.5063069497296,457.96684599461446
1461,0.109375,27.691116,-890.081421,1.0,919.8618369497296,441.37480499461446
1462,0.103516,27.718981,-890.730957,1.0,867.3959559497297,498.7514829946145
1463,0.103516,27.751331,-891.309021,1.0,867.5421349497296,495.91499599461446
1464,0.101562,27.786776,-891.830566,1.0,880.4240319497296,492.0778079946145
1465,0.105469,27.826027,-892.32843,1.0,885.4818319497297,486.73411899461445
1466,0.101562,27.864576,-892.763855,1.0,975.0472009497296,455.9841489946145
1467,0.113281,27.907295,-893.201477,1.0,987.6391809497296,448.7580139946145
1468,0.113281,27.948769,-893.591125,1.0,1012.5131429497296,441.61479499461444
1469,0.113281,27.987143,-893.925476,1.0,1021.6046349497296,453.13237299461446
1470,0.111328,28.021011,-894.202332,1.0,1031.7328089497296,445.21519799461447
1471,0.111328,28.049892,-894.426697,1.0,1032.9188439497298,451.2062559946145
1472,0.113281,28.073111,-894.600098,1.0,1043.2930509497296,443.54728999461446
1473,0.101562,28.087784,-894.707458,1.0,943.6349079497296,326.3031949946145
1474,0.115234,28.097342,-894.777466,1.0,947.7574669497296,317.7262449946145
1475,0.115234,28.099319,-894.793091,1.0,948.1920369497296,322.1376529946144
1476,0.113281,28.098221,-894.788147,1.0,1039.1991169497296,375.70595099461445
1477,0.111328,28.096798,-894.78186,1.0,1072.2226769497297,390.24624999461446
1478,0.113281,28.096056,-894.779785,1.0,1473.1242879497295,619.9065429946145
1479,0.111328,28.096132,-894.781433,1.0,1531.5013639497297,655.1515379946145
1480,0.111328,28.096592,-894.783813,1.0,1529.7914029497297,650.5905339946145
1481,0.111328,28.097006,-894.784668,1.0,1473.0472619497295,664.8229549946145
1482,0.111328,28.097189,-894.784241,1.0,1269.5240689497296,594.7042729946145
1483,0.111328,28.09716,-894.783386,1.0,957.3705649497297,541.3415099946144
1484,0.111328,28.097042,-894.782959,1.0,955.4574789497296,539.7818179946145
1485,0.115234,28.096924,-894.78302,1.0,957.7440389497297,537.1839779946145
1486,0.111328,28.096859,-894.783264,1.0,960.8296719497297,540.1685059946144
1487,0.113281,28.096848,-894.783386,1.0,969.6623739497296,539.7754089946145
1488,0.113281,28.09688,-894.783264,1.0,589.1856289497297,461.62593399461446
1489,0.113281,28.09693,-894.783264,1.0,589.8941249497296,459.40504799461445
1490,0.111328,28.096973,-894.783203,1.0,600.1939899497296,462.03920299461447
1491,0.111328,28.097118,-894.784302,1.0,556.8430379497296,460.8849979946145
1492,0.115234,28.097534,-894.787964,1.0,531.7752589497296,506.37947399461444
1493,0.111328,28.098238,-894.794006,1.0,528.1885889497296,515.5309629946145
1494,0.113281,28.099276,-894.802979,1.0,942.1233119497297,361.6087679946145
1495,0.109375,28.100576,-894.813843,1.0,935.0340169497297,369.4007749946145
1496,0.113281,28.102308,-894.828125,1.0,966.0539759497296,464.50041499461446
1497,0.113281,28.104984,-894.850037,1.0,969.4613849497297,464.3114199946145
1498,0.113281,28.110268,-894.893188,1.0,964.0786339497297,468.69008199461445
1499,0.113281,28.121153,-894.981689,1.0,961.1153159497296,468.3916809946145
1500,0.115234,28.138897,-895.125122,1.0,961.8985799497297,467.7750119946145
1501,0.111328,28.162643,-895.316101,1.0,966.0493369497296,463.73118899461446
1502,0.111328,28.19294,-895.557251,1.0,968.0924279497297,465.4137449946145
1503,0.113281,28.230642,-895.854431,1.0,967.6155599497297,467.46403799461444
1504,0.113281,28.275805,-896.205811,1.0,975.9054159497297,456.2784609946145
1505,0.111328,28.327642,-896.605835,1.0,975.0731409497297,458.96074199461447
1506,0.113281,28.386366,-897.057068,1.0,974.2650349497296,449.14497699461447
1507,0.113281,28.452682,-897.564758,1.0,972.3002529497296,450.35121499461445
1508,0.113281,28.526934,-898.130432,1.0,862.5372519497297,466.47654999461446
1509,0.101562,28.59808,-898.668701,1.0,718.3228359497297,504.4093809946145
1510,0.105469,28.679371,-899.278137,1.0,707.8201499497296,506.4847599946145
1511,0.113281,28.775852,-899.992432,1.0,533.7434899497296,506.30156299461447
1512,0.101562,28.868332,-900.666992,1.0,532.1700949497297,495.97493299461445
1513,0.101562,28.968542,-901.381897,1.0,524.0787869497296,489.95399799461444
1514,0.101562,29.079962,-902.145691,1.0,513.2378439497297,479.6313969946145
1515,0.101562,29.204212,-902.95343,1.0,516.0748499497297,471.41304299461444
1516,0.115234,29.36075,-903.909851,1.0,526.7029019497297,489.03108499461445
1517,0.113281,29.536213,-904.900269,1.0,526.7591449497297,487.3797489946145
1518,0.101562,29.718002,-905.832642,1.0,532.1167499497296,477.4635499946145
1519,0.101562,29.931618,-906.806946,1.0,529.1476649497297,471.9242429946145
1520,0.105469,30.195887,-907.855957,1.0,534.4279079497296,473.0150639946145
1521,0.107422,30.51631,-908.940857,1.0,498.02565494972964,459.93425299461444
1522,0.105469,30.894955,-910.028748,1.0,523.1433309497297,445.94410999461445
1523,0.101562,31.330423,-911.094788,1.0,533.4887289497296,446.2948489946145
1524,0.107422,31.862034,-912.212646,1.0,559.0572719497296,442.54429899461445
1525,0.103516,32.448093,-913.280518,1.0,554.2099819497296,440.6767149946145
1526,0.105469,33.131348,-914.371094,1.0,545.1040249497296,448.62575099461446
1527,0.107422,33.902729,-915.455444,1.0,567.7154749497296,438.4184749946145
1528,0.107422,34.753944,-916.51355,1.0,570.5931599497296,445.52568399461444
1529,0.111328,35.72567,-917.584595,1.0,573.2986049497297,447.44429299461444
1530,0.113281,36.7892,-918.635132,1.0,612.3885709497297,445.12565899461447
1531,0.109375,37.897549,-919.636169,1.0,646.3680019497297,434.3421509946145
1532,0.107422,39.051826,-920.606812,1.0,665.8807579497296,443.2285649946145
1533,0.109375,40.282074,-921.579407,1.0,688.7856649497296,448.62858899461446
1534,0.109375,41.589718,-922.554321,1.0,694.5863239497296,444.39927999461446
1535,0.111328,42.985683,-923.532654,1.0,714.8047079497296,442.2095829946145
1536,0.113281,44.483055,-924.503296,1.0,746.2648519497296,437.9509159946145
1537,0.113281,46.021027,-925.39978,1.0,737.3675129497296,424.94255399461446
1538,0.111328,47.589779,-926.194824,1.0,669.2245079497296,462.04497099461446
1539,0.111328,49.218594,-926.890381,1.0,688.6945399497297,455.73033499461445
1540,0.111328,50.911682,-927.475769,1.0,675.0180869497296,459.5747249946145
1541,0.107422,52.558048,-927.917603,1.0,654.8849079497296,483.69206599461444
1542,0.117188,54.41917,-928.276306,1.0,715.8241169497296,485.26750499461446
1543,0.103516,56.064751,-928.476135,1.0,774.3157559497297,476.4572939946145
1544,0.103516,57.706909,-928.572021,1.0,816.1756799497297,469.91420299461447
1545,0.117188,59.597385,-928.556152,1.0,877.3938809497297,469.4887879946145
1546,0.101562,61.201115,-928.434692,1.0,921.3482259497297,464.96342799461445
1547,0.117188,63.048084,-928.170288,1.0,945.0691129497296,479.85542599461445
1548,0.103516,64.631943,-927.849426,1.0,990.1791589497296,477.2679019946145
1549,0.101562,66.191582,-927.477478,1.0,1029.4533899497296,473.40870999461447
1550,0.103516,67.708809,-927.10022,1.0,1056.6380819497294,467.53151299461445
1551,0.101562,69.196648,-926.753723,1.0,1080.0733849497296,546.6318849946144
1552,0.101562,70.618721,-926.472168,1.0,1067.8398639497295,549.4684329946144
1553,0.107422,72.055168,-926.257629,1.0,1049.6675009497296,543.4510379946145
1554,0.101562,73.355392,-926.127991,1.0,1022.2229819497296,552.8510929946144
1555,0.103516,74.57074,-926.05658,1.0,995.8619589497297,547.7199889946145
1556,0.103516,75.73098,-926.02655,1.0,966.5447589497296,544.4813419946145
1557,0.105469,76.814957,-926.023254,1.0,943.1966149497297,538.0825069946145
1558,0.103516,77.79393,-926.036316,1.0,907.9715779497296,484.3391599946145
1559,0.103516,78.700233,-926.058655,1.0,950.7223109497296,459.52635499461445
1560,0.103516,79.552574,-926.087097,1.0,999.9929409497296,421.4652589946145
1561,0.117188,80.485306,-926.125488,1.0,875.3133749497297,460.95463899461447
1562,0.101562,81.271439,-926.163696,1.0,876.0015469497297,454.1410099946145
1563,0.101562,82.044464,-926.20575,1.0,868.7336629497296,471.37007499461447
1564,0.103516,82.794479,-926.249634,1.0,876.5663659497296,493.20320399461446
1565,0.101562,83.507843,-926.293396,1.0,869.5055749497296,483.37987099461446
1566,0.103516,84.209091,-926.337646,1.0,874.6584069497296,498.7027469946145
1567,0.103516,84.949043,-926.385376,1.0,866.7320759497296,505.00575599461445
1568,0.117188,85.805168,-926.442322,1.0,932.1657919497296,505.0953249946145
1569,0.103516,86.541626,-926.493408,1.0,932.9309289497296,497.38521099461445
1570,0.117188,87.412605,-926.555908,1.0,927.9895839497296,502.11091899461445
1571,0.115234,88.296036,-926.621155,1.0,925.4485069497297,490.49733299461445
1572,0.117188,89.190239,-926.688293,1.0,923.1440029497296,489.9875979946145
1573,0.117188,90.10408,-926.757141,1.0,877.1309409497296,438.3309819946145
1574,0.101562,90.914116,-926.817444,1.0,854.2706509497297,500.97380399461446
1575,0.101562,91.740761,-926.877441,1.0,868.2833459497297,496.74965199461445
1576,0.103516,92.586205,-926.936401,1.0,895.3193569497296,512.4873839946144
1577,0.117188,93.560555,-927.000183,1.0,907.0272419497296,531.8435549946145
1578,0.101562,94.414581,-927.052063,1.0,919.2125449497296,519.7560299946144
1579,0.101562,95.2742,-927.100525,1.0,875.1680509497296,560.7085149946145
1580,0.103516,96.158844,-927.146301,1.0,878.2620449497297,566.1121399946144
1581,0.101562,97.043289,-927.188232,1.0,884.2309779497297,564.2680539946145
1582,0.115234,98.066048,-927.231445,1.0,888.2351889497296,556.1338079946145
1583,0.101562,98.959373,-927.264771,1.0,1469.7058309497297,639.8643069946145
1584,0.101562,99.859924,-927.293945,1.0,1478.8257039497298,642.2336919946144
1585,0.115234,100.904556,-927.32196,1.0,1439.3397419497296,640.5799129946145
1586,0.117188,101.962151,-927.343872,1.0,1443.7806599497299,642.1214169946145
1587,0.121094,103.081146,-927.360168,1.0,945.8338829497296,465.64482399461446
1588,0.107422,104.070808,-927.369202,1.0,915.7766929497296,467.9331539946145
1589,0.117188,105.172752,-927.374695,1.0,953.4900719497297,500.47850399461447
1590,0.103516,106.147148,-927.37677,1.0,964.7534389497297,507.95335699461447
1591,0.101562,107.106125,-927.377075,1.0,944.9910489497296,527.2227659946145
1592,0.101562,108.077568,-927.375977,1.0,959.0671589497297,550.4406309946145
1593,0.101562,109.067871,-927.373718,1.0,961.3886929497296,555.5735659946145
1594,0.105469,110.117424,-927.370544,1.0,961.5074669497296,558.6412539946145
1595,0.103516,111.217796,-927.366211,1.0,966.5156459497297,552.4461239946145
1596,0.101562,112.320892,-927.36084,1.0,971.0893759497296,560.7162659946144
1597,0.117188,113.656662,-927.353027,1.0,976.2767539497296,552.4887269946145
1598,0.115234,115.036766,-927.343445,1.0,1129.5694789497297,549.0912049946145
1599,0.101562,116.251907,-927.333984,1.0,1136.1385709497295,552.1640499946145
1600,0.101562,117.462387,-927.323975,1.0,1153.1864219497297,537.1472959946145
1601,0.115234,118.874001,-927.311584,1.0,1146.7136439497294,154.88582799461446
1602,0.115234,120.285759,-927.298645,1.0,891.0315759497296,419.64818099461445
1603,0.101562,121.549713,-927.286377,1.0,876.3202719497297,437.12877199461445
1604,0.117188,123.01017,-927.271179,1.0,860.8722739497297,357.78232099461445
1605,0.117188,124.503288,-927.254333,1.0,832.3413289497296,247.90979299461446
1606,0.101562,125.818428,-927.23822,1.0,830.9167689497297,247.51552899461447
1607,0.101562,127.123138,-927.221069,1.0,832.5694179497297,255.51461299461448
1608,0.101562,128.447067,-927.20343,1.0,834.9263509497297,253.33467399461446
1609,0.101562,129.801132,-927.185486,1.0,828.2851159497296,260.26056999461446
1610,0.103516,131.168762,-927.168396,1.0,897.2367149497296,383.4604369946145
1611,0.103516,132.547943,-927.15332,1.0,921.2445279497297,486.25310099461444
1612,0.101562,133.918884,-927.141174,1.0,924.1631069497296,481.5533329946145
1613,0.101562,135.301697,-927.131958,1.0,915.3730069497296,484.9836309946145
1614,0.101562,136.687607,-927.126343,1.0,912.8664759497296,481.56654699461444
1615,0.117188,138.316132,-927.124207,1.0,900.9081629497297,430.2734859946145
1616,0.101562,139.734711,-927.125977,1.0,892.2039999497297,435.44047899461447
1617,0.117188,141.376144,-927.132507,1.0,893.1633509497296,414.87102099461447
1618,0.113281,143.006012,-927.140747,1.0,894.7932949497297,415.9269899946145
1619,0.115234,144.646179,-927.142456,1.0,1455.1330769497295,605.8712949946145
1620,0.115234,146.300797,-927.127441,1.0,1472.9469199497298,621.5431399946144
1621,0.115234,147.955872,-927.089478,1.0,1469.7050989497297,610.7958859946145
1622,0.115234,149.64241,-927.024963,1.0,1052.4038289497296,514.5435979946144
1623,0.115234,151.347336,-926.937439,1.0,996.7198079497297,476.54817499461444
1624,0.115234,153.043869,-926.837341,1.0,978.7605799497296,488.5391109946145
1625,0.115234,154.751221,-926.734924,1.0,957.5520839497296,521.6850159946144
1626,0.111328,156.42746,-926.639771,1.0,962.6358239497297,507.93690799461444
1627,0.111328,158.117065,-926.552124,1.0,940.2726039497296,518.9574459946145
1628,0.113281,159.837067,-926.471008,1.0,927.9374599497296,524.2299379946145
1629,0.113281,161.552277,-926.39624,1.0,926.0771689497296,519.0240049946144
1630,0.111328,163.274185,-926.326111,1.0,929.1303309497297,507.1341429946145
1631,0.109375,164.961151,-926.261719,1.0,911.0124109497297,507.7120849946145
1632,0.111328,166.682983,-926.20105,1.0,913.9056599497296,501.5191829946145
1633,0.101562,168.253235,-926.151306,1.0,913.0943809497296,497.08687099461446
1634,0.101562,169.853699,-926.107178,1.0,904.8045859497296,493.7499569946145
1635,0.109375,171.630737,-926.067322,1.0,910.8407189497296,487.9200319946145
1636,0.113281,173.492203,-926.037292,1.0,908.7820639497296,480.72413999461446
1637,0.113281,175.396835,-926.020447,1.0,899.3255819497297,477.2878909946145
1638,0.115234,177.378677,-926.015991,1.0,894.8620199497296,480.5254399946145
1639,0.115234,179.349609,-926.022888,1.0,891.5241299497296,479.5944699946145
1640,0.115234,181.335175,-926.039246,1.0,976.0537319497296,545.0115239946144
1641,0.115234,183.342361,-926.064514,1.0,976.2029629497297,542.9979739946145
1642,0.115234,185.354126,-926.097351,1.0,976.9178059497297,540.9196659946144
1643,0.115234,187.357941,-926.135376,1.0,973.1429649497296,540.1882509946145
1644,0.111328,189.32196,-926.174988,1.0,975.6670129497296,549.4777099946145
1645,0.101562,191.12117,-926.211853,1.0,976.6024989497297,556.4506109946144
1646,0.115234,193.14978,-926.252441,1.0,943.4253749497296,508.19298099461446
1647,0.115234,195.194809,-926.292114,1.0,940.1809289497296,509.44194399461446
1648,0.101562,197.030075,-926.32605,1.0,946.4318439497297,504.19249299461444
1649,0.113281,199.074341,-926.360596,1.0,946.0116779497297,504.9616579946145
1650,0.113281,201.097183,-926.390564,1.0,970.0237019497297,510.64122299461445
1651,0.111328,203.119568,-926.415344,1.0,976.0158899497296,519.0652959946144
1652,0.113281,205.178635,-926.434326,1.0,986.4955649497297,506.61271999461445
1653,0.111328,207.222794,-926.447266,1.0,990.7361049497297,506.1281309946145
1654,0.111328,209.270569,-926.455322,1.0,971.9662679497296,528.8473079946145
1655,0.109375,211.273285,-926.459595,1.0,955.9671839497296,540.0119809946145
1656,0.109375,213.290634,-926.461609,1.0,961.6688439497296,547.5892209946145
1657,0.109375,215.319351,-926.461853,1.0,964.6267299497297,548.0674929946144
1658,0.109375,217.352783,-926.460632,1.0,946.1606649497296,551.9651059946145
1659,0.109375,219.39122,-926.45752,1.0,950.8595789497297,551.8901859946145
1660,0.107422,221.413086,-926.452454,1.0,943.7278649497297,546.5372499946145
1661,0.105469,223.402161,-926.445129,1.0,951.7129109497297,544.7644229946145
1662,0.107422,225.400055,-926.435486,1.0,958.0178429497296,549.0630979946145
1663,0.105469,227.395798,-926.423828,1.0,957.9057819497297,541.6029539946144
1664,0.105469,229.399689,-926.409851,1.0,957.6054889497296,529.4296749946145
1665,0.105469,231.413101,-926.393921,1.0,967.1588339497297,496.1532779946145
1666,0.105469,233.438843,-926.376282,1.0,956.2162069497297,393.6726869946144
1667,0.105469,235.468216,-926.357788,1.0,975.2982379497296,507.59080799461447
1668,0.105469,237.492935,-926.33905,1.0,971.2240199497296,513.2920409946145
1669,0.105469,239.515839,-926.320557,1.0,970.3848469497296,514.4792359946144
1670,0.103516,241.517639,-926.302734,1.0,970.3015339497297,519.9879329946145
1671,0.107422,243.613953,-926.284424,1.0,973.2912189497297,509.36683999461445
1672,0.111328,245.764236,-926.265686,1.0,972.8502399497296,545.8946409946145
1673,0.103516,247.796188,-926.24823,1.0,970.9644979497297,551.9614749946145
1674,0.103516,249.830902,-926.231934,1.0,967.0542199497296,554.8556089946144
1675,0.105469,251.895386,-926.217468,1.0,968.3069049497296,556.1125979946145
1676,0.105469,253.960403,-926.206055,1.0,965.7368979497296,551.0696599946145
1677,0.103516,256.003204,-926.198425,1.0,966.7753499497296,558.1017639946144
1678,0.103516,258.066803,-926.194763,1.0,965.4159139497297,555.8189579946145
1679,0.111328,260.240875,-926.194946,1.0,965.0384729497297,553.8470639946145
1680,0.107422,262.398224,-926.199036,1.0,964.9422809497296,552.7416869946144
1681,0.103516,264.471802,-926.20575,1.0,962.9777429497296,553.2576169946144
1682,0.105469,266.547394,-926.215088,1.0,1041.6239219497297,590.0530579946144
1683,0.103516,268.634979,-926.226746,1.0,1044.2250569497296,580.1590459946144
1684,0.105469,270.740753,-926.240479,1.0,1035.3027549497297,579.3237489946144
1685,0.103516,272.827545,-926.256104,1.0,1013.8678799497296,574.7297549946145
1686,0.105469,274.944427,-926.273315,1.0,1016.0167439497296,577.5215029946145
1687,0.101562,277.018585,-926.290771,1.0,1019.3784389497297,575.5549499946144
1688,0.103516,279.09552,-926.308411,1.0,1022.8742879497296,575.7808719946145
1689,0.115234,281.436157,-926.32782,1.0,976.3894249497297,541.9681279946144
1690,0.115234,283.779205,-926.346802,1.0,969.3969319497296,534.0135379946145
1691,0.111328,286.052216,-926.365051,1.0,961.3720909497297,540.6913939946145
1692,0.111328,288.344391,-926.383179,1.0,967.3151449497296,539.3688229946144
1693,0.109375,290.583557,-926.401184,1.0,977.2854209497297,543.1824219946145
1694,0.109375,292.840576,-926.419373,1.0,975.6461999497296,545.5776859946145
1695,0.113281,295.165955,-926.438416,1.0,977.1385709497297,539.0881839946144
1696,0.109375,297.434326,-926.457031,1.0,977.7575889497297,536.9720639946145
1697,0.111328,299.701843,-926.475403,1.0,935.6330159497296,510.50718999461446
1698,0.109375,301.996368,-926.494019,1.0,940.5230309497297,523.7220639946145
1699,0.113281,304.326691,-926.512878,1.0,944.2970179497296,521.0121949946144
1700,0.111328,306.629364,-926.531494,1.0,950.9262899497296,516.0110349946144
1701,0.111328,308.92395,-926.55011,1.0,957.0573939497297,511.9855229946145
1702,0.109375,311.201324,-926.568604,1.0,965.6269129497297,502.11613799461446
1703,0.113281,313.511627,-926.587219,1.0,946.0159509497296,506.5972169946145
1704,0.113281,315.803284,-926.605835,1.0,932.9068809497296,510.72862599461445
1705,0.111328,318.046875,-926.624084,1.0,934.1020719497296,502.9348629946145
1706,0.113281,320.251221,-926.641968,1.0,926.1550499497297,494.94771099461445
1707,0.101562,322.126556,-926.657104,1.0,931.9790859497297,495.86897599461446
1708,0.111328,324.086914,-926.672852,1.0,958.4947719497296,501.38951399461445
1709,0.113281,325.926697,-926.687683,1.0,1004.6103109497296,510.34230399461444
1710,0.111328,327.649109,-926.70166,1.0,1010.5219929497297,504.02318099461445
1711,0.111328,329.240356,-926.714478,1.0,1016.1624349497297,486.26365999461444
1712,0.111328,330.712463,-926.726379,1.0,1022.9631549497296,472.63316699461444
1713,0.111328,332.052979,-926.737244,1.0,969.0033779497296,499.00245999461447
1714,0.109375,333.257355,-926.747009,1.0,964.6640829497296,515.0246769946145
1715,0.111328,334.337006,-926.755798,1.0,970.7788289497296,503.54902999461444
1716,0.109375,335.276855,-926.763428,1.0,970.4809779497297,488.15812999461446
1717,0.107422,336.091003,-926.77002,1.0,972.6040249497296,490.53648699461445
1718,0.111328,336.801941,-926.775696,1.0,974.8700769497297,475.99611199461447
1719,0.105469,337.371613,-926.780273,1.0,980.1648769497297,477.28328299461447
1720,0.107422,337.838226,-926.784058,1.0,990.9124349497297,468.0508609946145
1721,0.105469,338.202606,-926.786926,1.0,982.1375329497297,450.18138399461446
1722,0.107422,338.457153,-926.789001,1.0,981.5810139497296,448.31126699461447
1723,0.105469,338.603699,-926.790161,1.0,983.2528279497296,451.2462649946145
1724,0.107422,338.648041,-926.790466,1.0,985.5047809497296,453.2726009946145
1725,0.113281,338.640259,-926.790344,1.0,984.4513149497296,438.96931799461447
1726,0.111328,338.626129,-926.790344,1.0,982.7473959497296,438.7894469946145
1727,0.105469,338.619843,-926.790405,1.0,978.4357509497296,441.95631699461444
1728,0.107422,338.621063,-926.790344,1.0,1059.2957969497297,305.82779299461447
1729,0.105469,338.625763,-926.790344,1.0,1132.3759969497296,233.31335799461448
1730,0.105469,338.631226,-926.790466,1.0,1070.2730919497299,401.01205799461445
1731,0.103516,338.636993,-926.790466,1.0,1438.5766809497295,452.83824499461446
1732,0.105469,338.644379,-926.790405,1.0,1490.7723599497294,469.13569999461447
1733,0.103516,338.654144,-926.790344,1.0,1484.5685019497296,472.05656799461445
1734,0.101562,338.666473,-926.790344,1.0,1486.0047809497296,13.161303994614457
1735,0.103516,338.681305,-926.790283,1.0,1486.0047809497296,13.161303994614457
1736,0.107422,338.698792,-926.790344,1.0,1486.0047809497296,13.161303994614457
1737,0.111328,338.718933,-926.790344,1.0,1486.0047809497296,13.161303994614457
1738,0.105469,338.73996,-926.79071,1.0,1486.0047809497296,13.161303994614457
1739,0.103516,338.762604,-926.791016,1.0,1297.1718959497298,497.6835819946145
1740,0.103516,338.787292,-926.79126,1.0,1302.9553429497296,499.7472109946145
1741,0.107422,338.814789,-926.791626,1.0,1335.1313679497298,495.1980779946145
1742,0.103516,338.843414,-926.791931,1.0,1607.4016319497296,531.9364199946144
1743,0.101562,338.873627,-926.792297,1.0,1607.1106159497294,522.8923829946145
1744,0.103516,338.905426,-926.792603,1.0,1599.9732869497298,520.3401979946145
1745,0.115234,338.943634,-926.792908,1.0,1822.8180139497294,553.0545529946145
1746,0.111328,338.983246,-926.793274,1.0,1823.3307089497298,537.5446049946145
1747,0.113281,339.024475,-926.793579,1.0,1821.4834189497296,543.9198489946145
1748,0.109375,339.067535,-926.793945,1.0,1781.2862759497298,532.8358029946145
1749,0.107422,339.110626,-926.794312,1.0,449.5645039497296,543.4570799946144
1750,0.103516,339.154877,-926.794556,1.0,453.18086794972965,542.6175419946144
1751,0.105469,339.20108,-926.794922,1.0,328.14577294972963,516.7812679946144
1752,0.105469,339.249512,-926.795227,1.0,199.11015894972965,507.47725199461445
1753,0.103516,339.299133,-926.795532,1.0,195.80446394972964,500.6422909946145
1754,0.111328,339.353455,-926.795898,1.0,275.49379494972965,499.3945189946145
1755,0.111328,339.409821,-926.796265,1.0,487.15614894972964,486.58619999461445
1756,0.109375,339.46814,-926.796509,1.0,918.8370569497297,495.1934689946145
1757,0.111328,339.528656,-926.796875,1.0,924.6437589497297,490.18931899461444
1758,0.109375,339.58963,-926.797302,1.0,914.6507169497296,483.9734989946145
1759,0.109375,339.652954,-926.797974,1.0,919.3888759497296,489.12517099461445
1760,0.111328,339.718536,-926.798584,1.0,920.2606409497297,473.4163389946145
1761,0.113281,339.78775,-926.799316,1.0,922.6141559497296,484.4568669946145
1762,0.111328,339.857697,-926.799988,1.0,930.6876429497296,473.12446899461446
1763,0.111328,339.933472,-926.800659,1.0,934.4544879497296,481.07414599461447
1764,0.109375,340.025391,-926.801453,1.0,929.3336389497297,482.64741799461444
1765,0.113281,340.162628,-926.802612,1.0,1050.9450279497296,170.45996799461446
1766,0.103516,340.336731,-926.803955,1.0,1021.1923429497297,242.38325799461447
1767,0.113281,340.57373,-926.805908,1.0,993.0970669497297,322.35321399461446
1768,0.113281,340.865601,-926.808228,1.0,1012.9863489497296,446.11616799461444
1769,0.115234,341.214081,-926.811035,1.0,1007.5689289497296,458.2482179946145
1770,0.115234,341.615906,-926.81427,1.0,1010.3463339497297,451.71556399461446
1771,0.113281,342.070129,-926.8172,1.0,977.9454549497297,477.43199499461446
1772,0.113281,342.568909,-926.819946,1.0,958.5835779497296,495.66008299461447
1773,0.113281,343.128693,-926.822205,1.0,962.1608479497296,489.98176899461447
1774,0.101562,343.6651,-926.823669,1.0,970.2589319497297,495.4456969946145
1775,0.111328,344.303619,-926.824646,1.0,978.9796349497296,481.23695699461445
1776,0.109375,344.98468,-926.824585,1.0,974.5088099497297,482.3568299946145
1777,0.109375,345.71283,-926.823303,1.0,978.1951499497296,483.0427739946145
1778,0.111328,346.510864,-926.82019,1.0,983.2007039497296,468.08482699461445
1779,0.109375,347.335114,-926.81488,1.0,983.5927939497296,468.94291999461444
1780,0.107422,348.199493,-926.807373,1.0,990.2307949497297,476.22630599461445
1781,0.109375,349.125244,-926.796814,1.0,991.5172329497296,478.0020939946145
1782,0.111328,350.099609,-926.783203,1.0,971.6806849497297,498.95826999461445
1783,0.111328,351.145935,-926.765381,1.0,949.4117639497297,532.8420899946145
1784,0.113281,352.23941,-926.743713,1.0,952.8441979497296,542.3244509946144
1785,0.111328,353.344727,-926.719299,1.0,952.2343959497297,525.4629089946145
1786,0.115234,354.541046,-926.691101,1.0,953.4096279497296,526.3316219946145
1787,0.113281,355.778503,-926.661072,1.0,959.6347859497297,534.5138119946145
1788,0.111328,357.048645,-926.629761,1.0,962.6525479497296,521.4905579946144
1789,0.111328,358.369049,-926.597046,1.0,963.2860929497297,527.0665469946144
1790,0.113281,359.756653,-926.562195,1.0,966.9909259497297,522.1290469946144
1791,0.109375,361.145294,-926.527161,1.0,968.5848599497297,524.0635869946145
1792,0.111328,362.58078,-926.490784,1.0,970.5586139497296,524.6362489946144
1793,0.109375,364.021118,-926.454163,1.0,1023.7480069497296,542.2947269946144
1794,0.107422,365.483246,-926.41687,1.0,1047.2907919497297,554.1316709946145
1795,0.109375,367.006927,-926.378174,1.0,1056.8601279497298,567.4079469946145
1796,0.113281,368.595886,-926.33783,1.0,1055.6724449497297,557.5127439946145
1797,0.115234,370.230194,-926.296509,1.0,1057.5593469497298,569.3882939946145
1798,0.111328,371.879608,-926.254761,1.0,1002.7096759497297,576.9358089946145
1799,0.113281,373.548065,-926.213257,1.0,1007.5653889497296,552.9061459946145
1800,0.109375,375.200653,-926.174438,1.0,995.3092249497296,558.7954289946144
1801,0.109375,376.893311,-926.138123,1.0,994.6286219497297,556.9475279946145
1802,0.109375,378.592255,-926.105774,1.0,995.9974569497297,541.8925969946145
1803,0.107422,380.322662,-926.077271,1.0,1184.6427209497297,407.2073849946145
1804,0.111328,382.127319,-926.052185,1.0,1440.7828579497295,184.63589199461447
1805,0.111328,384.00174,-926.030457,1.0,1254.4582729497297,258.6988709946145
1806,0.109375,385.910309,-926.01239,1.0,979.6939289497296,409.1356539946145
1807,0.111328,387.879395,-925.998169,1.0,987.1816609497297,415.74251099461446
1808,0.111328,389.862335,-925.988831,1.0,954.6204429497296,548.5988649946145
1809,0.109375,391.879578,-925.985046,1.0,953.1349079497296,542.6509279946144
1810,0.113281,393.929352,-925.987122,1.0,935.8470669497297,453.22456699461446
1811,0.111328,396.024658,-925.995544,1.0,937.0688069497296,288.91659899461445
1812,0.101562,397.925537,-926.008606,1.0,936.7659509497296,286.4280579946145
1813,0.113281,400.047729,-926.028259,1.0,932.0527549497297,542.6438479946145
1814,0.111328,402.190399,-926.052185,1.0,942.6903279497296,539.5104249946145
1815,0.111328,404.341736,-926.077759,1.0,934.3629969497297,536.8519779946145
1816,0.107422,406.448761,-926.102722,1.0,930.4983729497296,556.6588319946145
1817,0.105469,408.499115,-926.126038,1.0,929.4851889497296,565.4147829946145
1818,0.109375,410.670349,-926.149414,1.0,936.6632289497296,564.8897579946145
1819,0.107422,412.841827,-926.170959,1.0,932.3397419497296,565.4023009946145
1820,0.107422,415.003693,-926.19104,1.0,932.4232379497296,560.6887699946144
1821,0.107422,417.184937,-926.209534,1.0,939.7807819497297,558.7058289946144
1822,0.107422,419.380829,-926.22583,1.0,943.3103839497296,556.3660459946145
1823,0.107422,421.583557,-926.238525,1.0,947.7714439497296,554.4607419946144
1824,0.105469,423.787811,-926.245605,1.0,945.6383869497297,558.0529659946144
1825,0.107422,426.014984,-926.245361,1.0,906.4045619497297,295.09897199461443
1826,0.111328,428.279053,-926.236694,1.0,905.1872159497296,292.5257299946145
1827,0.111328,430.578369,-926.218506,1.0,911.1023769497297,539.7282899946144
1828,0.101562,432.625763,-926.194641,1.0,915.6187339497296,541.3235049946145
1829,0.103516,434.68808,-926.163574,1.0,919.5580039497296,545.2560299946144
1830,0.105469,436.69635,-926.12677,1.0,929.8604939497296,532.4328799946145
1831,0.101562,438.58786,-926.086609,1.0,950.3746549497297,539.8275939946145
1832,0.103516,440.447784,-926.042725,1.0,968.6780599497297,542.6288639946144
1833,0.113281,442.405212,-925.993347,1.0,975.5615439497296,543.9234799946145
1834,0.113281,444.247131,-925.945618,1.0,962.9439899497296,538.2856019946145
1835,0.109375,445.943207,-925.901794,1.0,962.6927699497296,536.2671389946145
1836,0.107422,447.550964,-925.861389,1.0,968.1923429497297,536.2825199946144
1837,0.109375,449.081512,-925.82489,1.0,962.6072589497296,525.6589229946144
1838,0.111328,450.54187,-925.792175,1.0,966.5363979497297,518.9830199946146
1839,0.109375,451.905823,-925.763977,1.0,963.0758259497296,497.6775699946145
1840,0.109375,453.179565,-925.740051,1.0,923.1965539497296,385.83787899461447
1841,0.109375,454.367584,-925.720215,1.0,912.5930379497296,302.88449399461445
1842,0.109375,455.455719,-925.704407,1.0,917.3160609497296,309.70442499461444
1843,0.107422,456.44339,-925.6922,1.0,916.9595539497296,300.47626099461445
1844,0.109375,457.343811,-925.682983,1.0,916.4315999497296,313.74151899461447
1845,0.109375,458.154114,-925.676086,1.0,924.9467979497297,393.7177159946145
1846,0.109375,458.873932,-925.671021,1.0,946.5515339497297,482.5428649946145
1847,0.111328,459.508636,-925.667419,1.0,938.0335289497297,490.83449099461444
1848,0.109375,460.062134,-925.664673,1.0,937.6270959497297,481.9233579946145
1849,0.109375,460.542999,-925.662659,1.0,539.3914389497297,559.0521419946144
1850,0.109375,460.955627,-925.661194,1.0,469.9548549497296,576.2091249946145
1851,0.111328,461.314728,-925.659912,1.0,474.04308094972964,579.6475099946144
1852,0.109375,461.612701,-925.65918,1.0,469.2181599497296,576.6427799946144
1853,0.109375,461.85614,-925.658508,1.0,364.0118619497296,670.2515749946144
1854,0.107422,462.052032,-925.658142,1.0,361.15141794972965,668.0381959946145
1855,0.109375,462.200317,-925.657898,1.0,979.9302579497296,641.8980589946145
1856,0.109375,462.303741,-925.657776,1.0,972.9361779497297,645.5031309946145
1857,0.107422,462.361725,-925.657715,1.0,932.1689659497297,534.8313479946145
1858,0.107422,462.387024,-925.657776,1.0,899.8139249497297,272.3308749946145
1859,0.107422,462.395264,-925.657715,1.0,916.8681239497297,305.1618989946145
1860,0.109375,462.400452,-925.657837,1.0,917.2719319497296,317.9023929946145
1861,0.111328,462.409119,-925.657776,1.0,908.6369839497296,320.71495399461446
1862,0.109375,462.4216,-925.657715,1.0,964.0343219497296,541.1819029946145
1863,0.101562,462.436035,-925.657776,1.0,959.5666709497297,538.9326969946144
1864,0.113281,462.461884,-925.657776,1.0,960.3340659497296,543.4357479946145
1865,0.111328,462.524719,-925.657593,1.0,949.1316739497296,541.4332459946145
1866,0.111328,462.640106,-925.657349,1.0,945.9897059497297,553.1752199946145
1867,0.109375,462.805359,-925.656738,1.0,948.2043049497296,535.0286439946144
1868,0.109375,463.01947,-925.656006,1.0,955.8783169497297,536.2231939946145
1869,0.109375,463.283264,-925.65448,1.0,523.7638759497297,474.58009699461445
1870,0.109375,463.597443,-925.6521,1.0,200.86272194972963,494.5359989946145
1871,0.107422,463.947937,-925.648804,1.0,197.10399394972964,493.1956059946145
1872,0.103516,464.338379,-925.644104,1.0,189.97174594972964,488.71614399461447
1873,0.103516,464.772888,-925.63739,1.0,191.13231394972965,485.66371499461445
1874,0.105469,465.256439,-925.627441,1.0,234.29884894972963,598.1425049946145
1875,0.109375,465.809723,-925.611328,1.0,218.73479194972964,598.8675109946145
1876,0.107422,466.40741,-925.585876,1.0,237.18283594972965,581.4583919946144
1877,0.109375,467.049591,-925.545959,1.0,232.25092094972965,585.5739319946144
1878,0.111328,467.761871,-925.480957,1.0,245.77301594972963,550.7860899946145
1879,0.107422,468.492584,-925.384827,1.0,343.02437394972964,411.8327209946145
1880,0.105469,469.251801,-925.243835,1.0,353.78929694972965,413.36082799461445
1881,0.103516,470.006073,-925.050964,1.0,445.54933694972965,471.90925899461445
1882,0.101562,470.75531,-924.796387,1.0,483.9673969497296,474.57161299461444
1883,0.107422,471.551331,-924.445923,1.0,529.9770719497296,457.96309199461444
1884,0.101562,472.298279,-924.033813,1.0,568.5064289497296,460.6324039946145
1885,0.113281,473.099426,-923.490662,1.0,638.9714559497296,465.9396849946145
1886,0.109375,473.855927,-922.868408,1.0,615.9911709497296,455.56144999461446
1887,0.103516,474.532166,-922.206848,1.0,614.7073569497296,478.35234399461444
1888,0.109375,475.206299,-921.439331,1.0,672.6020719497296,419.9455139946145
1889,0.109375,475.871796,-920.592529,1.0,741.8056849497297,478.18001099461446
1890,0.113281,476.556458,-919.672546,1.0,844.9969079497297,479.24766899461446
1891,0.113281,477.2724,-918.715698,1.0,846.9320279497297,445.37492699461444
1892,0.113281,478.045135,-917.739441,1.0,849.1667079497296,431.7303039946145
1893,0.109375,478.874481,-916.78186,1.0,863.5266319497297,462.04036299461444
1894,0.113281,479.784119,-915.829468,1.0,832.2670499497297,467.9614139946145
1895,0.109375,480.739197,-914.913086,1.0,810.0900479497296,468.61854899461446
1896,0.109375,481.738373,-914.001343,1.0,781.3407799497296,395.22177399461447
1897,0.105469,482.746948,-913.078064,1.0,704.4082849497296,329.8884459946145
1898,0.111328,483.809418,-912.045532,1.0,745.3855189497297,427.4257689946145
1899,0.101562,484.747437,-911.041077,1.0,749.4624839497296,397.6757689946145
1900,0.105469,485.658966,-909.941711,1.0,555.8538419497296,440.44566699461444
1901,0.107422,486.54126,-908.722839,1.0,592.3023279497296,425.38725599461446
1902,0.111328,487.377594,-907.387634,1.0,623.2060749497297,434.68275799461446
1903,0.115234,488.153961,-905.947937,1.0,638.8764249497297,441.5726499946145
1904,0.111328,488.839569,-904.466919,1.0,659.1781819497296,446.5723149946145
1905,0.109375,489.438812,-902.950256,1.0,683.7497769497296,368.06457799461447
1906,0.109375,489.952881,-901.394531,1.0,725.1147669497296,379.1304959946145
1907,0.105469,490.368927,-899.813538,1.0,696.2586269497297,402.21107799461447
1908,0.109375,490.672302,-898.167908,1.0,730.9292809497297,362.1830019946145
1909,0.111328,490.851776,-896.494385,1.0,771.5681969497297,345.6396519946145
1910,0.107422,490.919922,-894.901489,1.0,817.0597129497296,348.95041199461446
1911,0.101562,490.918976,-893.444336,1.0,860.0813199497296,352.67714199461443
1912,0.101562,490.868469,-892.07373,1.0,895.4185389497296,357.43406999461445
1913,0.101562,490.764008,-890.808289,1.0,952.3244839497296,455.9303159946145
1914,0.113281,490.573944,-889.445068,1.0,990.8178919497296,463.63951399461445
1915,0.103516,490.352661,-888.288574,1.0,1050.9611409497297,457.86445899461444
1916,0.101562,490.087616,-887.214355,1.0,1137.7055869497294,554.4518919946145
1917,0.101562,489.815857,-886.213806,1.0,1120.8401089497297,546.4727659946145
1918,0.113281,489.519379,-885.149231,1.0,1119.3161829497299,555.7646359946145
1919,0.103516,489.276825,-884.248474,1.0,1145.7831019497298,552.4764279946145
1920,0.101562,489.064209,-883.383911,1.0,1206.0400599497298,579.0804319946144
1921,0.115234,488.859314,-882.435181,1.0,1159.7243859497298,561.5625789946145
1922,0.105469,488.702301,-881.602966,1.0,1125.5258999497296,548.3847229946145
1923,0.101562,488.571899,-880.845398,1.0,1126.7807819497298,547.9027279946145
1924,0.107422,488.447083,-880.092896,1.0,1194.4493619497298,543.3150509946145
1925,0.103516,488.334106,-879.414978,1.0,1331.3567099497295,545.6978939946144
1926,0.113281,488.217072,-878.727051,1.0,1332.6937459497294,548.1883119946144
1927,0.101562,488.120697,-878.164917,1.0,1186.4778039497296,520.6040529946144
1928,0.113281,488.020752,-877.569702,1.0,1173.5863239497298,582.5081969946145
1929,0.103516,487.939362,-877.062683,1.0,1180.7197469497296,595.6608769946145
1930,0.101562,487.862579,-876.56073,1.0,1189.3465779497296,594.1489439946145
1931,0.113281,487.781097,-876.003906,1.0,1185.0766809497295,598.1999699946145
1932,0.113281,487.703583,-875.459229,1.0,1117.6855679497298,554.6527889946144
1933,0.101562,487.63559,-874.975403,1.0,1119.0401819497297,540.9476199946145
1934,0.101562,487.568909,-874.498047,1.0,1112.9591269497296,548.5019409946144
1935,0.103516,487.502167,-874.017151,1.0,985.2124839497296,581.9055669946144
1936,0.103516,487.437225,-873.542786,1.0,982.1748249497297,568.1104009946145
1937,0.103516,487.375793,-873.083923,1.0,986.3633629497297,560.6040219946144
1938,0.107422,487.313965,-872.608398,1.0,987.8391319497297,562.4428589946144
1939,0.101562,487.257355,-872.158813,1.0,978.7967129497297,548.5891909946145
1940,0.101562,487.203735,-871.719421,1.0,980.7033899497296,555.6703369946144
1941,0.113281,487.145844,-871.231445,1.0,981.9607139497297,554.8301579946144
1942,0.111328,487.091156,-870.757568,1.0,980.3809409497296,560.7912169946144
1943,0.113281,487.037964,-870.284546,1.0,971.0976159497296,553.6929809946145
1944,0.111328,486.987305,-869.820435,1.0,975.4648639497296,560.0341979946145
1945,0.113281,486.937683,-869.351807,1.0,948.8279019497296,551.5181759946145
1946,0.105469,486.892242,-868.908264,1.0,883.7451379497296,563.2183409946144
1947,0.113281,486.841278,-868.392578,1.0,876.1660969497296,554.2992739946144
1948,0.103516,486.79184,-867.873291,1.0,1140.1244099497299,343.26869499461446
1949,0.101562,486.741119,-867.319336,1.0,1040.1222129497296,307.72288799461444
1950,0.111328,486.684784,-866.676941,1.0,1038.4339809497296,355.48308099461445
1951,0.107422,486.628357,-866.000977,1.0,1429.1666469497295,174.51172999461446
1952,0.111328,486.571564,-865.286499,1.0,1427.5500699497297,173.46249299461448
1953,0.101562,486.520538,-864.605896,1.0,1212.8947959497295,187.95017899461448
1954,0.101562,486.47052,-863.892944,1.0,1044.2713829497297,396.2609439946145
1955,0.101562,486.422577,-863.154968,1.0,1053.4843349497296,490.58000499461446
1956,0.105469,486.374115,-862.349548,1.0,1033.8321129497297,512.7657349946145
1957,0.109375,486.326782,-861.50592,1.0,1006.6116539497297,542.1609379946144
1958,0.103516,486.283234,-860.675049,1.0,1003.8658649497296,545.4669979946145
1959,0.107422,486.239319,-859.778442,1.0,995.6236779497297,539.8535339946145
1960,0.105469,486.197937,-858.868652,1.0,995.4112149497296,532.9767949946145
1961,0.109375,486.158508,-857.905334,1.0,1000.0843709497296,526.8023259946144
1962,0.113281,486.125763,-856.896606,1.0,996.5378629497296,524.4505189946144
1963,0.113281,486.106232,-855.840759,1.0,1016.8467609497296,515.0471069946145
1964,0.113281,486.106232,-854.769165,1.0,1090.2748009497295,518.1150389946145
1965,0.107422,486.128632,-853.730042,1.0,1065.3183799497297,517.8262509946144
1966,0.105469,486.174225,-852.668335,1.0,1051.3168539497296,506.3880799946145
1967,0.103516,486.244354,-851.565186,1.0,1025.5124719497296,505.0553159946145
1968,0.107422,486.341858,-850.386169,1.0,1010.8865559497297,505.0448489946145
1969,0.107422,486.463623,-849.177734,1.0,1010.0873009497296,515.0126219946144
1970,0.105469,486.613037,-847.929565,1.0,998.9464929497296,514.7401309946144
1971,0.111328,486.802124,-846.588867,1.0,1013.2129109497297,517.7173949946146
1972,0.107422,487.015167,-845.267822,1.0,1001.8819179497297,522.4227169946145
1973,0.109375,487.259735,-843.907043,1.0,978.7395229497297,513.5321839946145
1974,0.109375,487.522766,-842.549927,1.0,836.7316489497297,506.55082999461445
1975,0.105469,487.784363,-841.241272,1.0,832.1164149497297,507.01121799461447
1976,0.105469,488.030365,-839.965515,1.0,815.0463459497296,480.8072999946145
1977,0.105469,488.252716,-838.693665,1.0,816.5095419497296,496.8333009946145
1978,0.107422,488.439392,-837.460388,1.0,827.5033169497297,495.49260299461446
1979,0.103516,488.581787,-836.322571,1.0,840.4919029497296,488.5822939946145
1980,0.105469,488.68811,-835.261292,1.0,848.8959559497297,495.52025199461445
1981,0.105469,488.765503,-834.287903,1.0,880.1197109497297,359.8644899946145
1982,0.103516,488.822327,-833.412903,1.0,883.3555509497296,391.83450599461446
1983,0.101562,488.864105,-832.655029,1.0,876.9979459497297,533.0213499946144
1984,0.101562,488.897125,-831.988708,1.0,888.3357139497297,520.0248599946144
1985,0.113281,488.9263,-831.339661,1.0,897.6903279497296,520.2336919946144
1986,0.101562,488.945465,-830.870422,1.0,907.4753009497297,509.73231799461445
1987,0.113281,488.960907,-830.446106,1.0,913.1689659497297,502.86622899461446
1988,0.115234,488.970581,-830.134094,1.0,1137.0455529497294,503.12361499461446
1989,0.101562,488.975159,-829.953918,1.0,1139.2832239497297,505.81251799461444
1990,0.101562,488.976898,-829.862671,1.0,1145.6231899497297,490.59880399461446
1991,0.103516,488.976715,-829.849487,1.0,1151.3498739497295,487.7472109946145
1992,0.107422,488.97641,-829.860168,1.0,967.0398769497297,505.7326229946145
1993,0.103516,488.976593,-829.871277,1.0,965.3881429497296,505.3364139946145
1994,0.103516,488.977112,-829.875305,1.0,957.9344079497297,500.35454099461447
1995,0.103516,488.977722,-829.872742,1.0,958.7884119497296,500.79335299461445
1996,0.107422,488.977997,-829.868103,1.0,909.4513149497296,522.5847659946145
1997,0.103516,488.977905,-829.865784,1.0,839.6502279497296,477.5216859946145
1998,0.101562,488.97757,-829.866028,1.0,821.0544029497296,499.14732699461445
1999,0.115234,488.977203,-829.867737,1.0,962.8299769497296,477.0142699946145
2000,0.115234,488.977081,-829.868958,1.0,1098.0681359497298,551.1496769946145
2001,0.101562,488.977112,-829.868896,1.0,1092.6140339497297,559.8156919946144
2002,0.113281,488.977234,-829.868164,1.0,1093.8713589497297,566.5054199946144
2003,0.107422,488.977295,-829.867676,1.0,1098.6526089497297,560.7488279946144
2004,0.103516,488.977325,-829.867615,1.0,1083.0853479497296,518.2320739946144
2005,0.113281,488.977325,-829.867798,1.0,1176.7415979497296,437.4323919946145
2006,0.103516,488.977264,-829.867798,1.0,1184.9620569497297,454.9911069946145
2007,0.113281,488.977234,-829.865662,1.0,1187.6858119497297,454.6114689946145
2008,0.101562,488.977386,-829.861633,1.0,1186.7774869497298,463.3470339946145
2009,0.115234,488.9776,-829.85437,1.0,1004.2828579497296,355.37082199461446
2010,0.101562,488.977966,-829.845642,1.0,927.4377039497297,313.08879399461443
2011,0.115234,488.978333,-829.833435,1.0,933.0208949497296,306.3584469946145
2012,0.115234,488.97879,-829.818848,1.0,934.1882529497296,457.6719239946145
2013,0.101562,488.979279,-829.80365,1.0,935.9206139497296,457.31221299461447
2014,0.103516,488.979736,-829.786316,1.0,936.9456379497296,466.7023189946145
2015,0.103516,488.980316,-829.766479,1.0,935.5191859497296,456.7084839946145
2016,0.109375,488.981171,-829.735229,1.0,944.2155969497296,455.45836199461445
2017,0.103516,488.982819,-829.676514,1.0,943.3607379497296,463.66081599461444
2018,0.107422,488.985382,-829.583252,1.0,949.2444669497296,448.42677599461445
2019,0.103516,488.988251,-829.475037,1.0,944.1112269497296,447.0124999946145
2020,0.105469,488.991425,-829.351013,1.0,942.3384609497297,442.88832399461444
2021,0.101562,488.994995,-829.203247,1.0,945.6976529497297,440.10060399461446
2022,0.101562,488.999237,-829.025391,1.0,912.6595669497297,463.15968599461445
2023,0.103516,489.003754,-828.822205,1.0,893.5871179497296,481.04838899461447
2024,0.103516,489.008484,-828.590759,1.0,897.0100919497296,477.9073979946145
2025,0.103516,489.013336,-828.320984,1.0,904.6458949497296,476.3065369946145
2026,0.101562,489.018097,-828.019165,1.0,910.4284879497296,476.76777999461444
2027,0.101562,489.022217,-827.687317,1.0,919.8902799497297,462.41026599461446
2028,0.103516,489.025513,-827.315674,1.0,925.7081509497297,461.59810199461447
2029,0.101562,489.027802,-826.905029,1.0,930.2242639497297,462.3375119946145
2030,0.101562,489.028687,-826.464844,1.0,940.5320639497296,458.0869329946145
2031,0.111328,489.027496,-825.930115,1.0,810.1634119497296,498.84685099461444
2032,0.113281,489.023804,-825.360107,1.0,811.4388639497297,495.93910499461447
2033,0.113281,489.016907,-824.743896,1.0,988.1858119497297,466.4748109946145
2034,0.101562,489.007904,-824.166382,1.0,1002.4718219497296,470.14036899461445
2035,0.113281,488.99411,-823.493408,1.0,1009.1977749497296,467.96910399461444
2036,0.113281,488.976135,-822.799011,1.0,1019.4464319497297,461.11571099461446
2037,0.113281,488.953461,-822.075562,1.0,1026.0384729497296,455.73942899461446
2038,0.113281,488.925812,-821.325073,1.0,1030.9713339497298,457.1091489946145
2039,0.115234,488.893402,-820.543335,1.0,1018.0024009497297,499.3959839946145
2040,0.113281,488.857056,-819.733032,1.0,1020.0146079497297,485.19496499461445
2041,0.101562,488.822052,-818.990723,1.0,968.5695399497297,514.3738279946144
2042,0.105469,488.783569,-818.197327,1.0,972.7026569497297,507.2751039946145
2043,0.101562,488.744965,-817.416016,1.0,989.7353719497296,524.8363529946145
2044,0.101562,488.705231,-816.612305,1.0,1001.9806729497296,555.2204159946145
2045,0.107422,488.662292,-815.739563,1.0,1003.4872639497296,553.6795229946144
2046,0.113281,488.61618,-814.797791,1.0,1008.0739949497297,542.8735229946144
2047,0.101562,488.574493,-813.939331,1.0,1004.9964199497297,546.5082279946145
2048,0.113281,488.527039,-812.952271,1.0,1006.9331259497296,549.0099369946145
2049,0.113281,488.47995,-811.94458,1.0,997.6418659497297,551.7102239946145
2050,0.109375,488.437042,-810.955505,1.0,995.2990319497296,554.4054749946145
2051,0.101562,488.400543,-810.011047,1.0,992.6750089497297,537.6543149946144
2052,0.113281,488.366608,-808.946594,1.0,987.3466389497296,549.5267519946144
2053,0.113281,488.341766,-807.861389,1.0,977.8543909497297,548.5202519946145
2054,0.111328,488.327057,-806.753235,1.0,970.2516079497296,549.0334959946144
2055,0.113281,488.321716,-805.576904,1.0,964.1239829497297,550.9490849946144
2056,0.111328,488.324615,-804.364136,1.0,950.8158779497296,547.0911439946144
2057,0.113281,488.333954,-803.077759,1.0,1021.4120689497296,458.2884099946145
2058,0.103516,488.346649,-801.853638,1.0,1473.3258259497297,224.51921399461446
2059,0.101562,488.361389,-800.610718,1.0,1183.9543659497294,307.4029419946145
2060,0.103516,488.377106,-799.362915,1.0,980.6864829497297,441.75773899461444
2061,0.103516,488.393951,-798.086426,1.0,975.7815149497296,440.1737249946145
2062,0.105469,488.412445,-796.764343,1.0,953.9422199497296,544.5915409946144
2063,0.103516,488.432343,-795.43103,1.0,955.9546109497296,542.0968809946145
2064,0.107422,488.453827,-794.073181,1.0,951.8341269497297,537.9209779946145
2065,0.103516,488.474915,-792.722412,1.0,952.9362389497296,546.7187069946144
2066,0.103516,488.494598,-791.347046,1.0,956.1919149497296,543.7753789946145
2067,0.113281,488.513,-789.828857,1.0,958.0573329497296,543.8764529946145
2068,0.103516,488.52594,-788.451721,1.0,955.6773279497296,550.8408389946144
2069,0.115234,488.536224,-786.880676,1.0,960.6245929497296,548.2749509946145
2070,0.113281,488.542877,-785.302917,1.0,959.7527669497297,549.8552429946144
2071,0.101562,488.546875,-783.886841,1.0,957.3301599497296,547.6093629946145
2072,0.101562,488.549652,-782.46814,1.0,951.6138509497297,548.5253479946145
2073,0.113281,488.552277,-780.841858,1.0,948.4878139497297,544.4532659946144
2074,0.113281,488.555145,-779.219482,1.0,935.8916219497296,550.2577389946144
2075,0.115234,488.559174,-777.558044,1.0,933.4912929497297,550.1855649946144
2076,0.113281,488.564758,-775.881958,1.0,954.2978109497296,558.7498959946145
2077,0.115234,488.572357,-774.18988,1.0,954.7072959497297,554.0197019946145
2078,0.113281,488.582031,-772.489929,1.0,949.7126669497296,551.4167669946145
2079,0.103516,488.592957,-770.911194,1.0,948.1292319497296,552.9531739946144
2080,0.103516,488.605408,-769.363953,1.0,927.9232999497297,559.5425899946144
2081,0.113281,488.621643,-767.605957,1.0,917.7757169497296,557.0841249946145
2082,0.113281,488.639923,-765.861206,1.0,924.5451259497296,559.8075439946144
2083,0.101562,488.658325,-764.279846,1.0,944.5547079497296,563.2746459946145
2084,0.101562,488.678497,-762.691956,1.0,943.0179649497296,568.3346129946144
2085,0.101562,488.700562,-761.068054,1.0,937.8707479497297,562.7292669946145
2086,0.101562,488.724091,-759.389648,1.0,938.7016809497296,565.9186889946145
2087,0.113281,488.750916,-757.489929,1.0,931.2945759497296,559.5384709946145
2088,0.113281,488.777771,-755.57312,1.0,936.9716999497297,552.2816039946144
2089,0.111328,488.804626,-753.622131,1.0,946.2537439497296,552.8196899946145
2090,0.101562,488.828644,-751.858154,1.0,918.1026819497297,456.44618499461444
2091,0.101562,488.852539,-750.095337,1.0,898.4721279497296,344.84694199461444
2092,0.115234,488.879883,-748.059448,1.0,935.2637539497297,483.19795499461446
2093,0.101562,488.903442,-746.268311,1.0,942.7439779497296,552.9922359946145
2094,0.103516,488.926819,-744.420715,1.0,951.4016929497296,545.4874759946144
2095,0.105469,488.949554,-742.527283,1.0,950.8761189497296,551.3663819946145
2096,0.111328,488.971802,-740.534424,1.0,951.0280359497297,547.2490419946145
2097,0.107422,488.991882,-738.579895,1.0,958.8484699497296,547.6783939946145
2098,0.105469,489.009583,-736.708069,1.0,896.6284999497296,277.03985899461446
2099,0.105469,489.025696,-734.865112,1.0,900.3782559497297,294.05203599461447
2100,0.101562,489.040283,-733.060181,1.0,900.9101159497296,311.5370359946145
2101,0.107422,489.054291,-731.173767,1.0,899.6636559497297,298.91632399461446
2102,0.103516,489.066559,-729.359558,1.0,894.0027059497296,298.65590199461445
2103,0.105469,489.077576,-727.539185,1.0,890.1665249497296,306.7888829946145
2104,0.105469,489.087433,-725.722839,1.0,899.1471149497296,298.62286699461447
2105,0.109375,489.096161,-723.864807,1.0,919.1258139497296,432.06697399461444
2106,0.109375,489.103485,-722.013611,1.0,950.0776569497297,564.0282169946145
2107,0.107422,489.109436,-720.185486,1.0,947.3670859497296,563.6830319946145
2108,0.111328,489.114044,-718.343384,1.0,947.9558309497296,564.2888669946144
2109,0.119141,489.117676,-716.346436,1.0,948.2237759497297,567.6372249946145
2110,0.113281,489.11969,-714.508545,1.0,924.4960529497297,565.0319089946145
2111,0.115234,489.120361,-712.738281,1.0,941.0448209497297,558.4906799946145
2112,0.113281,489.120117,-711.140564,1.0,939.2009479497297,566.3195069946145
2113,0.113281,489.119568,-709.643616,1.0,938.7201139497297,569.9193609946144
2114,0.113281,489.119049,-708.236328,1.0,939.5494589497297,562.2450749946145
2115,0.111328,489.118958,-707.001465,1.0,921.0122279497297,466.77214399461445
2116,0.111328,489.119232,-705.868896,1.0,879.7435509497296,284.3318209946145
2117,0.113281,489.11969,-704.856506,1.0,906.9731039497296,395.97568099461444
2118,0.109375,489.120178,-703.987122,1.0,956.1718349497296,568.0373409946144
2119,0.109375,489.120483,-703.239929,1.0,959.2774259497296,578.6888919946146
2120,0.109375,489.120544,-702.600464,1.0,965.3049519497297,583.1800719946145
2121,0.109375,489.120453,-702.067688,1.0,927.5556849497297,585.8689149946144
2122,0.111328,489.120209,-701.636719,1.0,937.8952839497297,573.7614929946144
2123,0.109375,489.119965,-701.323547,1.0,939.4512539497297,571.1452819946145
2124,0.113281,489.119751,-701.109497,1.0,939.2556359497296,565.8411739946145
2125,0.115234,489.119781,-701.012939,1.0,937.6961269497297,565.9186889946145
2126,0.111328,489.119843,-701.006226,1.0,941.9901939497296,564.7698549946144
2127,0.111328,489.119843,-701.019165,1.0,947.9247029497296,569.8497189946145
2128,0.109375,489.119873,-701.029175,1.0,943.0434779497297,567.9121279946145
2129,0.109375,489.119873,-701.03064,1.0,717.1202599497296,-109.27125200538552
2130,0.109375,489.119812,-701.026367,1.0,929.5714319497297,233.93360499461448
2131,0.107422,489.119843,-701.020447,1.0,879.1598719497297,273.0435589946145
2132,0.111328,489.119843,-701.014099,1.0,949.9278769497297,311.14949399461443
2133,0.109375,489.119843,-701.006531,1.0,935.2339679497296,349.28435099461444
2134,0.109375,489.119873,-700.995239,1.0,934.9580899497296,346.63214399461447
2135,0.109375,489.119843,-700.97522,1.0,947.9631549497296,418.7600889946145
2136,0.107422,489.119812,-700.935486,1.0,986.8864949497297,538.5458859946145
2137,0.109375,489.119843,-700.856689,1.0,985.5408529497296,524.3346129946144
2138,0.109375,489.119812,-700.730225,1.0,980.3545129497296,526.6086309946145
2139,0.107422,489.119629,-700.556274,1.0,979.7945149497297,525.2897219946144
2140,0.109375,489.119446,-700.336609,1.0,982.0727139497296,529.2350949946144
2141,0.105469,489.119263,-700.071777,1.0,974.8301599497296,515.5447879946145
2142,0.117188,489.119049,-699.736145,1.0,1011.2755329497296,493.7105589946145
2143,0.109375,489.118744,-699.40094,1.0,1014.8634239497296,494.83479599461447
2144,0.109375,489.118408,-699.048706,1.0,1019.5255939497297,497.84883399461444
2145,0.109375,489.118042,-698.693054,1.0,1019.9243369497296,496.28288599461445
2146,0.109375,489.117706,-698.321167,1.0,1021.7530719497296,493.56343399461446
2147,0.109375,489.117218,-697.915527,1.0,1026.8313199497297,481.44056999461446
2148,0.109375,489.116638,-697.478516,1.0,1030.3858239497297,481.09923099461446
2149,0.111328,489.115967,-697.007263,1.0,913.1942349497297,297.33600199461443
2150,0.109375,489.115295,-696.547852,1.0,912.8636679497297,296.89628899461445
2151,0.119141,489.114502,-696.052246,1.0,910.9730429497297,291.78195499461447
2152,0.107422,489.113708,-695.604065,1.0,974.6288049497297,522.4225949946144
2153,0.111328,489.112823,-695.146545,1.0,959.2137659497297,471.5706059946145
2154,0.109375,489.112,-694.724731,1.0,927.3602499497297,406.1295959946145
2155,0.111328,489.111298,-694.369385,1.0,898.9045619497297,304.59955199461444
2156,0.111328,489.110626,-694.06958,1.0,896.8052579497296,294.91177699461446
2157,0.107422,489.110107,-693.837341,1.0,1144.1899619497294,242.78545699461446
2158,0.111328,489.109711,-693.656921,1.0,1413.7885949497295,174.08000899461447
2159,0.111328,489.109436,-693.535217,1.0,1173.4399619497294,331.70146499461447
2160,0.107422,489.109283,-693.473389,1.0,1053.4202479497296,431.10704399461446
2161,0.101562,489.109283,-693.462585,1.0,1041.4414879497297,423.40419299461445
2162,0.111328,489.109283,-693.467957,1.0,955.2226159497296,472.0538509946145
2163,0.109375,489.109314,-693.475098,1.0,911.8806359497296,465.97227799461444
2164,0.109375,489.109314,-693.477844,1.0,916.6615199497296,460.63389899461447
2165,0.109375,489.109314,-693.476257,1.0,919.3591519497296,459.13597399461446
2166,0.109375,489.109314,-693.473572,1.0,923.0196739497296,523.1179989946145
2167,0.109375,489.109314,-693.47229,1.0,925.1555379497296,514.0723759946145
2168,0.109375,489.109314,-693.472595,1.0,902.8939419497297,450.2721739946145
2169,0.111328,489.109314,-693.473572,1.0,1092.3797809497296,195.38920899461448
2170,0.107422,489.109314,-693.47406,1.0,1084.0810749497296,232.25175799461448
2171,0.109375,489.109314,-693.47406,1.0,1027.0530599497297,188.76621599461447
2172,0.107422,489.109314,-693.473633,1.0,1041.5547079497296,198.42034899461447
2173,0.109375,489.109314,-693.473511,1.0,1155.6703089497296,256.58330899461447
2174,0.105469,489.109314,-693.473511,1.0,1174.1744589497298,266.60375499461446
2175,0.107422,489.109314,-693.473572,1.0,1068.2662559497298,198.48054099461447
2176,0.107422,489.109314,-693.473633,1.0,993.1238609497296,198.33978599461446
2177,0.105469,489.109314,-693.473694,1.0,1034.6882529497298,149.22720599461448
2178,0.107422,489.109314,-693.473633,1.0,1551.2545369497298,-19.461804005385545
2179,0.105469,489.109314,-693.473572,1.0,1549.2422079497296,-26.494946005385543
2180,0.107422,489.109314,-693.473572,1.0,1530.4074909497294,11.548266994614465
2181,0.107422,489.109314,-693.473572,1.0,1463.4505819497294,-72.25928900538554
2182,0.109375,489.109314,-693.473633,1.0,1463.4505819497294,-72.25928900538554
2183,0.107422,489.109314,-693.473633,1.0,1463.4505819497294,-72.25928900538554
2184,0.105469,489.109314,-693.473633,1.0,1463.4505819497294,-72.25928900538554
2185,0.107422,489.109314,-693.473633,1.0,1463.4505819497294,-72.25928900538554
2186,0.105469,489.109314,-693.473572,0.0,32.60292594972964,154.20842299461447
2187,0.107422,489.109314,-693.473572,0.0,32.60292594972964,154.20842299461447
2188,0.115234,489.109314,-693.473572,0.0,32.60292594972964,154.20842299461447
2189,0.109375,489.109314,-693.473633,1.0,1202.7738239497298,442.19386599461444
2190,0.107422,489.109314,-693.473633,1.0,1310.7020469497297,324.51617799461445
2191,0.109375,489.109314,-693.473633,1.0,1079.0195519497297,318.4742009946145
2192,0.107422,489.109314,-693.473572,1.0,1206.3036099497294,379.27440199461444
2193,0.111328,489.109314,-693.473633,1.0,1108.3982139497298,341.95456299461443
2194,0.107422,489.109314,-693.473633,1.0,1310.6671349497296,496.41533199461446
2195,0.107422,489.109314,-693.473633,1.0,1266.9269009497298,275.01576599461447
2196,0.105469,489.109314,-693.473633,1.0,1227.4631549497294,397.49634099461446
2197,0.107422,489.109314,-693.473633,1.0,1201.7124229497294,273.89160499461445
2198,0.107422,489.109314,-693.473633,1.0,1174.1115929497296,281.41265399461446
2199,0.107422,489.109314,-693.473633,1.0,1233.4030969497298,393.89308499461447
2200,0.109375,489.109314,-693.473633,1.0,1009.4426479497297,244.71480099461445
2201,0.113281,489.109314,-693.473633,1.0,961.4804889497296,465.24037499461446
2202,0.109375,489.109314,-693.473633,1.0,860.7656459497297,589.9557069946145
2203,0.107422,489.109314,-693.473633,1.0,1124.7440389497297,281.96081899461444
2204,0.107422,489.109314,-693.473633,1.0,1072.2643029497294,269.66853699461444
2205,0.105469,489.109314,-693.473633,1.0,1060.2881069497298,492.34483699461447
2206,0.105469,489.109314,-693.473633,1.0,1033.7629599497295,392.7296479946144
2207,0.107422,489.109344,-693.473633,1.0,1216.3460899497295,552.2816649946144
2208,0.109375,489.109314,-693.473633,1.0,1169.3093469497298,461.53209199461446
2209,0.111328,489.109314,-693.473633,1.0,1162.5167439497295,415.32844899461446
2210,0.107422,489.109314,-693.473633,1.0,1291.8990689497296,31.10650999461447
2211,0.109375,489.109314,-693.473572,1.0,1184.1229459497295,373.42659299461445
2212,0.109375,489.109314,-693.473633,1.0,1302.1363729497298,450.64583099461447
2213,0.107422,489.109314,-693.473633,1.0,1314.9601039497297,356.21353499461446
2214,0.107422,489.109314,-693.473572,1.0,1296.8883259497297,299.15205699461444
2215,0.107422,489.109314,-693.473633,1.0,1318.9503379497296,284.6093319946145
2216,0.107422,489.109314,-693.473633,1.0,1122.9787799497294,299.63275499461446
2217,0.109375,489.109314,-693.473633,1.0,1138.2351279497298,269.04501699461446
2218,0.117188,489.109314,-693.473572,1.0,1334.9699909497294,199.04059199461446
2219,0.115234,489.109344,-693.473633,1.0,1729.5437219497298,46.88426499461447
2220,0.113281,489.109314,-693.473633,1.0,1875.0582479497298,-18.311642005385522
2221,0.113281,489.109314,-693.473633,1.0,1774.5279749497295,-69.46941800538553
2222,0.113281,489.109314,-693.473083,1.0,1774.5279749497295,-69.46941800538553
2223,0.115234,489.109283,-693.470215,1.0,1078.7038779497298,1095.4424319946145
2224,0.115234,489.109314,-693.464539,1.0,1078.7038779497298,1095.4424319946145
2225,0.103516,489.109314,-693.457153,1.0,1078.7038779497298,1095.4424319946145
2226,0.101562,489.109314,-693.447754,1.0,1215.0639859497296,589.3845089946144
2227,0.115234,489.109314,-693.434631,1.0,989.1272789497297,682.1772949946145
2228,0.103516,489.109314,-693.420471,1.0,960.0627039497297,672.5198239946145
2229,0.115234,489.109314,-693.399353,1.0,958.4858609497296,631.1385989946145
2230,0.115234,489.109192,-693.360168,1.0,979.5342609497296,574.9136539946145
2231,0.115234,489.109009,-693.276978,1.0,962.1636559497297,528.4749329946144
2232,0.115234,489.108704,-693.140259,1.0,974.2722989497296,500.2508119946145
2233,0.115234,489.108246,-692.949585,1.0,1004.4507649497297,461.46583899461444
2234,0.107422,489.107666,-692.723389,1.0,1004.4507649497297,461.46583899461444
2235,0.115234,489.106903,-692.429138,1.0,1004.4507649497297,461.46583899461444
2236,0.101562,489.106079,-692.126221,1.0,1004.4507649497297,461.46583899461444
2237,0.115234,489.105011,-691.729675,1.0,1004.4507649497297,461.46583899461444
2238,0.115234,489.103729,-691.27771,0.0,32.60292594972964,154.20842299461447
2239,0.115234,489.102264,-690.777588,0.0,32.60292594972964,154.20842299461447
2240,0.113281,489.100555,-690.222351,0.0,32.60292594972964,154.20842299461447
2241,0.115234,489.098633,-689.612244,0.0,32.60292594972964,154.20842299461447
2242,0.113281,489.096497,-688.956848,0.0,32.60292594972964,154.20842299461447
2243,0.115234,489.093994,-688.23822,0.0,32.60292594972964,154.20842299461447
2244,0.115234,489.091187,-687.468811,0.0,32.60292594972964,154.20842299461447
2245,0.113281,489.088135,-686.676636,0.0,32.60292594972964,154.20842299461447
2246,0.115234,489.084717,-685.840881,0.0,32.60292594972964,154.20842299461447
2247,0.103516,489.081451,-685.067627,0.0,32.60292594972964,154.20842299461447
2248,0.113281,489.077484,-684.170227,1.0,1223.4967249497295,399.8651609946145
2249,0.115234,489.073273,-683.259155,1.0,1115.9045619497297,309.0662419946145
2250,0.103516,489.069336,-682.445312,1.0,1130.4404499497296,343.38945299461443
2251,0.117188,489.064789,-681.550476,1.0,956.4673669497297,145.14810399461447
2252,0.115234,489.060486,-680.734131,1.0,1012.3881429497296,364.6832459946145
2253,0.117188,489.056396,-679.980591,1.0,1012.3881429497296,364.6832459946145
2254,0.115234,489.052551,-679.306641,1.0,1012.3881429497296,364.6832459946145
2255,0.115234,489.049255,-678.731567,1.0,970.2287189497297,218.43093399461446
2256,0.115234,489.046295,-678.243286,1.0,898.4353229497297,150.10665099461445
2257,0.101562,489.04422,-677.898193,1.0,703.9453939497297,169.99102699461446
2258,0.117188,489.042389,-677.599182,1.0,899.1469929497297,170.06819399461446
2259,0.115234,489.041138,-677.401184,1.0,817.3610439497296,228.38524199461446
2260,0.117188,489.040466,-677.290344,1.0,926.6807459497296,216.01724599461446
2261,0.115234,489.0401,-677.226257,1.0,855.1148889497297,292.9401729946145
2262,0.115234,489.039764,-677.175232,1.0,1186.3813679497298,353.55798699461445
2263,0.101562,489.03949,-677.131714,1.0,1152.9122519497296,336.67862299461444
2264,0.115234,489.039124,-677.07843,1.0,1088.6388149497297,456.30766599461447
2265,0.115234,489.038727,-677.021545,1.0,1082.8460899497295,389.5393249946145
2266,0.117188,489.038391,-676.963684,1.0,1048.4040729497297,404.12242399461445
2267,0.115234,489.038025,-676.904785,1.0,1166.2765099497296,402.69099699461447
2268,0.117188,489.037689,-676.842896,1.0,1129.0196739497296,408.4913359946145
2269,0.117188,489.037354,-676.778076,1.0,1064.7745569497297,394.28407599461445
2270,0.101562,489.037018,-676.718567,1.0,1183.2898159497295,509.59822399461444
2271,0.101562,489.03656,-676.656494,1.0,1113.1694539497298,347.78110099461446
2272,0.115234,489.036041,-676.576904,1.0,1125.9200649497297,318.07054499461447
2273,0.113281,489.035461,-676.483276,1.0,1107.0577599497296,493.9333379946145
2274,0.113281,489.034698,-676.36615,1.0,1171.7434289497296,465.36622899461446
2275,0.115234,489.033722,-676.216492,1.0,1159.9557089497298,418.23384399461446
2276,0.115234,489.032532,-676.028076,1.0,1152.3680629497298,481.22545199461445
2277,0.115234,489.031036,-675.795776,1.0,1189.9883019497297,415.98402699461445
2278,0.113281,489.029236,-675.529663,1.0,1312.1834919497296,438.9583919946145
2279,0.101562,489.027405,-675.258301,1.0,1296.1224569497294,414.2494389946145
2280,0.117188,489.025024,-674.90448,1.0,1208.9405719497295,420.45125099461444
2281,0.115234,489.02243,-674.522156,1.0,1175.9967249497295,442.06749299461444
2282,0.113281,489.01947,-674.099182,1.0,1127.0254109497296,253.22167499461446
2283,0.101562,489.016663,-673.699463,1.0,1225.8387659497298,324.5647309946145
2284,0.113281,489.013184,-673.209167,1.0,1179.3088589497297,425.45061099461446
2285,0.101562,489.009857,-672.750244,1.0,1179.3088589497297,425.45061099461446
2286,0.117188,489.005676,-672.18219,1.0,1179.3088589497297,425.45061099461446
2287,0.115234,489.001251,-671.589417,1.0,1179.3088589497297,425.45061099461446
2288,0.115234,488.99649,-670.967346,1.0,921.3786829497296,216.67992299461446
2289,0.101562,488.992096,-670.394653,1.0,1017.0303549497296,228.97869399461445
2290,0.113281,488.986786,-669.729187,1.0,1103.5355429497295,457.55195899461444
2291,0.103516,488.981781,-669.107666,1.0,1099.3436489497294,369.85396099461445
2292,0.115234,488.975861,-668.38562,1.0,1153.9872029497296,431.66472199461447
2293,0.111328,488.969849,-667.66748,1.0,1114.7193809497298,513.3567079946145
2294,0.113281,488.963501,-666.923645,1.0,1154.9044399497297,362.85689099461445
2295,0.115234,488.956757,-666.151611,1.0,1148.8512169497299,407.5319399946145
2296,0.101562,488.950714,-665.479431,1.0,1131.6328329497296,413.7280459946145
2297,0.113281,488.943848,-664.720947,1.0,1151.5868129497298,459.20210599461444
2298,0.111328,488.937317,-664.013367,1.0,1020.9682819497297,244.40122499461447
2299,0.113281,488.93103,-663.347107,1.0,1029.4991659497296,313.0368379946145
2300,0.107422,488.925537,-662.773743,1.0,1018.8332729497297,235.00417599461446
2301,0.113281,488.920166,-662.220947,1.0,985.9131069497296,273.4598799946145
2302,0.109375,488.915649,-661.760986,1.0,981.1658529497296,232.87987799461445
2303,0.111328,488.911682,-661.366333,1.0,964.9996549497297,217.85299999461446
2304,0.111328,488.908478,-661.046509,1.0,1037.3380939497297,227.42711199461445
2305,0.111328,488.906036,-660.803772,1.0,862.1906339497297,216.38259099461447
2306,0.103516,488.904449,-660.64856,1.0,977.0583699497297,283.1015199946145
2307,0.113281,488.903442,-660.550598,1.0,955.2003379497296,296.79506199461446
2308,0.113281,488.903168,-660.5224,1.0,1129.9352009497297,421.0262029946145
2309,0.113281,488.903229,-660.5271,1.0,1158.6004849497294,476.46428199461445
2310,0.111328,488.903229,-660.535156,1.0,1087.1151329497297,464.07622099461446
2311,0.111328,488.903259,-660.538513,1.0,1154.6283169497297,513.5121339946145
2312,0.113281,488.903259,-660.536621,1.0,1101.5423789497295,429.96135299461446
2313,0.115234,488.903229,-660.531738,1.0,1272.5390829497296,368.17811899461447
2314,0.115234,488.903259,-660.525269,1.0,1362.4471639497297,420.0778989946145
2315,0.101562,488.903168,-660.518311,1.0,1375.6508999497296,378.7709839946144
2316,0.115234,488.902985,-660.506592,1.0,1132.7887169497299,408.58153099461447
2317,0.113281,488.902802,-660.485352,1.0,1152.4170129497297,406.48422599461446
2318,0.111328,488.902344,-660.442078,1.0,1152.4170129497297,406.48422599461446
2319,0.113281,488.90152,-660.357849,1.0,1152.4170129497297,406.48422599461446
2320,0.113281,488.900055,-660.222961,1.0,1152.4170129497297,406.48422599461446
2321,0.113281,488.898132,-660.035278,1.0,1152.4170129497297,406.48422599461446
2322,0.113281,488.895599,-659.792542,1.0,1055.6874599497296,222.86119399461447
2323,0.111328,488.892609,-659.510986,1.0,1087.4380089497295,320.7457459946145
2324,0.113281,488.888977,-659.165894,1.0,996.6074429497296,47.67836299461446
2325,0.113281,488.884766,-658.768372,1.0,808.6749469497296,254.30977199461447
2326,0.111328,488.880096,-658.328918,1.0,875.9102989497296,168.28632999461448
2327,0.111328,488.874817,-657.841919,1.0,1130.0588589497297,167.19878299461448
2328,0.111328,488.868835,-657.299377,1.0,1116.9850059497298,176.22018599461447
2329,0.113281,488.862305,-656.70343,1.0,1030.8239949497297,23.822176994614466
2330,0.113281,488.854797,-656.041565,1.0,727.7525229497296,204.83911799461447
2331,0.115234,488.846924,-655.343445,1.0,856.6040249497296,162.97037999461446
2332,0.111328,488.838593,-654.626892,1.0,878.3950399497296,264.3019669946145
2333,0.101562,488.830841,-653.964783,1.0,761.1107379497296,273.94167599461446
2334,0.117188,488.821259,-653.154297,1.0,1153.0182089497298,401.6537049946145
2335,0.111328,488.811584,-652.348511,1.0,1187.1623739497295,407.3488649946145
2336,0.115234,488.801453,-651.522583,1.0,1038.2462979497295,409.3715089946145
2337,0.115234,488.790955,-650.676636,1.0,582.9124349497297,346.64372599461444
2338,0.101562,488.781799,-649.949524,1.0,594.1738489497296,294.0038479946145
2339,0.101562,488.772736,-649.242004,1.0,688.3891809497296,203.18964699461446
2340,0.117188,488.763123,-648.502808,1.0,853.4033409497297,140.64685999461446
2341,0.113281,488.754059,-647.816772,1.0,994.3968099497297,96.55253199461447
2342,0.115234,488.745697,-647.187073,1.0,1052.0219319497296,194.51012699461447
2343,0.101562,488.739075,-646.698303,1.0,905.0338339497297,109.95321599461447
2344,0.101562,488.733246,-646.272583,1.0,811.5097859497297,123.12439999461446
2345,0.117188,488.72757,-645.855408,1.0,720.5734459497296,189.85630699461447
2346,0.117188,488.7229,-645.521057,1.0,884.7788899497297,107.06804599461447
2347,0.103516,488.719849,-645.299927,1.0,981.0426229497297,26.642489994614465
2348,0.101562,488.71756,-645.138794,1.0,794.2078449497296,223.00400899461448
2349,0.101562,488.716095,-645.03717,1.0,779.5408529497296,249.83265199461448
2350,0.101562,488.715454,-644.994202,1.0,763.0616659497297,283.2630799946145
2351,0.115234,488.715454,-644.99292,1.0,849.2719929497297,216.00942599461447
2352,0.101562,488.715485,-645.000427,1.0,661.4463709497296,269.7171509946145
2353,0.117188,488.715515,-645.006775,1.0,537.3903709497297,318.8517339946145
2354,0.101562,488.715546,-645.007202,1.0,537.3903709497297,318.8517339946145
2355,0.101562,488.715515,-645.004761,1.0,1106.7398889497294,279.7894239946145
2356,0.107422,488.715485,-645.002136,1.0,1653.8270469497297,313.68568699461446
2357,0.103516,488.715485,-645.001343,1.0,1428.5580039497295,265.67550999461446
2358,0.117188,488.715485,-645.002136,1.0,1365.9414269497297,315.20428799461445
2359,0.101562,488.715485,-645.002991,1.0,1319.9519249497298,384.6322509946144
2360,0.101562,488.715454,-645.003296,1.0,1499.3630579497299,410.6136349946145
2361,0.103516,488.715454,-645.003174,1.0,1300.5377399497297,364.33676499461444
2362,0.117188,488.715485,-645.002686,1.0,1300.5377399497297,364.33676499461444
2363,0.103516,488.715485,-645.002563,1.0,1300.5377399497297,364.33676499461444
2364,0.103516,488.715515,-645.002625,1.0,1300.5377399497297,364.33676499461444
2365,0.101562,488.715454,-645.002686,1.0,1560.7199909497294,-63.064770005385526
2366,0.101562,488.715485,-645.002747,1.0,1825.7644249497298,-15.46720600538552
2367,0.117188,488.715485,-645.002747,1.0,1266.2105919497299,401.99643299461445
2368,0.101562,488.715485,-645.002747,1.0,1286.6991169497296,405.0174439946145
2369,0.111328,488.715485,-645.002686,1.0,1314.9467979497294,401.7424959946145
2370,0.103516,488.715485,-645.002686,1.0,1346.8343709497294,403.92843899461445
2371,0.117188,488.715454,-645.002686,1.0,1289.3580529497294,347.65542899461445
2372,0.117188,488.715485,-645.002747,1.0,1227.2054649497295,458.2422359946145
2373,0.115234,488.715485,-645.002747,1.0,1235.7485559497295,444.93870899461444
2374,0.115234,488.715515,-645.002747,1.0,1285.3027549497297,369.52679799461447
2375,0.101562,488.715454,-645.002686,1.0,1299.7691859497295,399.62196699461447
2376,0.117188,488.715485,-645.002686,1.0,1357.5526329497297,411.35402199461447
2377,0.117188,488.715454,-645.002686,1.0,1355.9623009497295,360.30870399461446
2378,0.117188,488.715454,-645.002747,1.0,1419.9493619497298,429.08796999461447
2379,0.113281,488.715485,-645.002747,1.0,1330.7069299497298,394.40269799461447
2380,0.115234,488.715485,-645.002747,1.0,1432.0840049497297,474.06489899461445
2381,0.113281,488.715515,-645.002747,1.0,1458.6233119497297,468.8576839946145
2382,0.105469,488.715454,-645.002747,1.0,1348.6468709497294,411.33952699461446
2383,0.115234,488.715454,-645.002747,1.0,1333.3965049497297,430.09666799461445
2384,0.115234,488.715485,-645.002747,1.0,1339.4704799497295,391.5603209946145
2385,0.115234,488.715485,-645.002747,1.0,1228.1358849497296,426.3695559946145
2386,0.115234,488.715515,-645.002747,1.0,1212.2826139497297,390.1848479946145
2387,0.115234,488.715515,-645.002747,1.0,1223.1949669497299,372.02432599461446
2388,0.115234,488.715515,-645.002808,1.0,1223.1949669497299,372.02432599461446
2389,0.113281,488.715485,-645.002747,1.0,1223.1949669497299,372.02432599461446
2390,0.111328,488.715485,-645.002747,1.0,1223.1949669497299,372.02432599461446
2391,0.113281,488.715485,-645.002747,0.0,32.60292594972964,154.20842299461447
2392,0.115234,488.715485,-645.002747,0.0,32.60292594972964,154.20842299461447
2393,0.115234,488.715485,-645.002747,0.0,32.60292594972964,154.20842299461447
2394,0.115234,488.715515,-645.002747,0.0,32.60292594972964,154.20842299461447
2395,0.113281,488.715485,-645.002747,0.0,32.60292594972964,154.20842299461447
2396,0.111328,488.715454,-645.002747,0.0,32.60292594972964,154.20842299461447
2397,0.113281,488.715485,-645.002747,0.0,32.60292594972964,154.20842299461447
2398,0.113281,488.715485,-645.002747,0.0,32.60292594972964,154.20842299461447
2399,0.113281,488.715515,-645.002747,0.0,32.60292594972964,154.20842299461447
2400,0.115234,488.715454,-645.002747,0.0,32.60292594972964,154.20842299461447
2401,0.113281,488.715485,-645.002747,0.0,32.60292594972964,154.20842299461447
2402,0.115234,488.715515,-645.002747,0.0,32.60292594972964,154.20842299461447
2403,0.113281,488.715515,-645.001831,0.0,32.60292594972964,154.20842299461447
2404,0.113281,488.715515,-644.998474,0.0,32.60292594972964,154.20842299461447
2405,0.111328,488.715424,-644.992493,0.0,32.60292594972964,154.20842299461447
2406,0.113281,488.715271,-644.983887,0.0,32.60292594972964,154.20842299461447
2407,0.113281,488.715057,-644.972656,0.0,32.60292594972964,154.20842299461447
2408,0.113281,488.714905,-644.958984,0.0,32.60292594972964,154.20842299461447
2409,0.115234,488.714722,-644.942749,0.0,32.60292594972964,154.20842299461447
2410,0.113281,488.714447,-644.923401,0.0,32.60292594972964,154.20842299461447
2411,0.117188,488.713959,-644.891907,0.0,32.60292594972964,154.20842299461447
2412,0.111328,488.712982,-644.819885,0.0,32.60292594972964,154.20842299461447
2413,0.107422,488.711304,-644.703186,0.0,32.60292594972964,154.20842299461447
2414,0.103516,488.709076,-644.544495,0.0,32.60292594972964,154.20842299461447
2415,0.113281,488.705811,-644.316772,0.0,32.60292594972964,154.20842299461447
2416,0.113281,488.701874,-644.038818,0.0,32.60292594972964,154.20842299461447
2417,0.115234,488.697144,-643.705872,0.0,32.60292594972964,154.20842299461447
2418,0.111328,488.691681,-643.322754,0.0,32.60292594972964,154.20842299461447
2419,0.115234,488.685303,-642.880981,0.0,32.60292594972964,154.20842299461447
2420,0.115234,488.677917,-642.377991,0.0,32.60292594972964,154.20842299461447
2421,0.115234,488.669861,-641.82373,0.0,32.60292594972964,154.20842299461447
2422,0.113281,488.661194,-641.224426,0.0,32.60292594972964,154.20842299461447
2423,0.115234,488.651733,-640.565735,0.0,32.60292594972964,154.20842299461447
2424,0.115234,488.641479,-639.855957,0.0,32.60292594972964,154.20842299461447
2425,0.113281,488.630249,-639.096619,0.0,32.60292594972964,154.20842299461447
2426,0.117188,488.617401,-638.263428,0.0,32.60292594972964,154.20842299461447
2427,0.115234,488.603638,-637.388489,0.0,32.60292594972964,154.20842299461447
2428,0.113281,488.58902,-636.466919,0.0,32.60292594972964,154.20842299461447
2429,0.117188,488.573212,-635.467651,0.0,32.60292594972964,154.20842299461447
2430,0.115234,488.556702,-634.417786,0.0,32.60292594972964,154.20842299461447
2431,0.113281,488.539856,-633.33728,0.0,32.60292594972964,154.20842299461447
2432,0.117188,488.52182,-632.166504,0.0,32.60292594972964,154.20842299461447
2433,0.117188,488.50354,-630.953796,0.0,32.60292594972964,154.20842299461447
2434,0.113281,488.485413,-629.710571,0.0,32.60292594972964,154.20842299461447
2435,0.103516,488.468842,-628.519104,0.0,32.60292594972964,154.20842299461447
2436,0.101562,488.453156,-627.313782,0.0,32.60292594972964,154.20842299461447
2437,0.117188,488.436829,-625.89679,0.0,32.60292594972964,154.20842299461447
2438,0.101562,488.425171,-624.645752,0.0,32.60292594972964,154.20842299461447
2439,0.117188,488.415558,-623.205261,1.0,752.3687339497296,599.3098939946144
2440,0.117188,488.410339,-621.78949,1.0,900.7004599497296,490.2595699946145
2441,0.115234,488.409454,-620.401428,1.0,963.5487879497297,643.5201909946145
2442,0.105469,488.412018,-619.170166,1.0,975.3710529497297,594.7108029946145
2443,0.117188,488.418182,-617.790649,1.0,959.6958219497296,574.2431209946144
2444,0.117188,488.426849,-616.430969,1.0,961.5285849497296,562.6507139946145
2445,0.117188,488.437622,-615.075867,1.0,971.6049399497297,565.6947819946145
2446,0.115234,488.449677,-613.755981,1.0,970.2665609497296,533.1993289946145
2447,0.115234,488.462799,-612.467102,1.0,966.0252279497296,507.4711179946145
2448,0.115234,488.477295,-611.172668,1.0,966.0252279497296,507.4711179946145
2449,0.101562,488.490875,-610.044189,1.0,966.0252279497296,507.4711179946145
2450,0.117188,488.507416,-608.760071,1.0,966.0252279497296,507.4711179946145
2451,0.117188,488.524353,-607.496094,0.0,32.60292594972964,154.20842299461447
2452,0.113281,488.540894,-606.272095,0.0,32.60292594972964,154.20842299461447
2453,0.113281,488.557007,-605.06842,0.0,32.60292594972964,154.20842299461447
2454,0.113281,488.572968,-603.857483,0.0,32.60292594972964,154.20842299461447
2455,0.115234,488.588531,-602.652832,0.0,32.60292594972964,154.20842299461447
2456,0.115234,488.603271,-601.458191,0.0,32.60292594972964,154.20842299461447
2457,0.105469,488.615723,-600.376221,0.0,32.60292594972964,154.20842299461447
2458,0.101562,488.626587,-599.346863,0.0,32.60292594972964,154.20842299461447
2459,0.115234,488.637665,-598.185974,0.0,32.60292594972964,154.20842299461447
2460,0.111328,488.647186,-597.070374,0.0,32.60292594972964,154.20842299461447
2461,0.111328,488.655579,-595.972351,0.0,32.60292594972964,154.20842299461447
2462,0.111328,488.663086,-594.89502,0.0,32.60292594972964,154.20842299461447
2463,0.111328,488.670013,-593.809448,0.0,32.60292594972964,154.20842299461447
2464,0.113281,488.67627,-592.72052,0.0,32.60292594972964,154.20842299461447
2465,0.111328,488.681641,-591.662598,0.0,32.60292594972964,154.20842299461447
2466,0.113281,488.686371,-590.601501,1.0,979.0567829497296,477.12175299461444
2467,0.109375,488.690308,-589.570801,1.0,983.9977619497297,388.4050479946145
2468,0.111328,488.693665,-588.540588,1.0,990.5627039497297,386.72920499461446
2469,0.113281,488.696686,-587.516235,1.0,990.5627039497297,386.72920499461446
2470,0.111328,488.699371,-586.497131,1.0,990.5627039497297,386.72920499461446
2471,0.105469,488.701721,-585.540649,1.0,990.5627039497297,386.72920499461446
2472,0.113281,488.703918,-584.525146,0.0,32.60292594972964,154.20842299461447
2473,0.113281,488.705811,-583.518372,0.0,32.60292594972964,154.20842299461447
2474,0.113281,488.707336,-582.504333,0.0,32.60292594972964,154.20842299461447
2475,0.113281,488.708435,-581.495178,0.0,32.60292594972964,154.20842299461447
2476,0.115234,488.709229,-580.493164,0.0,32.60292594972964,154.20842299461447
2477,0.115234,488.709656,-579.481079,0.0,32.60292594972964,154.20842299461447
2478,0.113281,488.709717,-578.489319,0.0,32.60292594972964,154.20842299461447
2479,0.111328,488.709503,-577.517578,0.0,32.60292594972964,154.20842299461447
2480,0.111328,488.708984,-576.550964,1.0,958.8948569497296,486.12810099461444
2481,0.115234,488.70816,-575.570312,1.0,966.1808679497296,509.1273379946145
2482,0.113281,488.707031,-574.59436,1.0,1157.5548299497295,579.8988829946145
2483,0.113281,488.705597,-573.636719,1.0,1319.9940389497297,642.9226869946144
2484,0.113281,488.703857,-572.676819,1.0,1209.4953819497296,548.3130069946144
2485,0.113281,488.701843,-571.734009,1.0,974.5968219497296,357.66060199461447
2486,0.115234,488.699646,-570.831665,1.0,935.8642789497296,310.2343479946145
2487,0.115234,488.697266,-569.966492,1.0,923.8631799497297,303.9588199946145
2488,0.115234,488.694702,-569.128784,1.0,924.8513389497297,292.64660999461444
2489,0.101562,488.692352,-568.418213,1.0,912.6963099497297,281.09064799461447
2490,0.115234,488.689575,-567.639771,1.0,919.2159019497296,273.98343999461446
2491,0.113281,488.686493,-566.834167,1.0,912.3581139497296,276.87145599461445
2492,0.115234,488.683136,-566.008911,1.0,894.7226159497296,258.02777399461445
2493,0.117188,488.679535,-565.167236,1.0,916.0815029497296,262.90423899461445
2494,0.115234,488.675659,-564.327393,1.0,921.4677939497296,255.44156999461447
2495,0.111328,488.671631,-563.501404,1.0,914.8658039497296,260.9231829946145
2496,0.113281,488.667328,-562.669495,1.0,913.8373009497296,255.88062599461446
2497,0.113281,488.662811,-561.829712,1.0,907.7036339497297,259.30208099461447
2498,0.113281,488.657928,-560.974548,1.0,905.3152059497296,258.99305299461446
2499,0.111328,488.652802,-560.116333,1.0,899.5956019497296,253.31139699461448
2500,0.113281,488.647339,-559.254761,1.0,908.3298549497297,252.30634599461445
2501,0.115234,488.64151,-558.365845,1.0,907.6913659497296,254.08063799461445
2502,0.111328,488.635651,-557.511414,1.0,946.9742639497297,390.31462399461446
2503,0.115234,488.62915,-556.601746,1.0,964.2412319497296,524.9623599946144
2504,0.101562,488.62326,-555.810974,1.0,973.5684409497296,515.4299499946144
2505,0.115234,488.616241,-554.897644,1.0,968.8895469497296,534.5381349946144
2506,0.115234,488.608795,-553.969482,1.0,968.8828939497297,532.1345089946144
2507,0.115234,488.600983,-553.022095,1.0,967.4566859497296,528.7011599946145
2508,0.101562,488.59375,-552.180298,1.0,973.2903039497296,533.5465269946144
2509,0.111328,488.585205,-551.222778,1.0,944.0670369497296,491.64729599461447
2510,0.115234,488.576141,-550.238647,1.0,934.5986539497296,436.2207519946145
2511,0.111328,488.567139,-549.261353,1.0,928.3977259497296,435.9732549946145
2512,0.111328,488.558289,-548.257568,1.0,928.2935389497296,431.99769899461444
2513,0.115234,488.549866,-547.219055,1.0,936.1941739497296,425.78508299461447
2514,0.101562,488.543213,-546.274414,1.0,926.9084069497296,416.2850529946145
2515,0.109375,488.537903,-545.254578,1.0,918.3781339497297,414.36891499461444
2516,0.101562,488.535217,-544.299438,1.0,913.5544029497296,408.47078299461447
2517,0.115234,488.535156,-543.201782,1.0,913.0620319497297,407.5400579946145
2518,0.115234,488.538696,-542.062622,1.0,915.0115559497297,485.81654699461444
2519,0.115234,488.545715,-540.871094,1.0,909.6472989497296,472.02781999461445
2520,0.117188,488.556549,-539.61969,1.0,901.3261319497296,473.2307919946145
2521,0.115234,488.570923,-538.308594,1.0,893.3478599497296,463.7929569946145
2522,0.105469,488.586243,-537.088257,1.0,900.9747519497297,463.99632599461444
2523,0.113281,488.604797,-535.71875,1.0,901.8316859497296,421.6768979946145
2524,0.117188,488.624115,-534.331604,1.0,895.5309049497297,394.01826799461446
2525,0.113281,488.643158,-532.946411,1.0,895.5309049497297,394.01826799461446
2526,0.113281,488.661743,-531.564026,1.0,931.3272299497296,535.7910949946145
2527,0.113281,488.680542,-530.14386,1.0,920.0503139497297,551.0927609946145
2528,0.113281,488.699005,-528.71814,1.0,914.5800379497297,437.2786129946145
2529,0.113281,488.716888,-527.279541,1.0,898.3971149497296,321.2075839946144
2530,0.113281,488.733704,-525.83667,1.0,895.7564899497296,298.1468999946145
2531,0.109375,488.748871,-524.416443,1.0,898.7049769497296,275.29690899461445
2532,0.113281,488.763092,-522.928894,1.0,915.9913539497296,407.35832499461446
2533,0.113281,488.77533,-521.449036,1.0,913.1720179497296,523.6737549946145
2534,0.111328,488.785797,-519.955322,1.0,950.1223959497296,539.5174129946145
2535,0.117188,488.794769,-518.400391,1.0,954.2297569497297,570.3830749946144
2536,0.113281,488.802032,-516.86969,1.0,941.5752159497297,561.2602719946144
2537,0.109375,488.808014,-515.358765,1.0,950.7545369497296,563.6101259946145
2538,0.111328,488.813232,-513.825378,1.0,950.8772179497296,558.2854489946144
2539,0.111328,488.818024,-512.280334,1.0,943.7215169497297,543.9927549946144
2540,0.109375,488.822357,-510.763275,1.0,947.5473839497297,551.6506229946144
2541,0.109375,488.826385,-509.238953,1.0,947.8794149497296,539.4316289946145
2542,0.109375,488.830322,-507.681824,1.0,947.8794149497296,539.4316289946145
2543,0.113281,488.834076,-506.066315,1.0,947.8794149497296,539.4316289946145
2544,0.107422,488.837433,-504.511841,1.0,947.8794149497296,539.4316289946145
2545,0.109375,488.840485,-502.93454,1.0,947.8794149497296,539.4316289946145
2546,0.111328,488.843231,-501.321686,0.0,32.60292594972964,154.20842299461447
2547,0.105469,488.845459,-499.776886,0.0,32.60292594972964,154.20842299461447
2548,0.109375,488.847412,-498.154602,0.0,32.60292594972964,154.20842299461447
2549,0.109375,488.84903,-496.528137,0.0,32.60292594972964,154.20842299461447
2550,0.109375,488.850311,-494.91153,0.0,32.60292594972964,154.20842299461447
2551,0.109375,488.851227,-493.28421,0.0,32.60292594972964,154.20842299461447
2552,0.107422,488.851807,-491.659454,0.0,32.60292594972964,154.20842299461447
2553,0.107422,488.852051,-490.031097,0.0,32.60292594972964,154.20842299461447
2554,0.105469,488.85199,-488.419891,0.0,32.60292594972964,154.20842299461447
2555,0.107422,488.851562,-486.766907,0.0,32.60292594972964,154.20842299461447
2556,0.111328,488.850647,-485.078918,0.0,32.60292594972964,154.20842299461447
2557,0.107422,488.849609,-483.395447,0.0,32.60292594972964,154.20842299461447
2558,0.109375,488.848419,-481.715973,0.0,32.60292594972964,154.20842299461447
2559,0.107422,488.847351,-480.024628,0.0,32.60292594972964,154.20842299461447
2560,0.113281,488.846283,-478.241119,0.0,32.60292594972964,154.20842299461447
2561,0.117188,488.845276,-476.353668,0.0,32.60292594972964,154.20842299461447
2562,0.105469,488.84436,-474.59021,0.0,32.60292594972964,154.20842299461447
2563,0.105469,488.843414,-472.808502,0.0,32.60292594972964,154.20842299461447
2564,0.107422,488.842316,-470.988312,0.0,32.60292594972964,154.20842299461447
2565,0.107422,488.841156,-469.146149,0.0,32.60292594972964,154.20842299461447
2566,0.105469,488.840027,-467.330933,0.0,32.60292594972964,154.20842299461447
2567,0.105469,488.838867,-465.50531,1.0,996.1017049497297,556.7116269946144
2568,0.105469,488.837738,-463.690033,1.0,961.5154019497296,564.4796939946145
2569,0.105469,488.836609,-461.868835,1.0,963.3942469497297,563.2186459946145
2570,0.103516,488.835266,-460.045319,1.0,964.8348599497297,549.1867559946145
2571,0.103516,488.833557,-458.22702,1.0,897.2184659497296,318.45984199461446
2572,0.105469,488.831268,-456.367065,1.0,889.2395229497297,264.85692899461446
2573,0.105469,488.828247,-454.493988,1.0,906.4977009497296,287.3582949946144
2574,0.107422,488.824432,-452.614594,1.0,905.9721889497297,292.03218399461446
2575,0.105469,488.819916,-450.740662,1.0,907.9442349497297,285.99499799461444
2576,0.105469,488.814758,-448.865356,1.0,902.6877039497297,279.74062699461444
2577,0.105469,488.809113,-447.015198,1.0,910.9901329497296,281.79381899461447
2578,0.103516,488.802856,-445.172821,1.0,912.4679769497296,283.9065889946145
2579,0.105469,488.796021,-443.335358,1.0,917.2445279497297,288.24217499461446
2580,0.107422,488.788666,-441.505676,1.0,916.2642419497297,299.2645139946145
2581,0.103516,488.780823,-439.713806,1.0,910.1399739497297,302.75773899461444
2582,0.103516,488.7724,-437.940063,1.0,905.2002769497296,300.9937619946145
2583,0.105469,488.763275,-436.156342,1.0,909.2788899497297,308.05955799461447
2584,0.107422,488.753265,-434.323853,1.0,909.4649259497296,324.78029199461446
2585,0.103516,488.743225,-432.58548,1.0,908.5182699497296,318.2823519946145
2586,0.105469,488.732483,-430.837494,1.0,907.9519859497296,317.52177699461447
2587,0.103516,488.721405,-429.118134,1.0,978.4281819497296,556.9971799946145
2588,0.103516,488.710022,-427.429779,1.0,981.3214319497297,544.3506649946145
2589,0.113281,488.696838,-425.553131,1.0,974.7260949497296,549.0436889946145
2590,0.101562,488.68512,-423.900848,1.0,973.6273399497296,553.8234129946145
2591,0.115234,488.671936,-422.052795,1.0,966.4289149497297,550.8531979946144
2592,0.115234,488.658875,-420.187103,1.0,960.6767179497297,560.4839359946145
2593,0.123047,488.646912,-418.22641,1.0,965.4415489497296,546.1447019946145
2594,0.103516,488.639648,-416.562408,1.0,960.0332239497296,546.9741399946145
2595,0.103516,488.636536,-414.950378,1.0,953.3748989497296,554.8940609946144
2596,0.101562,488.638672,-413.333282,1.0,952.1727499497297,545.3643069946145
2597,0.101562,488.646698,-411.747986,1.0,952.2459919497296,543.5613589946145
2598,0.101562,488.660431,-410.189728,1.0,949.2183429497296,557.6895019946145
2599,0.101562,488.678864,-408.633575,1.0,955.6251429497296,552.2460209946145
2600,0.111328,488.702728,-406.898499,1.0,957.5381069497296,555.4140809946146
2601,0.101562,488.725555,-405.355133,1.0,962.9989829497297,533.0724979946144
2602,0.103516,488.748413,-403.79837,1.0,959.6399129497296,544.7013429946145
2603,0.113281,488.771759,-402.096954,1.0,948.3123379497297,546.5995669946144
2604,0.115234,488.79306,-400.377014,1.0,956.3627529497296,537.8127019946145
2605,0.113281,488.811676,-398.670532,1.0,948.1455899497296,538.1949649946145
2606,0.101562,488.82605,-397.164337,1.0,966.2716879497297,542.1822389946144
2607,0.105469,488.838776,-395.627991,1.0,973.8353479497297,531.3979979946145
2608,0.115234,488.850128,-393.945557,1.0,968.2934779497297,523.5373109946145
2609,0.115234,488.858398,-392.268066,1.0,964.6549889497296,530.4927249946145
2610,0.115234,488.862946,-390.61969,1.0,975.1817829497296,532.0663029946145
2611,0.113281,488.863678,-388.978088,1.0,973.8057459497296,528.0100589946144
2612,0.101562,488.860992,-387.532959,1.0,974.3083699497297,517.1983219946144
2613,0.101562,488.855591,-386.101318,1.0,981.0392049497297,509.27452399461447
2614,0.113281,488.847595,-384.512543,1.0,980.6523639497296,508.47310199461447
2615,0.113281,488.838898,-382.924744,1.0,982.2218839497297,503.19514799461444
2616,0.113281,488.830414,-381.337097,1.0,979.8105069497296,503.12156999461445
2617,0.101562,488.823578,-379.93222,1.0,972.2578939497297,530.7651549946145
2618,0.103516,488.817169,-378.515045,1.0,966.4730429497297,531.0615719946145
2619,0.105469,488.811035,-377.074677,1.0,979.1234949497297,537.0012699946144
2620,0.103516,488.804932,-375.65509,1.0,977.4251919497297,528.2108949946145
2621,0.103516,488.798706,-374.248688,1.0,974.3133139497296,525.5556519946144
2622,0.105469,488.792084,-372.835602,1.0,978.7101039497296,524.7071719946144
2623,0.107422,488.785278,-371.407928,1.0,974.2526449497296,536.1531559946145
2624,0.107422,488.778412,-369.976807,1.0,971.4157309497297,542.1932559946144
2625,0.105469,488.77179,-368.579742,1.0,971.8300989497296,546.1598079946145
2626,0.105469,488.765747,-367.196899,1.0,979.9373379497297,543.7561219946144
2627,0.111328,488.760223,-365.736633,1.0,972.1029259497296,542.7436099946144
2628,0.107422,488.755981,-364.350647,1.0,967.6836139497296,548.0411869946145
2629,0.105469,488.752777,-362.994049,1.0,980.8171589497297,547.5161929946145
2630,0.105469,488.750824,-361.672668,1.0,983.3158169497297,534.1536129946145
2631,0.103516,488.749878,-360.38208,1.0,970.7591149497297,551.8677549946144
2632,0.105469,488.750092,-359.110138,1.0,970.7591149497297,551.8677549946144
2633,0.103516,488.75116,-357.880463,1.0,970.7591149497297,551.8677549946144
2634,0.107422,488.753204,-356.642822,1.0,970.7591149497297,551.8677549946144
2635,0.107422,488.756134,-355.37561,1.0,970.7591149497297,551.8677549946144
2636,0.107422,488.759827,-354.142548,0.0,32.60292594972964,154.20842299461447
2637,0.103516,488.764374,-352.934448,0.0,32.60292594972964,154.20842299461447
2638,0.107422,488.769806,-351.7034,0.0,32.60292594972964,154.20842299461447
2639,0.107422,488.776184,-350.47644,0.0,32.60292594972964,154.20842299461447
2640,0.115234,488.783966,-349.152557,0.0,32.60292594972964,154.20842299461447
2641,0.109375,488.79245,-347.880737,0.0,32.60292594972964,154.20842299461447
2642,0.107422,488.801544,-346.655151,0.0,32.60292594972964,154.20842299461447
2643,0.107422,488.811646,-345.423828,0.0,32.60292594972964,154.20842299461447
2644,0.103516,488.822327,-344.220001,0.0,32.60292594972964,154.20842299461447
2645,0.105469,488.833954,-343.00058,0.0,32.60292594972964,154.20842299461447
2646,0.105469,488.846466,-341.788116,1.0,948.5166219497296,543.7635679946145
2647,0.103516,488.859863,-340.566803,1.0,950.2462979497296,522.7820009946145
2648,0.107422,488.874542,-339.315277,1.0,952.3572589497296,539.7415039946145
2649,0.105469,488.890045,-338.063873,1.0,956.6130579497296,526.7473329946145
2650,0.107422,488.907104,-336.768646,1.0,961.5572109497297,521.5190919946144
2651,0.105469,488.924957,-335.480499,1.0,945.7351279497296,528.7901489946145
2652,0.107422,488.94342,-334.179901,1.0,944.7107749497296,515.8420589946145
2653,0.107422,488.962128,-332.872345,1.0,944.8959559497297,511.23060899461444
2654,0.113281,488.981049,-331.480774,1.0,930.5144249497297,529.7325929946145
2655,0.109375,488.997345,-330.122986,1.0,936.7054039497297,518.0333739946145
2656,0.105469,489.010101,-328.824463,1.0,939.8387049497296,514.0629759946145
2657,0.103516,489.019836,-327.523376,1.0,943.9495449497297,514.3748959946145
2658,0.107422,489.026672,-326.186554,1.0,943.3521329497296,521.6808959946145
2659,0.109375,489.030457,-324.850006,1.0,948.1756799497297,523.6290769946145
2660,0.107422,489.031586,-323.508301,1.0,959.6565149497296,521.5709719946144
2661,0.107422,489.030243,-322.155151,1.0,971.3232019497297,517.2129699946145
2662,0.105469,489.02713,-320.855164,1.0,971.7064419497297,520.0772279946145
2663,0.107422,489.022461,-319.513489,1.0,944.7091879497297,417.69957299461447
2664,0.109375,489.016449,-318.139648,1.0,906.4413659497296,290.70010699461443
2665,0.107422,489.009613,-316.776611,1.0,933.0197959497297,381.40385799461444
2666,0.107422,489.001831,-315.407013,1.0,956.0596519497296,485.0110959946145
2667,0.109375,488.993103,-314.036255,1.0,970.3988239497296,536.2280459946145
2668,0.107422,488.983429,-312.673615,1.0,958.5879109497297,531.9091979946145
2669,0.109375,488.972595,-311.293365,1.0,972.6637169497296,526.3207579946145
2670,0.111328,488.96048,-309.907043,1.0,964.7146199497297,525.2189819946145
2671,0.111328,488.947357,-308.520477,1.0,976.1705529497297,524.5438109946144
2672,0.113281,488.933472,-307.137482,1.0,977.2802329497297,516.2121769946145
2673,0.117188,488.918762,-305.72525,1.0,965.9626669497296,523.0961179946145
2674,0.101562,488.906006,-304.499481,1.0,897.7172449497297,283.50845699461445
2675,0.113281,488.8927,-303.172211,1.0,906.8228359497297,286.6462129946145
2676,0.113281,488.88031,-301.82489,1.0,928.5630089497297,298.54745799461443
2677,0.111328,488.870361,-300.527802,1.0,924.2026569497297,295.71036099461446
2678,0.111328,488.863708,-299.241364,1.0,923.4076139497297,305.9062989946145
2679,0.111328,488.861328,-297.963043,1.0,925.0814419497297,316.3382139946145
2680,0.109375,488.864136,-296.725983,1.0,915.9400839497297,303.90571899461446
2681,0.113281,488.873291,-295.457977,1.0,949.7410489497296,516.5504949946144
2682,0.103516,488.888123,-294.299866,1.0,951.7701009497297,530.6714359946145
2683,0.111328,488.910522,-293.083008,1.0,946.5595909497297,531.9698059946145
2684,0.105469,488.938049,-291.93985,1.0,941.7458699497297,563.4888799946145
2685,0.103516,488.969696,-290.816315,1.0,941.6737269497296,576.8686399946145
2686,0.103516,489.002838,-289.706268,1.0,940.4995929497296,560.7460509946145
2687,0.115234,489.039124,-288.472534,1.0,937.2651569497297,560.3744689946145
2688,0.103516,489.068481,-287.374268,1.0,942.7061969497296,553.5406369946145
2689,0.105469,489.093628,-286.290192,1.0,946.6521809497297,549.4354739946145
2690,0.101562,489.114563,-285.233215,1.0,964.4989219497296,547.2280149946145
2691,0.101562,489.132294,-284.179626,1.0,967.6716519497296,554.3184079946145
2692,0.103516,489.147583,-283.130554,1.0,977.3296109497296,555.1411319946144
2693,0.113281,489.162506,-281.96228,1.0,978.9365439497296,540.7765689946145
2694,0.115234,489.175385,-280.795074,1.0,984.1192829497296,493.9930909946145
2695,0.101562,489.184967,-279.760345,1.0,859.7372639497296,264.9590029946145
2696,0.101562,489.192566,-278.714203,1.0,859.7372639497296,264.9590029946145
2697,0.103516,489.197876,-277.673187,1.0,859.7372639497296,264.9590029946145
2698,0.101562,489.200653,-276.622528,1.0,859.7372639497296,264.9590029946145
2699,0.103516,489.201141,-275.576935,1.0,859.7372639497296,264.9590029946145
2700,0.105469,489.199646,-274.507599,0.0,32.60292594972964,154.20842299461447
2701,0.103516,489.196411,-273.459076,0.0,32.60292594972964,154.20842299461447
2702,0.103516,489.191864,-272.417908,0.0,32.60292594972964,154.20842299461447
2703,0.101562,489.185974,-271.377808,0.0,32.60292594972964,154.20842299461447
2704,0.101562,489.178894,-270.347107,0.0,32.60292594972964,154.20842299461447
2705,0.101562,489.170441,-269.32312,0.0,32.60292594972964,154.20842299461447
2706,0.101562,489.160675,-268.303589,0.0,32.60292594972964,154.20842299461447
2707,0.115234,489.147644,-267.134705,0.0,32.60292594972964,154.20842299461447
2708,0.115234,489.132843,-265.97345,0.0,32.60292594972964,154.20842299461447
2709,0.115234,489.115997,-264.802155,0.0,32.60292594972964,154.20842299461447
2710,0.101562,489.099731,-263.775299,0.0,32.60292594972964,154.20842299461447
2711,0.101562,489.081787,-262.730347,0.0,32.60292594972964,154.20842299461447
2712,0.105469,489.062317,-261.670624,0.0,32.60292594972964,154.20842299461447
2713,0.105469,489.041382,-260.593262,0.0,32.60292594972964,154.20842299461447
2714,0.105469,489.019775,-259.519135,0.0,32.60292594972964,154.20842299461447
2715,0.103516,488.998108,-258.450775,0.0,32.60292594972964,154.20842299461447
2716,0.107422,488.976349,-257.364044,0.0,32.60292594972964,154.20842299461447
2717,0.103516,488.956299,-256.287567,0.0,32.60292594972964,154.20842299461447
2718,0.105469,488.939301,-255.209808,0.0,32.60292594972964,154.20842299461447
2719,0.105469,488.927246,-254.124802,0.0,32.60292594972964,154.20842299461447
2720,0.105469,488.921539,-253.045547,0.0,32.60292594972964,154.20842299461447
2721,0.101562,488.922913,-251.97728,0.0,32.60292594972964,154.20842299461447
2722,0.105469,488.93161,-250.898178,0.0,32.60292594972964,154.20842299461447
2723,0.115234,488.948181,-249.703308,0.0,32.60292594972964,154.20842299461447
2724,0.101562,488.96582,-248.640182,0.0,32.60292594972964,154.20842299461447
2725,0.103516,488.983612,-247.567123,0.0,32.60292594972964,154.20842299461447
2726,0.115234,489.001526,-246.359024,0.0,32.60292594972964,154.20842299461447
2727,0.101562,489.014282,-245.282135,0.0,32.60292594972964,154.20842299461447
2728,0.103516,489.022919,-244.206787,0.0,32.60292594972964,154.20842299461447
2729,0.105469,489.027496,-243.099655,1.0,982.6230069497296,569.0779909946145
2730,0.103516,489.027924,-242.014297,1.0,988.2563069497296,566.7986939946145
2731,0.113281,489.024109,-240.820892,1.0,980.5007529497296,560.6399719946145
2732,0.113281,489.016113,-239.625305,1.0,983.0315149497296,559.6937749946144
2733,0.103516,489.00531,-238.532867,1.0,980.2995809497296,563.2729069946145
2734,0.101562,488.991547,-237.455872,1.0,921.5197959497297,501.73814699461445
2735,0.101562,488.974792,-236.364899,1.0,924.7707119497296,491.17497599461444
2736,0.103516,488.955994,-235.275116,1.0,917.6422939497296,492.17692899461446
2737,0.115234,488.932404,-234.03006,1.0,914.2147419497296,495.5592839946145
2738,0.115234,488.907104,-232.78125,1.0,912.1679889497296,486.3351929946145
2739,0.115234,488.880402,-231.523514,1.0,918.1739709497297,474.5529359946145
2740,0.101562,488.855316,-230.388229,1.0,948.0965169497297,493.82002599461447
2741,0.103516,488.829163,-229.240997,1.0,1002.0227869497296,554.5148189946144
2742,0.103516,488.802856,-228.088959,1.0,1001.6430869497296,556.6493709946144
2743,0.101562,488.777863,-226.944138,1.0,1001.6822109497297,554.3552129946145
2744,0.103516,488.754639,-225.788467,1.0,999.3273519497296,546.8418759946144
2745,0.101562,488.733826,-224.63121,1.0,1011.0421349497296,538.8535649946145
2746,0.115234,488.713043,-223.306641,1.0,1000.8598229497296,547.4602239946145
2747,0.103516,488.696686,-222.104034,1.0,1035.8192349497297,526.5841549946144
2748,0.107422,488.681793,-220.853592,1.0,1203.9293419497299,461.03139099461447
2749,0.105469,488.668579,-219.63591,1.0,1195.9760949497295,456.74739399461447
2750,0.101562,488.656433,-218.438614,1.0,1278.2492879497295,343.1941409946145
2751,0.101562,488.644806,-217.229187,1.0,1278.2492879497295,343.1941409946145
2752,0.101562,488.634003,-216.024231,1.0,1278.2492879497295,343.1941409946145
2753,0.101562,488.623688,-214.804871,1.0,1278.2492879497295,343.1941409946145
2754,0.103516,488.614044,-213.570007,1.0,1278.2492879497295,343.1941409946145
2755,0.101562,488.604858,-212.343185,0.0,32.60292594972964,154.20842299461447
2756,0.101562,488.595764,-211.106308,0.0,32.60292594972964,154.20842299461447
2757,0.101562,488.586609,-209.855911,0.0,32.60292594972964,154.20842299461447
2758,0.103516,488.577606,-208.590912,0.0,32.60292594972964,154.20842299461447
2759,0.103516,488.570923,-207.323242,0.0,32.60292594972964,154.20842299461447
2760,0.101562,488.567902,-206.065125,0.0,32.60292594972964,154.20842299461447
2761,0.113281,488.570374,-204.629089,1.0,1021.9967249497296,505.61906799461445
2762,0.103516,488.578003,-203.33255,1.0,981.2421469497297,518.2331729946145
2763,0.103516,488.588867,-202.034439,1.0,998.6931359497296,528.6209599946144
2764,0.103516,488.601807,-200.721039,1.0,1549.1822719497295,619.7576479946144
2765,0.103516,488.615204,-199.417603,1.0,1555.7362269497298,636.9422179946145
2766,0.101562,488.62851,-198.10434,1.0,1637.3534139497297,656.5423159946145
2767,0.103516,488.641663,-196.782043,1.0,1661.7229209497295,664.4325749946145
2768,0.103516,488.655182,-195.425888,1.0,1647.1588339497298,659.6086609946144
2769,0.105469,488.66922,-194.074295,1.0,963.6972249497296,525.1928589946144
2770,0.101562,488.683502,-192.737213,1.0,973.4843959497297,512.2285039946145
2771,0.105469,488.698608,-191.376175,1.0,968.9387409497297,547.4790219946144
2772,0.105469,488.714203,-189.979263,1.0,974.5950519497296,555.3654659946144
2773,0.103516,488.728363,-188.610916,1.0,978.8937589497297,547.2133359946145
2774,0.103516,488.740875,-187.247238,1.0,985.1074429497296,539.0965459946144
2775,0.103516,488.751343,-185.870651,1.0,971.3496299497297,544.2069889946144
2776,0.103516,488.759583,-184.479309,1.0,981.2071129497297,541.7997319946145
2777,0.103516,488.76535,-183.088867,1.0,989.8524989497297,532.7632329946144
2778,0.101562,488.768921,-181.708633,1.0,983.6360069497297,541.3720579946145
2779,0.103516,488.770416,-180.309891,1.0,988.4895839497296,535.5544009946145
2780,0.103516,488.769867,-178.902222,1.0,977.7276819497297,540.1088439946145
2781,0.105469,488.767578,-177.473679,1.0,930.7904869497296,516.4499699946145
2782,0.101562,488.76474,-176.084335,1.0,932.3808189497296,513.6751889946145
2783,0.105469,488.761658,-174.631882,1.0,930.9326379497296,415.8496279946145
2784,0.103516,488.759308,-173.233627,1.0,917.2932339497296,331.94410999461445
2785,0.101562,488.757843,-171.801178,1.0,911.2316489497297,341.05638399461446
2786,0.101562,488.757294,-170.358139,1.0,915.3544519497297,332.37868099461446
2787,0.113281,488.757599,-168.71022,1.0,917.3058679497296,316.3360319946145
2788,0.113281,488.758575,-167.058594,1.0,970.2340299497297,547.6925229946145
2789,0.101562,488.759918,-165.59343,1.0,983.6422329497296,553.5834839946144
2790,0.113281,488.761902,-163.903854,1.0,1001.1576139497297,549.8094669946145
2791,0.101562,488.76413,-162.431473,1.0,1002.2633259497296,543.7749509946145
2792,0.111328,488.767212,-160.777573,1.0,999.4764609497296,544.7450439946144
2793,0.101562,488.770691,-159.280685,1.0,1002.0882779497297,576.9692869946145
2794,0.113281,488.77533,-157.606613,1.0,1008.8909509497296,590.9499089946145
2795,0.115234,488.780975,-155.8871,1.0,1008.9377649497296,592.0465879946145
2796,0.113281,488.787323,-154.181778,1.0,1012.8586019497296,596.0979189946145
2797,0.101562,488.793671,-152.644897,1.0,1022.1012169497296,594.6455259946144
2798,0.103516,488.800659,-151.10408,1.0,1024.3618979497296,600.4983709946144
2799,0.101562,488.808167,-149.550598,1.0,1023.3194179497297,592.1827879946145
2800,0.101562,488.815887,-148.0009,1.0,1033.5749719497296,596.9251279946145
2801,0.115234,488.824646,-146.248886,1.0,963.0784509497296,424.2567319946145
2802,0.101562,488.83252,-144.660995,1.0,947.5811969497296,379.9807309946145
2803,0.101562,488.840515,-143.027283,1.0,924.8471889497297,305.1116519946145
2804,0.101562,488.848572,-141.361893,1.0,924.0386559497297,296.5281559946145
2805,0.115234,488.858063,-139.39476,1.0,930.9164029497297,299.9529449946144
2806,0.103516,488.866699,-137.592804,1.0,931.8634849497296,317.11120899461446
2807,0.103516,488.875671,-135.745621,1.0,945.7270099497297,310.2284119946145
2808,0.105469,488.885101,-133.825882,1.0,955.9870809497296,303.61523799461446
2809,0.101562,488.894043,-131.997284,1.0,959.5776569497297,308.96670899461446
2810,0.111328,488.903809,-130.005661,1.0,942.8463949497296,312.1920659946145
2811,0.109375,488.913391,-128.021912,1.0,960.4280599497297,314.86973899461447
2812,0.115234,488.92334,-125.974899,1.0,981.0616659497297,540.6087829946144
2813,0.113281,488.933258,-123.928307,1.0,982.4789029497297,539.4563479946145
2814,0.113281,488.942352,-121.898392,1.0,976.7502649497296,573.0730169946145
2815,0.111328,488.948334,-119.896683,1.0,977.1848959497296,564.5250119946145
2816,0.111328,488.949463,-117.904083,1.0,973.3958339497296,554.7830079946145
2817,0.107422,488.944702,-115.969391,1.0,967.0549519497297,558.4524419946144
2818,0.109375,488.93335,-113.991318,1.0,969.8040979497297,553.2064389946145
2819,0.113281,488.915131,-111.975838,1.0,1053.1289269497297,610.7835879946144
2820,0.111328,488.890869,-109.961395,1.0,1055.7042439497295,598.1574889946145
2821,0.111328,488.861359,-107.952866,1.0,1054.1687219497296,591.7351259946145
2822,0.109375,488.827301,-105.975807,1.0,997.9206749497297,562.3600649946145
2823,0.111328,488.788696,-104.019257,1.0,1061.8445029497298,612.0500369946144
2824,0.109375,488.745178,-102.072838,1.0,1065.0604459497295,612.8099849946145
2825,0.111328,488.695862,-100.107338,1.0,945.5361539497296,385.7016629946145
2826,0.107422,488.643616,-98.218643,1.0,918.4676109497296,363.9495269946145
2827,0.107422,488.590607,-96.36869,1.0,961.3631189497296,360.58536099461446
2828,0.101562,488.541626,-94.602104,1.0,959.5529379497297,403.01414799461446
2829,0.111328,488.493622,-92.677223,1.0,999.3578089497296,520.6168089946145
2830,0.109375,488.456757,-90.819733,1.0,1003.6259969497296,514.0096929946144
2831,0.107422,488.434113,-89.018509,1.0,991.6072589497296,520.7140379946145
2832,0.105469,488.426208,-87.232262,1.0,995.1805629497296,560.0514709946144
2833,0.105469,488.433289,-85.468636,1.0,989.7987269497296,556.4097469946145
2834,0.109375,488.455597,-83.674644,1.0,984.1924039497296,556.5096929946144
2835,0.107422,488.490997,-81.909149,1.0,958.7860929497297,368.34814799461446
2836,0.107422,488.53421,-80.156967,1.0,917.1031699497296,296.99151899461447
2837,0.107422,488.578186,-78.453316,1.0,910.8086139497296,305.09382899461446
2838,0.107422,488.616241,-76.832672,1.0,919.5900479497296,301.24586799461446
2839,0.103516,488.645416,-75.293213,1.0,918.5106409497297,295.97580299461447
2840,0.105469,488.665039,-73.805466,1.0,941.8724569497297,396.3429599946145
2841,0.107422,488.675781,-72.366425,1.0,974.3280849497296,565.0607179946145
2842,0.109375,488.679657,-70.958885,1.0,980.1175739497296,569.1707339946145
2843,0.109375,488.678467,-69.612747,1.0,997.5517179497297,557.8563419946145
2844,0.107422,488.674286,-68.384277,1.0,1014.7470299497296,518.5067629946145
2845,0.107422,488.668427,-67.21418,1.0,1026.2876789497295,516.9253419946144
2846,0.107422,488.661469,-66.113319,1.0,1017.2214559497296,531.9155459946145
2847,0.105469,488.653259,-65.055389,1.0,1025.8004359497295,522.5811339946144
2848,0.107422,488.643097,-63.992905,1.0,1025.3300379497296,532.8868289946145
2849,0.107422,488.631042,-62.944382,1.0,1021.5539759497296,539.6463499946144
2850,0.111328,488.616425,-61.852737,1.0,1024.4051719497297,534.4917479946145
2851,0.109375,488.600525,-60.803524,1.0,1017.2224939497296,537.9078249946144
2852,0.111328,488.582855,-59.740986,1.0,982.4335529497297,459.3015319946145
2853,0.107422,488.56427,-58.686825,1.0,979.6413169497297,436.40196499461445
2854,0.105469,488.543976,-57.598225,1.0,995.5877889497297,552.3816709946145
2855,0.107422,488.522095,-56.480087,1.0,992.0177209497297,557.6490659946145
2856,0.103516,488.498749,-55.329258,1.0,983.6696979497297,553.3058049946144
2857,0.105469,488.47406,-54.133205,1.0,989.4494839497296,557.0816829946145
2858,0.109375,488.44751,-52.850048,1.0,975.0952969497297,536.1894719946145
2859,0.103516,488.421295,-51.576401,1.0,980.1973469497296,522.8205749946144
2860,0.103516,488.394592,-50.255707,1.0,981.6657919497296,520.8208499946145
2861,0.105469,488.366852,-48.862988,1.0,980.5991419497296,509.4976379946145
2862,0.101562,488.339935,-47.487114,1.0,975.0700889497297,508.4520449946145
2863,0.101562,488.312561,-46.072628,1.0,964.5981039497296,504.88136599461444
2864,0.103516,488.283691,-44.565552,1.0,908.4093219497296,271.28479299461446
2865,0.109375,488.253143,-42.954742,1.0,911.6105549497296,270.63799599461447
2866,0.101562,488.223938,-41.3951,1.0,989.3168539497296,531.8059569946145
2867,0.105469,488.194244,-39.738274,1.0,996.4352009497296,535.6066469946145
2868,0.103516,488.16748,-38.055931,1.0,978.9767659497296,513.8875309946145
2869,0.101562,488.14624,-36.362347,1.0,973.7067469497297,516.4972109946145
2870,0.101562,488.131927,-34.619453,1.0,972.3112999497297,491.54594699461444
2871,0.103516,488.126831,-32.82917,1.0,977.5713099497297,498.2366519946145
2872,0.101562,488.132935,-31.005175,1.0,973.1873379497297,486.47139299461446
2873,0.103516,488.151855,-29.093159,1.0,963.6327109497296,478.16139499461445
2874,0.103516,488.183563,-27.184647,1.0,959.7296959497296,480.01442299461445
2875,0.101562,488.227936,-25.259321,1.0,954.9321499497296,472.54701599461447
2876,0.103516,488.282959,-23.349342,1.0,956.1625569497296,463.7010989946145
2877,0.113281,488.354095,-21.249346,1.0,925.2244469497297,303.4689059946145
2878,0.103516,488.426178,-19.334221,1.0,928.6996059497296,295.86050699461447
2879,0.103516,488.501129,-17.454189,1.0,943.2031459497297,319.9283629946145
2880,0.103516,488.576691,-15.595512,1.0,934.0199179497297,534.8297609946144
2881,0.101562,488.650574,-13.753491,1.0,937.0561729497297,531.5292849946145
2882,0.101562,488.719635,-11.916376,1.0,935.1281339497297,535.7155029946144
2883,0.103516,488.78125,-10.066644,1.0,947.7164509497296,535.1411619946145
2884,0.103516,488.83075,-8.241302,1.0,943.2325039497297,514.4127989946145
2885,0.103516,488.867584,-6.420048,1.0,948.3029379497297,520.8664739946145
2886,0.103516,488.892273,-4.612149,1.0,955.8951619497296,519.1504399946145
2887,0.105469,488.90686,-2.761004,1.0,951.0965779497296,567.6031979946144
2888,0.107422,488.912781,-0.917281,1.0,950.8753259497296,557.1656979946144
2889,0.109375,488.912628,0.974089,1.0,948.9289759497296,562.9567139946145
2890,0.105469,488.909363,2.760131,1.0,963.7292689497297,554.7594789946145
2891,0.107422,488.904114,4.586266,1.0,972.0385949497296,513.4114559946145
2892,0.105469,488.897827,6.363448,1.0,921.7696129497297,262.97661899461446
2893,0.105469,488.890808,8.141173,1.0,912.0634359497296,302.85690599461446
2894,0.105469,488.883728,9.896878,1.0,915.1277059497296,296.83754299461447
2895,0.101562,488.877472,11.59093,1.0,915.1277059497296,296.83754299461447
2896,0.101562,488.872406,13.294217,1.0,915.1277059497296,296.83754299461447
2897,0.107422,488.868805,15.038699,1.0,915.1277059497296,296.83754299461447
2898,0.105469,488.867096,16.803396,1.0,915.1277059497296,296.83754299461447
2899,0.107422,488.86795,18.553305,0.0,32.60292594972964,154.20842299461447
2900,0.107422,488.872345,20.301998,1.0,998.3955899497296,499.2268559946145
2901,0.107422,488.880524,22.037043,1.0,937.0157679497296,518.2230409946144
2902,0.105469,488.891602,23.754011,1.0,938.2796839497296,522.3059879946145
2903,0.105469,488.904999,25.453157,1.0,930.8680629497296,517.4343449946145
2904,0.103516,488.919708,27.137899,1.0,956.7202359497296,549.7950619946145
2905,0.105469,488.935028,28.826015,1.0,956.5938929497296,557.2891109946145
2906,0.105469,488.950165,30.499449,1.0,959.6195889497296,551.1116209946144
2907,0.105469,488.964935,32.180851,1.0,930.5340779497296,551.7514219946145
2908,0.107422,488.979462,33.861336,1.0,908.1808679497296,504.55577399461447
2909,0.107422,488.993927,35.559704,1.0,909.8775839497297,518.4643739946144
2910,0.105469,489.008148,37.220428,1.0,926.9301969497296,511.65727599461445
2911,0.105469,489.021515,38.85194,1.0,924.8612879497297,537.8396789946145
2912,0.103516,489.033447,40.460411,1.0,935.4632779497297,524.8290279946145
2913,0.105469,489.043488,42.102425,1.0,927.2912799497296,519.1608159946145
2914,0.105469,489.051117,43.713448,1.0,876.3358969497297,530.4333379946145
2915,0.103516,489.055817,45.322422,1.0,868.9827479497296,529.0046879946144
2916,0.105469,489.057312,46.944904,1.0,873.1689659497297,537.7702819946145
2917,0.105469,489.055054,48.547817,1.0,899.4314169497296,541.8188969946145
2918,0.105469,489.049347,50.151676,1.0,896.4834189497296,539.0356019946145
2919,0.105469,489.040802,51.752934,1.0,908.5836999497296,548.3497499946145
2920,0.105469,489.029846,53.345417,1.0,917.3304039497297,545.9275089946145
2921,0.105469,489.01712,54.921627,1.0,1175.2444049497294,430.25395499461445
2922,0.103516,489.003326,56.496296,1.0,1175.2444049497294,430.25395499461445
2923,0.103516,488.989685,58.033581,1.0,1175.2444049497294,430.25395499461445
2924,0.111328,488.97641,59.701,1.0,945.5813199497296,432.1255369946145
2925,0.109375,488.966339,61.322681,1.0,937.7849939497296,507.9225039946145
2926,0.109375,488.960175,62.947803,1.0,953.1512659497297,540.1286199946144
2927,0.107422,488.958984,64.547791,1.0,961.6941739497296,528.7252989946145
2928,0.107422,488.963074,66.145851,1.0,952.3097739497297,534.0446349946144
2929,0.109375,488.972778,67.772102,1.0,956.7291469497296,525.1159849946145
2930,0.109375,488.987946,69.391357,1.0,940.1984459497296,524.7157779946144
2931,0.111328,489.008514,71.017189,1.0,930.6180629497296,538.4985539946144
2932,0.109375,489.034088,72.628426,1.0,920.7271939497297,522.7363769946145
2933,0.109375,489.064728,74.240425,1.0,890.6059779497297,511.2608519946145
2934,0.109375,489.100647,75.858887,1.0,927.3947349497296,561.8424259946145
2935,0.111328,489.141724,77.481567,1.0,927.2420859497296,552.3530149946145
2936,0.101562,489.183624,78.968834,1.0,941.1275229497296,556.9734989946145
2937,0.111328,489.231384,80.594208,1.0,969.8761189497296,514.2445859946145
2938,0.103516,489.273712,82.093719,1.0,987.6452229497296,548.5783269946145
2939,0.109375,489.314087,83.688004,1.0,966.0905969497296,561.0880009946145
2940,0.111328,489.348541,85.304939,1.0,929.6455289497296,552.8263119946145
2941,0.109375,489.374023,86.902199,1.0,933.7430019497297,552.4824399946144
2942,0.109375,489.389954,88.494385,1.0,924.0091149497297,551.9526249946144
2943,0.111328,489.396027,90.096756,1.0,909.5508629497297,542.8271969946145
2944,0.109375,489.392639,91.693733,1.0,913.5822349497296,547.0984679946145
2945,0.107422,489.381958,93.275993,1.0,916.9924519497297,527.7159299946145
2946,0.111328,489.365784,94.878098,1.0,916.6356409497297,529.3636049946144
2947,0.111328,489.345184,96.508286,1.0,923.4563199497296,524.4876889946145
2948,0.111328,489.322144,98.132416,1.0,924.0212609497296,526.5281859946144
2949,0.109375,489.298126,99.743683,1.0,932.7343349497296,525.8959539946145
2950,0.107422,489.274017,101.317757,1.0,931.1283169497297,522.6080199946146
2951,0.109375,489.249481,102.895325,1.0,928.4488729497297,527.9333069946144
2952,0.109375,489.224274,104.498199,1.0,920.8302819497296,517.7623479946144
2953,0.107422,489.199402,106.079765,1.0,920.8302209497297,517.7663149946145
2954,0.109375,489.174164,107.683311,1.0,909.7845669497297,510.1393619946145
2955,0.109375,489.1492,109.295532,1.0,901.7306119497297,504.82509199461447
2956,0.109375,489.124908,110.897217,1.0,899.5555629497296,507.43852599461445
2957,0.107422,489.101074,112.478027,1.0,875.1969199497296,525.6259649946145
2958,0.109375,489.076569,114.060104,1.0,868.3701379497296,522.4695309946144
2959,0.107422,489.050262,115.64798,1.0,869.9670619497297,523.9011419946145
2960,0.107422,489.021088,117.23246,1.0,864.9199429497296,539.2385129946144
2961,0.107422,488.987305,118.817589,1.0,823.3059899497297,539.4410279946144
2962,0.109375,488.94693,120.403183,1.0,826.4743249497296,532.9045899946145
2963,0.107422,488.897522,122.003891,1.0,820.5935269497296,534.7134889946144
2964,0.109375,488.837982,123.59536,1.0,879.1203209497296,435.20378399461447
2965,0.103516,488.768951,125.136169,1.0,906.5288289497296,344.9575069946145
2966,0.105469,488.686249,126.692619,1.0,888.3546349497296,450.08626099461446
2967,0.109375,488.586578,128.301849,1.0,868.7001549497296,527.0793949946144
2968,0.109375,488.472443,129.909409,1.0,877.9930629497296,527.9920529946145
2969,0.107422,488.347229,131.469254,1.0,868.4606529497296,519.8903379946145
2970,0.101562,488.213379,132.959137,1.0,825.5987149497296,537.2263369946145
2971,0.107422,488.055237,134.534012,1.0,830.9068199497297,527.5695379946144
2972,0.105469,487.879578,136.09935,1.0,838.6486409497296,515.3880799946145
2973,0.109375,487.682312,137.682343,1.0,842.2529499497297,514.6915159946145
2974,0.111328,487.454559,139.335403,1.0,841.3893639497296,528.7657349946145
2975,0.105469,487.226105,140.850784,1.0,848.5968839497297,533.3977239946145
2976,0.101562,486.984161,142.336441,1.0,842.6740319497296,521.6865719946145
2977,0.105469,486.714752,143.876694,1.0,843.1879479497296,521.1279789946145
2978,0.103516,486.430237,145.397263,1.0,807.3741049497296,546.4326969946144
2979,0.103516,486.132996,146.889557,1.0,816.4019979497297,545.6629819946145
2980,0.105469,485.808136,148.426178,1.0,820.7088829497296,548.2777279946145
2981,0.107422,485.460999,149.9758,1.0,819.1767179497297,538.6445189946145
2982,0.109375,485.088531,151.546326,1.0,825.7760829497296,542.3665039946145
2983,0.113281,484.678497,153.182434,1.0,787.8120319497297,528.1010009946144
2984,0.113281,484.253265,154.790665,1.0,797.0648399497296,535.6510189946144
2985,0.111328,483.809631,156.385742,1.0,809.2598469497296,537.4800899946144
2986,0.111328,483.349274,157.963348,1.0,812.4056599497296,528.2942989946145
2987,0.107422,482.877472,159.508224,1.0,821.6474209497296,510.46687599461444
2988,0.107422,482.392395,161.029251,1.0,835.9787189497297,512.1685369946144
2989,0.107422,481.891907,162.534821,1.0,832.8910119497297,505.46400799461446
2990,0.111328,481.348145,164.104233,1.0,838.9716999497297,507.2340579946145
2991,0.101562,480.844391,165.503616,1.0,802.7514859497296,525.9280889946144
2992,0.101562,480.317841,166.915314,1.0,808.7680259497297,527.0439329946145
2993,0.111328,479.723358,168.452805,1.0,812.2605189497297,526.2990599946145
2994,0.111328,479.108185,169.9879,1.0,826.4383749497297,527.8705319946145
2995,0.109375,478.482239,171.500031,1.0,843.8333949497296,530.9954409946145
2996,0.111328,477.832825,173.026932,1.0,838.9373989497296,527.7317079946145
2997,0.101562,477.239197,174.39122,1.0,849.9964809497296,518.2424499946144
2998,0.113281,476.553345,175.934616,1.0,889.8348599497297,477.11329999461447
2999,0.113281,475.857239,177.467667,1.0,897.7860929497297,468.63899599461445
3000,0.113281,475.146637,178.999237,1.0,890.6303919497296,476.22175899461445
3001,0.115234,474.424957,180.527802,1.0,924.5890709497296,473.43913599461445
3002,0.113281,473.705811,182.038101,1.0,925.1689049497296,461.07664799461446
3003,0.113281,472.981079,183.55899,1.0,876.9157919497296,479.38643199461444
3004,0.113281,472.26004,185.079453,1.0,886.2827359497296,470.22123999461445
3005,0.113281,471.537292,186.611664,1.0,862.7066249497296,481.55073899461445
3006,0.115234,470.815643,188.136993,1.0,849.3313809497297,501.3470339946145
3007,0.115234,470.07547,189.674759,1.0,844.3096519497296,497.8525269946145
3008,0.113281,469.322815,191.195755,1.0,849.5008139497296,521.8147769946145
3009,0.111328,468.579987,192.647766,1.0,938.1155599497297,628.0889769946145
3010,0.109375,467.820282,194.080658,1.0,962.1118979497296,630.0293459946145
3011,0.109375,467.032349,195.516052,1.0,864.2149869497297,413.47758799461445
3012,0.113281,466.215332,196.955811,1.0,887.8919269497296,372.4256169946145
3013,0.103516,465.437714,198.285095,1.0,917.2326869497297,326.26414799461446
3014,0.113281,464.566559,199.72908,1.0,849.2021689497296,557.4030339946145
3015,0.113281,463.684601,201.14328,1.0,856.5789999497297,560.9705079946145
3016,0.103516,462.84906,202.438904,1.0,886.7408039497296,563.2020449946144
3017,0.115234,461.901733,203.855164,1.0,819.0077109497296,547.2628659946145
3018,0.107422,460.991608,205.162415,1.0,831.7201749497297,542.2348509946145
3019,0.113281,460.008942,206.5177,1.0,823.5765589497296,562.1555969946145
3020,0.111328,459.017029,207.832092,1.0,849.5065509497297,532.2563969946145
3021,0.109375,458.034973,209.086884,1.0,474.4337369497296,141.36506099461445
3022,0.107422,457.027374,210.332947,1.0,474.4337369497296,141.36506099461445
3023,0.107422,456.01767,211.547256,1.0,474.4337369497296,141.36506099461445
3024,0.103516,455.030518,212.70665,1.0,474.4337369497296,141.36506099461445
3025,0.113281,453.941498,213.958023,1.0,474.4337369497296,141.36506099461445
3026,0.111328,452.855133,215.180283,0.0,32.60292594972964,154.20842299461447
3027,0.113281,451.730804,216.420914,0.0,32.60292594972964,154.20842299461447
3028,0.107422,450.660461,217.580109,0.0,32.60292594972964,154.20842299461447
3029,0.101562,449.648895,218.657562,0.0,32.60292594972964,154.20842299461447
3030,0.101562,448.611847,219.744827,0.0,32.60292594972964,154.20842299461447
3031,0.113281,447.447998,220.945358,0.0,32.60292594972964,154.20842299461447
3032,0.101562,446.408966,222.000198,0.0,32.60292594972964,154.20842299461447
3033,0.101562,445.348572,223.060852,0.0,32.60292594972964,154.20842299461447
3034,0.101562,444.278961,224.114899,0.0,32.60292594972964,154.20842299461447
3035,0.103516,443.186584,225.175385,0.0,32.60292594972964,154.20842299461447
3036,0.105469,442.080627,226.23291,0.0,32.60292594972964,154.20842299461447
3037,0.101562,440.980591,227.269958,0.0,32.60292594972964,154.20842299461447
3038,0.103516,439.880737,228.294067,0.0,32.60292594972964,154.20842299461447
3039,0.101562,438.773468,229.313843,0.0,32.60292594972964,154.20842299461447
3040,0.101562,437.673553,230.316956,0.0,32.60292594972964,154.20842299461447
3041,0.101562,436.567322,231.31723,0.0,32.60292594972964,154.20842299461447
3042,0.105469,435.415497,232.350235,0.0,32.60292594972964,154.20842299461447
3043,0.103516,434.281158,233.358994,0.0,32.60292594972964,154.20842299461447
3044,0.103516,433.136597,234.365616,0.0,32.60292594972964,154.20842299461447
3045,0.103516,431.975769,235.371292,0.0,32.60292594972964,154.20842299461447
3046,0.103516,430.814392,236.358627,0.0,32.60292594972964,154.20842299461447
3047,0.101562,429.670868,237.309357,0.0,32.60292594972964,154.20842299461447
3048,0.113281,428.373535,238.360626,0.0,32.60292594972964,154.20842299461447
3049,0.101562,427.216888,239.273376,0.0,32.60292594972964,154.20842299461447
3050,0.113281,425.893188,240.290924,0.0,32.60292594972964,154.20842299461447
3051,0.113281,424.563446,241.285797,0.0,32.60292594972964,154.20842299461447
3052,0.101562,423.346924,242.173355,0.0,32.60292594972964,154.20842299461447
3053,0.103516,422.112091,243.052872,0.0,32.60292594972964,154.20842299461447
3054,0.111328,420.767303,243.986496,0.0,32.60292594972964,154.20842299461447
3055,0.113281,419.40332,244.907944,0.0,32.60292594972964,154.20842299461447
3056,0.113281,418.008209,245.823929,0.0,32.60292594972964,154.20842299461447
3057,0.111328,416.625153,246.706467,0.0,32.60292594972964,154.20842299461447
3058,0.109375,415.249268,247.559875,0.0,32.60292594972964,154.20842299461447
3059,0.113281,413.837524,248.411118,0.0,32.60292594972964,154.20842299461447
3060,0.111328,412.419678,249.242157,0.0,32.60292594972964,154.20842299461447
3061,0.109375,411.010315,250.045013,0.0,32.60292594972964,154.20842299461447
3062,0.111328,409.579529,250.837402,0.0,32.60292594972964,154.20842299461447
3063,0.115234,408.104889,251.630692,0.0,32.60292594972964,154.20842299461447
3064,0.101562,406.777985,252.325943,0.0,32.60292594972964,154.20842299461447
3065,0.111328,405.315582,253.074524,0.0,32.60292594972964,154.20842299461447
3066,0.113281,403.828156,253.81987,0.0,32.60292594972964,154.20842299461447
3067,0.113281,402.341309,254.550446,0.0,32.60292594972964,154.20842299461447
3068,0.113281,400.829041,255.280045,0.0,32.60292594972964,154.20842299461447
3069,0.101562,399.485901,255.916901,0.0,32.60292594972964,154.20842299461447
3070,0.103516,398.106537,256.558746,0.0,32.60292594972964,154.20842299461447
3071,0.103516,396.712311,257.192291,0.0,32.60292594972964,154.20842299461447
3072,0.109375,395.229218,257.847534,0.0,32.60292594972964,154.20842299461447
3073,0.109375,393.753784,258.47879,0.0,32.60292594972964,154.20842299461447
3074,0.107422,392.304657,259.077667,0.0,32.60292594972964,154.20842299461447
3075,0.109375,390.800415,259.676605,0.0,32.60292594972964,154.20842299461447
3076,0.101562,389.40271,260.21283,0.0,32.60292594972964,154.20842299461447
3077,0.103516,387.967163,260.743225,0.0,32.60292594972964,154.20842299461447
3078,0.111328,386.42926,261.289062,0.0,32.60292594972964,154.20842299461447
3079,0.113281,384.855988,261.824432,0.0,32.60292594972964,154.20842299461447
3080,0.107422,383.35495,262.313293,0.0,32.60292594972964,154.20842299461447
3081,0.113281,381.75531,262.811096,0.0,32.60292594972964,154.20842299461447
3082,0.107422,380.251434,263.258179,0.0,32.60292594972964,154.20842299461447
3083,0.107422,378.727295,263.693146,0.0,32.60292594972964,154.20842299461447
3084,0.111328,377.150024,264.126831,0.0,32.60292594972964,154.20842299461447
3085,0.107422,375.627045,264.53183,0.0,32.60292594972964,154.20842299461447
3086,0.107422,374.097168,264.92627,0.0,32.60292594972964,154.20842299461447
3087,0.107422,372.571259,265.307526,0.0,32.60292594972964,154.20842299461447
3088,0.105469,371.043762,265.676147,0.0,32.60292594972964,154.20842299461447
3089,0.107422,369.502411,266.033569,0.0,32.60292594972964,154.20842299461447
3090,0.109375,367.94223,266.3797,0.0,32.60292594972964,154.20842299461447
3091,0.109375,366.374969,266.71051,0.0,32.60292594972964,154.20842299461447
3092,0.113281,364.754028,267.034393,0.0,32.60292594972964,154.20842299461447
3093,0.101562,363.268982,267.314819,0.0,32.60292594972964,154.20842299461447
3094,0.109375,361.678619,267.597351,0.0,32.60292594972964,154.20842299461447
3095,0.111328,360.088684,267.860992,0.0,32.60292594972964,154.20842299461447
3096,0.107422,358.505554,268.10437,0.0,32.60292594972964,154.20842299461447
3097,0.109375,356.923859,268.328186,0.0,32.60292594972964,154.20842299461447
3098,0.109375,355.327179,268.534393,0.0,32.60292594972964,154.20842299461447
3099,0.109375,353.726562,268.7211,0.0,32.60292594972964,154.20842299461447
3100,0.109375,352.124603,268.888245,0.0,32.60292594972964,154.20842299461447
3101,0.109375,350.532928,269.03476,0.0,32.60292594972964,154.20842299461447
3102,0.117188,348.816925,269.171204,0.0,32.60292594972964,154.20842299461447
3103,0.113281,347.155731,269.282104,0.0,32.60292594972964,154.20842299461447
3104,0.111328,345.538452,269.370148,0.0,32.60292594972964,154.20842299461447
3105,0.109375,343.931976,269.438599,0.0,32.60292594972964,154.20842299461447
3106,0.107422,342.335846,269.489105,0.0,32.60292594972964,154.20842299461447
3107,0.111328,340.70224,269.526184,0.0,32.60292594972964,154.20842299461447
3108,0.111328,339.076935,269.552673,0.0,32.60292594972964,154.20842299461447
3109,0.111328,337.440613,269.572571,0.0,32.60292594972964,154.20842299461447
3110,0.113281,335.801575,269.58844,0.0,32.60292594972964,154.20842299461447
3111,0.105469,334.25177,269.602631,0.0,32.60292594972964,154.20842299461447
3112,0.105469,332.696991,269.617126,0.0,32.60292594972964,154.20842299461447
3113,0.107422,331.129669,269.632355,1.0,984.5650839497297,385.3317749946145
3114,0.103516,329.605042,269.647675,1.0,959.7605799497296,262.7508809946145
3115,0.103516,328.103607,269.663177,1.0,1049.6552939497296,499.11082799461445
3116,0.115234,326.400421,269.681519,1.0,1058.5129599497295,521.0327029946145
3117,0.101562,324.902069,269.698456,1.0,1050.6260579497298,551.4450259946145
3118,0.103516,323.38736,269.716797,1.0,1070.7672329497295,525.8171569946145
3119,0.113281,321.744965,269.738281,1.0,1095.2824909497294,574.5895879946145
3120,0.105469,320.188446,269.76059,1.0,1101.1611539497299,550.9986759946145
3121,0.101562,318.720032,269.783356,1.0,994.7611899497297,548.7111389946144
3122,0.109375,317.09848,269.810883,1.0,960.1076259497296,524.5342289946145
3123,0.101562,315.619843,269.838562,1.0,966.4071249497297,532.7537719946145
3124,0.109375,314.032227,269.871704,1.0,966.7539879497297,533.8727299946145
3125,0.109375,312.420563,269.909637,1.0,950.9865929497296,498.68336799461446
3126,0.111328,310.802429,269.952423,1.0,900.4887289497296,496.3291199946145
3127,0.111328,309.183136,270.000183,1.0,951.4193319497297,507.72816799461447
3128,0.113281,307.543518,270.053558,1.0,957.6947839497296,527.5814389946145
3129,0.111328,305.905579,270.111633,1.0,971.4175619497296,535.4356259946144
3130,0.111328,304.305481,270.172394,1.0,971.4175619497296,535.4356259946144
3131,0.111328,302.67807,270.236755,1.0,971.4175619497296,535.4356259946144
3132,0.113281,301.036438,270.302612,1.0,971.4175619497296,535.4356259946144
3133,0.113281,299.429993,270.36676,1.0,971.4175619497296,535.4356259946144
3134,0.113281,297.815338,270.430511,0.0,32.60292594972964,154.20842299461447
3135,0.113281,296.193237,270.493744,0.0,32.60292594972964,154.20842299461447
3136,0.115234,294.578949,270.556122,0.0,32.60292594972964,154.20842299461447
3137,0.113281,292.973358,270.617828,0.0,32.60292594972964,154.20842299461447
3138,0.117188,291.359528,270.679504,0.0,32.60292594972964,154.20842299461447
3139,0.113281,289.784302,270.737244,0.0,32.60292594972964,154.20842299461447
3140,0.115234,288.205811,270.789948,1.0,926.3533529497296,566.6382329946144
3141,0.117188,286.615723,270.835785,1.0,934.0271809497297,565.5065489946145
3142,0.113281,285.057953,270.872528,1.0,929.0493369497296,461.20790399461447
3143,0.101562,283.714783,270.897644,1.0,935.6994229497296,349.58763399461446
3144,0.117188,282.173187,270.919434,1.0,929.0998739497296,347.41659899461445
3145,0.115234,280.710236,270.933807,1.0,954.3628749497296,534.9883909946145
3146,0.115234,279.358459,270.942963,1.0,946.7203579497296,542.7160829946145
3147,0.115234,278.087646,270.948608,1.0,951.5042319497296,547.5356939946145
3148,0.105469,277.026093,270.951385,1.0,1098.5830289497299,489.8507259946145
3149,0.113281,275.951324,270.952423,1.0,1113.5128379497296,477.57460299461445
3150,0.101562,275.067352,270.951843,1.0,975.6662189497297,534.6178469946144
3151,0.115234,274.131653,270.949677,1.0,974.7709559497297,528.4210389946145
3152,0.113281,273.275574,270.946167,1.0,946.7119959497296,387.8318359946145
3153,0.115234,272.500763,270.941772,1.0,944.5361539497296,293.5688509946145
3154,0.101562,271.883942,270.937439,1.0,1334.1720179497297,190.37368299461446
3155,0.101562,271.325623,270.932953,1.0,1464.3905239497294,165.73201099461446
3156,0.115234,270.737946,270.927734,1.0,1271.2350059497298,251.33215699461448
3157,0.113281,270.184387,270.922394,1.0,986.6653039497296,465.3511839946145
3158,0.113281,269.650208,270.91684,1.0,990.4011439497297,511.36305599461446
3159,0.113281,269.136627,270.911072,1.0,971.6076869497297,568.3081239946144
3160,0.113281,268.639587,270.90506,1.0,985.3575649497296,570.0548889946144
3161,0.113281,268.147888,270.898651,1.0,976.4341639497296,569.3660459946145
3162,0.115234,267.660522,270.891907,1.0,982.0749109497297,570.8340939946145
3163,0.113281,267.184082,270.884918,1.0,981.0761929497296,562.6167179946144
3164,0.113281,266.70694,270.877563,1.0,996.6001179497297,567.2850219946145
3165,0.101562,266.282745,270.870728,1.0,986.8539639497296,563.1793699946145
3166,0.101562,265.840118,270.863342,1.0,985.9626059497297,561.3463929946145
3167,0.101562,265.385162,270.855408,1.0,1281.7096149497297,606.9101139946144
3168,0.117188,264.827179,270.845337,1.0,1508.5219929497298,681.0909299946145
3169,0.111328,264.256073,270.834595,1.0,1515.6695759497297,680.7930179946145
3170,0.113281,263.650421,270.822845,1.0,1586.4386189497295,712.3696169946145
3171,0.113281,263.022949,270.810303,1.0,1578.6837369497298,699.1030149946145
3172,0.111328,262.368256,270.796936,1.0,1577.2320759497297,705.0872679946144
3173,0.113281,261.687225,270.782654,1.0,1169.1804409497295,573.5723149946145
3174,0.111328,261.000549,270.767914,1.0,927.2581989497296,513.8680909946145
3175,0.113281,260.283325,270.752075,1.0,990.1692099497296,549.1579469946145
3176,0.113281,259.541809,270.735321,1.0,986.7810269497296,538.5706059946144
3177,0.111328,258.783142,270.717743,1.0,930.0359699497296,383.25525199461447
3178,0.113281,258.007111,270.699432,1.0,945.4023029497297,340.2574339946145
3179,0.113281,257.207703,270.680145,1.0,935.8107509497296,339.78995099461446
3180,0.113281,256.382812,270.659821,1.0,982.1324669497296,565.2477599946144
3181,0.113281,255.534302,270.63858,1.0,984.3669029497296,546.6557189946145
3182,0.115234,254.670547,270.616455,1.0,982.0254109497297,556.1896849946145
3183,0.115234,253.768997,270.592957,1.0,987.5349329497296,554.3188969946145
3184,0.117188,252.846909,270.568634,1.0,986.0199179497297,551.5329159946145
3185,0.115234,251.9189,270.543945,1.0,922.2435509497296,311.6205629946145
3186,0.115234,250.969894,270.518585,1.0,926.3311969497296,319.49391499461444
3187,0.115234,250.005554,270.492798,1.0,995.9880579497296,539.3037899946145
3188,0.101562,249.145065,270.469788,1.0,995.1329549497297,544.3251219946144
3189,0.101562,248.281784,270.446869,1.0,995.9326989497297,544.5261419946145
3190,0.101562,247.427094,270.424591,1.0,993.7654019497296,535.0493039946145
3191,0.117188,246.466492,270.400146,1.0,991.1057339497296,541.8723019946144
3192,0.115234,245.518631,270.377014,1.0,1003.4925739497296,541.9934569946145
3193,0.103516,244.699295,270.357971,1.0,937.7931729497296,385.1966579946145
3194,0.103516,243.888702,270.339966,1.0,929.7645469497296,309.18057599461446
3195,0.117188,242.980881,270.32077,1.0,930.1612149497296,302.4040249946145
3196,0.101562,242.208084,270.305115,1.0,991.6693319497297,465.1638369946145
3197,0.105469,241.412125,270.289673,1.0,1002.9670619497297,533.5382879946144
3198,0.111328,240.584854,270.2742,1.0,995.0564169497296,537.2073239946144
3199,0.107422,239.806946,270.260315,1.0,1003.2029019497296,527.5052979946145
3200,0.117188,238.965225,270.246063,1.0,993.9203699497297,538.0018499946145
3201,0.117188,238.148422,270.233002,1.0,1005.1339929497296,527.8223149946145
3202,0.101562,237.445862,270.222626,1.0,1002.3298549497297,531.0302309946144
3203,0.117188,236.641235,270.211517,1.0,999.7449549497296,530.7102239946145
3204,0.103516,235.948288,270.202637,1.0,1002.8531699497296,534.9516179946145
3205,0.103516,235.268677,270.194519,1.0,997.7909749497296,535.9007449946145
3206,0.101562,234.602112,270.187195,1.0,1001.4707239497296,533.4893679946144
3207,0.107422,233.921906,270.180237,1.0,998.7924399497297,535.4780149946145
3208,0.105469,233.251099,270.174011,1.0,1004.2534389497297,531.8117249946145
3209,0.105469,232.598373,270.168488,1.0,916.2932339497296,297.8113739946144
3210,0.101562,231.964951,270.163635,1.0,918.4588219497297,293.9872319946145
3211,0.109375,231.263123,270.158875,1.0,913.5326139497297,295.43588599461447
3212,0.103516,230.55751,270.154724,1.0,928.2914639497296,293.4080229946145
3213,0.101562,229.872009,270.151245,1.0,928.3912559497296,289.5173829946145
3214,0.105469,229.200089,270.148468,1.0,1018.2532559497297,-134.60896000538554
3215,0.115234,228.453979,270.146118,1.0,1018.2532559497297,-134.60896000538554
3216,0.115234,227.721741,270.144531,1.0,1018.2532559497297,-134.60896000538554
3217,0.101562,227.102768,270.143738,1.0,1018.2532559497297,-134.60896000538554
3218,0.115234,226.402023,270.143433,0.0,32.60292594972964,154.20842299461447
3219,0.101562,225.798538,270.143646,0.0,32.60292594972964,154.20842299461447
3220,0.101562,225.191818,270.144379,0.0,32.60292594972964,154.20842299461447
3221,0.101562,224.601379,270.145477,0.0,32.60292594972964,154.20842299461447
3222,0.105469,224.00766,270.147125,0.0,32.60292594972964,154.20842299461447
3223,0.103516,223.427719,270.14917,1.0,992.2155359497297,523.0766789946144
3224,0.101562,222.861313,270.15155,1.0,989.3942469497297,532.3321719946144
3225,0.101562,222.332779,270.154114,1.0,992.1323449497296,543.1403079946144
3226,0.105469,221.812363,270.156982,1.0,993.7363489497296,530.7781249946145
3227,0.103516,221.323654,270.160004,1.0,999.7076619497296,529.1599309946145
3228,0.103516,220.876419,270.163055,1.0,998.8255209497296,526.8303709946144
3229,0.117188,220.418152,270.166321,1.0,1001.0145469497296,527.9513729946145
3230,0.115234,220.013397,270.169373,1.0,996.9306239497297,523.4735899946145
3231,0.115234,219.655746,270.17215,1.0,997.6702479497296,529.6230959946145
3232,0.101562,219.386612,270.174316,1.0,998.4052939497296,522.0680419946145
3233,0.101562,219.166199,270.176117,1.0,920.5472619497297,319.72996799461447
3234,0.117188,218.967941,270.177765,1.0,918.3975429497297,319.78718899461444
3235,0.115234,218.841812,270.178864,1.0,973.6644489497296,521.9317809946144
3236,0.117188,218.788467,270.179352,1.0,982.5713709497296,531.0132019946145
3237,0.103516,218.787476,270.179352,1.0,981.5898639497296,529.0517149946145
3238,0.103516,218.795456,270.179321,1.0,981.8539029497297,538.1107059946145
3239,0.101562,218.801788,270.17926,1.0,980.1292319497296,524.8775819946145
3240,0.103516,218.803207,270.17926,1.0,990.9474689497297,523.8498409946144
3241,0.103516,218.800919,270.17926,1.0,1180.4876919497297,328.7706479946145
3242,0.101562,218.798141,270.179291,1.0,1180.4876919497297,328.7706479946145
3243,0.117188,218.796875,270.179291,1.0,1180.4876919497297,328.7706479946145
3244,0.101562,218.797409,270.179291,1.0,1180.4876919497297,328.7706479946145
3245,0.115234,218.798599,270.179291,1.0,1180.4876919497297,328.7706479946145
3246,0.103516,218.799118,270.179291,0.0,32.60292594972964,154.20842299461447
3247,0.117188,218.797638,270.179291,0.0,32.60292594972964,154.20842299461447
3248,0.113281,218.793472,270.179291,0.0,32.60292594972964,154.20842299461447
3249,0.115234,218.786697,270.179291,0.0,32.60292594972964,154.20842299461447
3250,0.101562,218.778549,270.179291,0.0,32.60292594972964,154.20842299461447
3251,0.101562,218.768356,270.179474,0.0,32.60292594972964,154.20842299461447
3252,0.117188,218.753952,270.179626,0.0,32.60292594972964,154.20842299461447
3253,0.117188,218.733582,270.179779,0.0,32.60292594972964,154.20842299461447
3254,0.113281,218.697861,270.180084,0.0,32.60292594972964,154.20842299461447
3255,0.115234,218.643524,270.180542,0.0,32.60292594972964,154.20842299461447
3256,0.115234,218.572159,270.181122,0.0,32.60292594972964,154.20842299461447
3257,0.105469,218.47998,270.181885,0.0,32.60292594972964,154.20842299461447
3258,0.115234,218.325867,270.183197,0.0,32.60292594972964,154.20842299461447
3259,0.117188,218.130585,270.184814,0.0,32.60292594972964,154.20842299461447
3260,0.115234,217.902664,270.186737,0.0,32.60292594972964,154.20842299461447
3261,0.101562,217.659988,270.188873,0.0,32.60292594972964,154.20842299461447
3262,0.107422,217.359924,270.191498,0.0,32.60292594972964,154.20842299461447
3263,0.101562,217.040665,270.194336,0.0,32.60292594972964,154.20842299461447
3264,0.117188,216.644684,270.197906,0.0,32.60292594972964,154.20842299461447
3265,0.101562,216.269974,270.201324,0.0,32.60292594972964,154.20842299461447
3266,0.117188,215.779465,270.205902,0.0,32.60292594972964,154.20842299461447
3267,0.117188,215.258057,270.210876,0.0,32.60292594972964,154.20842299461447
3268,0.101562,214.784225,270.215485,0.0,32.60292594972964,154.20842299461447
3269,0.115234,214.201553,270.221344,0.0,32.60292594972964,154.20842299461447
3270,0.113281,213.56842,270.227844,0.0,32.60292594972964,154.20842299461447
3271,0.113281,212.8936,270.234985,0.0,32.60292594972964,154.20842299461447
3272,0.101562,212.267807,270.241791,0.0,32.60292594972964,154.20842299461447
3273,0.101562,211.669739,270.248444,0.0,32.60292594972964,154.20842299461447
3274,0.101562,211.124802,270.2547,1.0,1032.9110929497297,443.47673399461445
3275,0.115234,210.568741,270.261169,1.0,1015.8493249497296,482.00615199461447
3276,0.113281,210.103867,270.266815,1.0,1014.5290119497297,480.5373719946145
3277,0.113281,209.733459,270.271332,1.0,1013.0471399497296,459.2301209946145
3278,0.117188,209.457214,270.27475,1.0,1016.5984089497297,464.93806799461447
3279,0.113281,209.286301,270.276855,1.0,1011.5971279497296,461.0499149946145
3280,0.113281,209.218628,270.27771,1.0,1015.9314779497296,457.65770299461445
3281,0.115234,209.219299,270.27771,1.0,1031.2632649497295,566.7909119946145
3282,0.107422,209.231186,270.277618,1.0,1078.0738729497298,493.23228799461447
3283,0.115234,209.239365,270.277557,1.0,1125.6739709497297,418.2886539946145
3284,0.115234,209.2388,270.277557,1.0,1129.5815639497296,415.30229499461444
3285,0.115234,209.234268,270.277588,1.0,1542.0868129497298,713.1500729946144
3286,0.115234,209.231247,270.277618,1.0,1537.4727989497296,715.8656499946145
3287,0.113281,209.231354,270.277618,1.0,1000.7679649497296,595.9422179946145
3288,0.115234,209.232941,270.277618,1.0,999.7052209497297,588.3046449946145
3289,0.115234,209.2341,270.277588,1.0,1286.8591519497295,639.4893979946145
3290,0.113281,209.234055,270.277588,1.0,1576.3933309497297,676.2474239946145
3291,0.115234,209.233414,270.277588,1.0,1572.3017789497299,656.4878719946145
3292,0.117188,209.233017,270.277588,1.0,1550.0110069497296,639.1590149946144
3293,0.115234,209.233078,270.277588,1.0,1537.4554649497295,610.9886659946144
3294,0.115234,209.233292,270.277588,1.0,939.6645099497297,450.89534299461445
3295,0.101562,209.233429,270.277588,1.0,1030.4577839497297,547.7677489946145
3296,0.115234,209.233429,270.277588,1.0,1041.9361169497297,565.9382809946144
3297,0.117188,209.233383,270.277588,1.0,954.8298549497297,516.7409549946144
3298,0.115234,209.233337,270.277557,1.0,960.2392179497297,487.47026399461447
3299,0.101562,209.233337,270.277588,1.0,948.7318929497296,467.7040899946145
3300,0.115234,209.233353,270.277588,1.0,1018.4012049497296,467.65941199461446
3301,0.101562,209.233368,270.277588,1.0,1067.0747279497295,416.19368299461445
3302,0.105469,209.233383,270.277588,1.0,998.6239829497297,364.38403599461446
3303,0.101562,209.233368,270.277588,1.0,1040.6299039497296,389.9911069946145
3304,0.101562,209.233368,270.277588,1.0,1041.4344079497296,436.66404999461446
3305,0.107422,209.233368,270.277588,1.0,1038.3413899497295,434.38185399461446
3306,0.103516,209.233368,270.277588,1.0,1044.9739589497296,421.59227299461446
3307,0.115234,209.233368,270.277588,1.0,1038.4145719497296,429.12132599461444
3308,0.101562,209.233368,270.277588,1.0,1036.4939779497295,419.38255599461445
3309,0.103516,209.233337,270.277557,1.0,1031.4068809497296,424.5038029946145
3310,0.101562,209.232101,270.277588,1.0,1038.2293909497298,436.3148379946145
3311,0.115234,209.228256,270.277588,1.0,1028.5415249497296,433.80003699461446
3312,0.117188,209.221436,270.277649,1.0,1030.3917439497295,428.63341099461445
3313,0.101562,209.213196,270.277802,1.0,1031.9065149497296,426.9546999946145
3314,0.103516,209.20285,270.277954,1.0,1021.5278529497297,424.42753899461445
3315,0.101562,209.190247,270.278107,1.0,1021.2063809497297,429.92116099461447
3316,0.101562,209.174759,270.278259,1.0,1023.8123379497297,429.62044099461446
3317,0.101562,209.154404,270.278534,1.0,980.0266929497296,491.2240169946145
3318,0.103516,209.124695,270.2789,1.0,988.4218349497296,488.78929499461447
3319,0.103516,209.071594,270.27951,1.0,985.4842739497296,486.2352779946145
3320,0.101562,208.980438,270.280518,1.0,1171.9249469497295,366.17875999461444
3321,0.117188,208.821381,270.282196,1.0,1489.5569049497294,113.44383899461447
3322,0.117188,208.605118,270.284332,1.0,1191.9488729497298,266.7923919946145
3323,0.101562,208.376038,270.286591,1.0,987.3659259497297,434.56413599461445
3324,0.101562,208.102295,270.289215,1.0,983.1870929497296,423.7519109946145
3325,0.117188,207.739365,270.292633,1.0,983.4618129497296,473.28123799461446
3326,0.117188,207.31369,270.296356,1.0,977.6660359497297,462.9869869946145
3327,0.101562,206.907852,270.299652,1.0,985.0882779497297,460.6939879946145
3328,0.113281,206.39975,270.303467,1.0,981.4155479497297,463.3257629946145
3329,0.115234,205.848297,270.30722,1.0,994.0045979497296,462.24699699461445
3330,0.117188,205.255798,270.31076,1.0,992.0890709497296,468.02971199461444
3331,0.101562,204.775146,270.313293,1.0,986.8543299497296,471.3372679946145
3332,0.117188,204.275131,270.315613,1.0,965.1581629497297,458.25944799461445
3333,0.103516,203.901367,270.317139,1.0,991.8551839497296,112.25645399461447
3334,0.117188,203.548523,270.318542,1.0,1059.6786099497294,80.57522099461447
3335,0.101562,203.312592,270.319519,1.0,1092.4608359497297,176.80805699461447
3336,0.115234,203.130875,270.320251,1.0,1043.9646809497297,187.29804899461448
3337,0.103516,203.04425,270.320648,1.0,1007.2925619497296,162.05019999461447
3338,0.117188,203.014053,270.320831,1.0,997.5241299497296,177.22092799461447
3339,0.103516,203.018921,270.320831,1.0,1022.5571499497296,162.24569299461447
3340,0.103516,203.026978,270.320831,1.0,994.7672329497296,172.56753099461446
3341,0.103516,203.03093,270.320831,1.0,978.1647549497296,170.89047599461446
3342,0.101562,203.03006,270.320831,1.0,1004.0946249497297,198.96803199461448
3343,0.101562,203.027145,270.320831,1.0,1038.3498739497295,185.94851399461447
3344,0.101562,203.024994,270.320801,1.0,1038.3498739497295,185.94851399461447
3345,0.101562,203.024658,270.320801,1.0,1038.3498739497295,185.94851399461447
3346,0.101562,203.024902,270.320801,1.0,1038.3498739497295,185.94851399461447
3347,0.117188,203.022919,270.320801,1.0,1199.7343959497298,295.7915829946145
3348,0.103516,203.018356,270.320831,1.0,1114.2556359497298,268.6911269946145
3349,0.103516,203.011246,270.320831,1.0,946.5594079497297,339.32513699461447
3350,0.101562,203.002106,270.320831,1.0,1084.7685749497296,276.6328079946145
3351,0.101562,202.991287,270.320831,1.0,969.6330159497296,370.0944859946145
3352,0.115234,202.976624,270.320831,1.0,969.6330159497296,370.0944859946145
3353,0.115234,202.959595,270.320801,1.0,969.6330159497296,370.0944859946145
3354,0.113281,202.940186,270.320984,1.0,969.6330159497296,370.0944859946145
3355,0.117188,202.917786,270.321167,1.0,641.2564899497296,298.57243699461446
3356,0.115234,202.892822,270.321381,1.0,663.3488369497296,298.5162999946144
3357,0.101562,202.86937,270.321533,1.0,709.3514609497296,284.64030799461443
3358,0.101562,202.843369,270.321686,1.0,709.3514609497296,284.64030799461443
3359,0.117188,202.807449,270.321838,1.0,829.0295619497297,50.184428994614464
3360,0.115234,202.748199,270.322113,1.0,398.42934194972963,269.31518899461446
3361,0.115234,202.636154,270.322693,1.0,1153.7943319497294,274.4381969946145
3362,0.115234,202.469391,270.323456,1.0,907.9463099497297,183.96873199461447
3363,0.111328,202.253632,270.324554,1.0,1201.1070759497297,417.4409669946145
3364,0.115234,201.983307,270.325867,1.0,1201.1070759497297,417.4409669946145
3365,0.111328,201.660965,270.327423,1.0,1143.4612019497295,472.48332499461446
3366,0.103516,201.31897,270.329102,1.0,1143.4612019497295,472.48332499461446
3367,0.103516,200.937332,270.330963,1.0,1143.4612019497295,472.48332499461446
3368,0.103516,200.505585,270.333038,1.0,1143.4612019497295,472.48332499461446
3369,0.101562,200.03923,270.3349,1.0,1143.4612019497295,472.48332499461446
3370,0.105469,199.511154,270.3367,0.0,32.60292594972964,154.20842299461447
3371,0.103516,198.954834,270.338043,0.0,32.60292594972964,154.20842299461447
3372,0.101562,198.361343,270.338989,0.0,32.60292594972964,154.20842299461447
3373,0.111328,197.660049,270.339478,0.0,32.60292594972964,154.20842299461447
3374,0.113281,196.903732,270.339355,0.0,32.60292594972964,154.20842299461447
3375,0.111328,196.097183,270.338654,0.0,32.60292594972964,154.20842299461447
3376,0.105469,195.294586,270.337341,0.0,32.60292594972964,154.20842299461447
3377,0.101562,194.47821,270.335358,0.0,32.60292594972964,154.20842299461447
3378,0.101562,193.625183,270.332581,0.0,32.60292594972964,154.20842299461447
3379,0.113281,192.609711,270.328125,0.0,32.60292594972964,154.20842299461447
3380,0.115234,191.559464,270.322235,0.0,32.60292594972964,154.20842299461447
3381,0.103516,190.676102,270.316162,0.0,32.60292594972964,154.20842299461447
3382,0.125,189.617249,270.307312,0.0,32.60292594972964,154.20842299461447
3383,0.105469,188.723755,270.29834,0.0,32.60292594972964,154.20842299461447
3384,0.101562,187.873199,270.288483,0.0,32.60292594972964,154.20842299461447
3385,0.101562,187.03418,270.27771,0.0,32.60292594972964,154.20842299461447
3386,0.115234,186.089859,270.264587,0.0,32.60292594972964,154.20842299461447
3387,0.117188,185.139114,270.25061,0.0,32.60292594972964,154.20842299461447
3388,0.101562,184.327972,270.23819,0.0,32.60292594972964,154.20842299461447
3389,0.113281,183.414383,270.223969,1.0,1215.1031699497298,321.6507749946145
3390,0.101562,182.614059,270.211639,1.0,1215.1031699497298,321.6507749946145
3391,0.101562,181.797226,270.199158,1.0,1215.1031699497298,321.6507749946145
3392,0.101562,180.989777,270.18689,1.0,1215.1031699497298,321.6507749946145
3393,0.115234,180.074493,270.173492,1.0,1215.1031699497298,321.6507749946145
3394,0.117188,179.157135,270.160583,0.0,32.60292594972964,154.20842299461447
3395,0.105469,178.323593,270.149475,0.0,32.60292594972964,154.20842299461447
3396,0.117188,177.413498,270.138092,0.0,32.60292594972964,154.20842299461447
3397,0.113281,176.522141,270.127594,0.0,32.60292594972964,154.20842299461447
3398,0.101562,175.729919,270.118713,0.0,32.60292594972964,154.20842299461447
3399,0.113281,174.854065,270.109253,0.0,32.60292594972964,154.20842299461447
3400,0.113281,173.966309,270.100037,0.0,32.60292594972964,154.20842299461447
3401,0.101562,173.186874,270.092041,1.0,1531.6322229497296,17.87532399461446
3402,0.117188,172.279129,270.082794,1.0,1484.6336879497298,57.697779994614464
3403,0.113281,171.405319,270.073853,1.0,1716.5938929497297,116.27687799461447
3404,0.113281,170.52771,270.06485,1.0,1716.5938929497297,116.27687799461447
3405,0.113281,169.65979,270.055847,1.0,1716.5938929497297,116.27687799461447
3406,0.113281,168.789566,270.046814,1.0,1716.5938929497297,116.27687799461447
3407,0.115234,167.911392,270.037659,0.0,32.60292594972964,154.20842299461447
3408,0.115234,167.038666,270.028625,0.0,32.60292594972964,154.20842299461447
3409,0.115234,166.155197,270.019409,0.0,32.60292594972964,154.20842299461447
3410,0.117188,165.264679,270.010162,0.0,32.60292594972964,154.20842299461447
3411,0.117188,164.374512,270.001038,1.0,424.2549039497296,104.46280999461447
3412,0.115234,163.497894,269.992035,1.0,496.14568094972964,138.72405899461447
3413,0.115234,162.625839,269.983093,1.0,496.14568094972964,138.72405899461447
3414,0.117188,161.746506,269.973969,1.0,496.14568094972964,138.72405899461447
3415,0.115234,160.877197,269.965149,1.0,496.14568094972964,138.72405899461447
3416,0.115234,160.000427,269.956482,0.0,32.60292594972964,154.20842299461447
3417,0.101562,159.23674,269.949036,1.0,1023.9021809497297,164.71514499461446
3418,0.117188,158.362473,269.940765,1.0,1023.9021809497297,164.71514499461446
3419,0.117188,157.487869,269.932739,1.0,1441.3991909497295,402.24945399461444
3420,0.115234,156.618439,269.924896,1.0,1451.4577839497297,379.59573699461447
3421,0.115234,155.752151,269.917267,1.0,1471.9920859497297,349.1389339946145
3422,0.115234,154.892914,269.909882,1.0,1141.0135709497295,429.0556519946145
3423,0.101562,154.135529,269.903503,1.0,1141.0135709497295,429.0556519946145
3424,0.101562,153.36792,269.897156,1.0,1141.0135709497295,429.0556519946145
3425,0.117188,152.489166,269.890106,1.0,1535.9327599497296,378.35003999461446
3426,0.115234,151.588074,269.883057,1.0,1590.6856899497297,386.05160799461447
3427,0.111328,150.686432,269.87619,1.0,1618.5400599497298,440.23070099461444
3428,0.103516,149.793625,269.869568,1.0,1639.2569789497297,408.8660159946145
3429,0.117188,148.732941,269.861877,1.0,1645.4327599497296,473.8400149946145
3430,0.115234,147.640366,269.854218,1.0,1663.4002889497297,476.3041259946145
3431,0.113281,146.498322,269.846466,1.0,1666.9463099497298,478.36622899461446
3432,0.117188,145.274582,269.83844,1.0,1496.6472379497295,429.5573919946145
3433,0.115234,143.998779,269.830414,1.0,968.4071859497296,238.53619699461447
3434,0.115234,142.67952,269.822479,1.0,985.2765099497296,140.03037599461447
3435,0.101562,141.481979,269.815613,1.0,985.2765099497296,140.03037599461447
3436,0.101562,140.239838,269.808807,1.0,985.2765099497296,140.03037599461447
3437,0.115234,138.752716,269.801056,1.0,992.1565149497296,148.27344399461447
3438,0.103516,137.391998,269.794312,1.0,971.8170369497296,182.05951099461447
3439,0.105469,135.959198,269.787628,1.0,967.8105679497296,111.36318899461446
3440,0.103516,134.495773,269.781219,1.0,888.2626549497296,197.08093599461446
3441,0.101562,133.029907,269.77533,1.0,1008.0772909497297,304.23086899461447
3442,0.101562,131.548721,269.769867,1.0,988.6292929497297,415.52247899461446
3443,0.101562,130.084793,269.765015,1.0,1038.3863729497298,624.7090329946145
3444,0.105469,128.587769,269.76059,1.0,997.4018759497296,431.99837099461445
3445,0.101562,127.164734,269.756897,1.0,447.04066994972965,215.34905599461447
3446,0.101562,125.743416,269.753723,1.0,363.26662194972965,177.33961599461446
3447,0.117188,124.115074,269.750641,1.0,297.91634194972966,142.43860499461448
3448,0.103516,122.69548,269.748474,1.0,340.7941489497296,179.97491999461448
3449,0.101562,121.306511,269.746826,1.0,1131.1344199497298,409.30070799461447
3450,0.117188,119.736404,269.745483,1.0,1135.6578579497295,550.4305599946144
3451,0.103516,118.348495,269.744781,1.0,1160.5243129497298,329.0761599946145
3452,0.105469,116.94899,269.744537,1.0,1100.7787069497294,599.7353699946145
3453,0.109375,115.522934,269.744781,1.0,1193.4738979497297,508.8736449946145
3454,0.107422,114.124153,269.745483,1.0,1143.3711139497295,654.7426939946145
3455,0.107422,112.711464,269.746704,1.0,1173.8839319497297,426.67436499461445
3456,0.105469,111.300446,269.748413,1.0,1161.8694049497294,638.0617859946144
3457,0.109375,109.891129,269.750641,1.0,1161.8694049497294,638.0617859946144
3458,0.105469,108.52298,269.753296,1.0,1161.8694049497294,638.0617859946144
3459,0.105469,107.146523,269.756378,1.0,1161.8694049497294,638.0617859946144
3460,0.105469,105.821648,269.759857,1.0,1161.8694049497294,638.0617859946144
3461,0.103516,104.496605,269.763733,0.0,32.60292594972964,154.20842299461447
3462,0.103516,103.19455,269.767883,0.0,32.60292594972964,154.20842299461447
3463,0.105469,101.893776,269.772491,0.0,32.60292594972964,154.20842299461447
3464,0.101562,100.6185,269.777161,0.0,32.60292594972964,154.20842299461447
3465,0.105469,99.331551,269.781891,1.0,2055.1882529497298,1297.5912349946145
3466,0.105469,98.040749,269.786652,1.0,1943.6831259497299,1180.0631589946145
3467,0.107422,96.749924,269.791229,1.0,1836.4336139497295,1033.5359989946146
3468,0.103516,95.497688,269.795593,1.0,1125.3653769497296,620.9663879946145
3469,0.109375,94.202835,269.799866,1.0,1109.3553669497296,429.69331699461446
3470,0.101562,92.990128,269.803558,1.0,1452.5356649497298,564.6819639946145
3471,0.103516,91.774796,269.806946,1.0,1460.1894739497297,585.6515989946145
3472,0.101562,90.573921,269.809937,1.0,1441.7807819497298,578.8230469946145
3473,0.103516,89.364807,269.812683,1.0,1327.8786829497299,455.96171899461444
3474,0.115234,88.042953,269.81546,1.0,980.3632409497296,142.03791999461447
3475,0.111328,86.767937,269.818024,1.0,980.3632409497296,142.03791999461447
3476,0.103516,85.591484,269.820312,1.0,731.2083949497296,96.68686199461447
3477,0.105469,84.381981,269.822601,1.0,701.2253629497296,109.33576099461447
3478,0.103516,83.208344,269.824738,1.0,681.1982019497297,199.22153399461448
3479,0.105469,82.026306,269.826843,1.0,736.0017909497296,205.31442599461445
3480,0.103516,80.869179,269.828888,1.0,736.0017909497296,205.31442599461445
3481,0.109375,79.673958,269.831024,1.0,925.6202599497296,84.63420399461447
3482,0.105469,78.502792,269.83316,1.0,925.6202599497296,84.63420399461447
3483,0.105469,77.328033,269.835968,1.0,925.6202599497296,84.63420399461447
3484,0.107422,76.153175,269.841736,1.0,925.6202599497296,84.63420399461447
3485,0.109375,74.972847,269.852966,1.0,1067.8619589497298,166.32424899461446
3486,0.107422,73.817131,269.871887,1.0,1341.6461389497294,290.2524449946145
3487,0.107422,72.661247,269.901459,1.0,1172.7433069497297,225.46193999461445
3488,0.107422,71.538292,269.94165,1.0,1174.0030719497295,220.74508199461445
3489,0.103516,70.440552,269.992035,1.0,1174.0030719497295,220.74508199461445
3490,0.105469,69.357803,270.050598,1.0,975.3573819497296,162.11851599461446
3491,0.111328,68.21891,270.118103,1.0,975.3573819497296,162.11851599461446
3492,0.101562,67.163704,270.182709,1.0,975.3573819497296,162.11851599461446
3493,0.109375,66.072136,270.249023,1.0,1057.4948939497294,167.21490799461446
3494,0.105469,64.994942,270.3125,1.0,1102.0221149497297,323.52894899461444
3495,0.105469,63.944538,270.372375,1.0,1040.4373989497296,371.93806799461447
3496,0.105469,62.89843,270.430573,1.0,1040.4373989497296,371.93806799461447
3497,0.107422,61.837193,270.488861,1.0,1023.7789509497296,247.85014699461448
3498,0.103516,60.820339,270.544525,1.0,1042.4455769497297,301.30818499461446
3499,0.101562,59.819294,270.599182,1.0,1062.4801229497298,326.76007399461446
3500,0.103516,58.816872,270.653778,1.0,1020.7661339497297,165.43922699461447
3501,0.105469,57.794312,270.708832,1.0,988.0925499497297,219.02820099461445
3502,0.103516,56.79015,270.762085,1.0,1177.3763639497297,318.5707119946145
3503,0.105469,55.791832,270.813171,1.0,1177.3763639497297,318.5707119946145
3504,0.103516,54.796124,270.861481,1.0,1177.3763639497297,318.5707119946145
3505,0.117188,53.685135,270.911713,1.0,1177.3763639497297,318.5707119946145
3506,0.111328,52.630753,270.955566,1.0,1148.8812459497294,242.51376699461446
3507,0.113281,51.569336,270.995972,1.0,1246.7323209497295,292.75723599461446
3508,0.107422,50.563404,271.031006,1.0,1246.7323209497295,292.75723599461446
3509,0.107422,49.578129,271.062469,1.0,1246.7323209497295,292.75723599461446
3510,0.103516,48.605816,271.090973,1.0,1246.7323209497295,292.75723599461446
3511,0.107422,47.628891,271.117065,1.0,1246.7323209497295,292.75723599461446
3512,0.105469,46.660854,271.140381,1.0,1246.7323209497295,292.75723599461446
3513,0.105469,45.683403,271.161285,0.0,32.60292594972964,154.20842299461447
3514,0.105469,44.723415,271.178864,0.0,32.60292594972964,154.20842299461447
3515,0.105469,43.774132,271.191742,1.0,771.4990439497296,406.09596599461446
3516,0.101562,42.874069,271.197937,1.0,771.4990439497296,406.09596599461446
3517,0.115234,41.838013,271.195831,1.0,839.1976529497297,464.39869999461445
3518,0.115234,40.824818,271.18338,1.0,881.2304279497297,236.72268999461448
3519,0.113281,39.823578,271.160675,1.0,932.5487879497297,281.34585099461447
3520,0.113281,38.826916,271.128876,1.0,1123.4922079497296,300.61841099461446
3521,0.113281,37.819691,271.090271,1.0,1122.8719689497298,319.7019689946145
3522,0.113281,36.750881,271.045715,1.0,1105.2777309497296,358.0363189946145
3523,0.113281,35.646759,270.997925,1.0,935.9251309497297,482.37053199461445
3524,0.111328,34.497501,270.946777,1.0,966.7267049497297,505.56462399461446
3525,0.113281,33.298088,270.891174,1.0,965.6301479497297,440.34132699461446
3526,0.111328,32.067322,270.831299,1.0,653.1193439497297,412.49971299461447
3527,0.111328,30.809286,270.767365,1.0,423.17604594972966,304.04805299461447
3528,0.113281,29.502424,270.698273,1.0,512.9547329497296,375.91610999461443
3529,0.113281,28.169983,270.625946,1.0,795.8740439497296,346.53691399461445
3530,0.109375,26.828176,270.552582,1.0,875.6429649497296,562.9898259946144
3531,0.115234,25.433975,270.477234,1.0,969.3731289497297,344.1086759946145
3532,0.115234,24.005758,270.40213,1.0,1063.7350059497298,293.84308199461447
3533,0.103516,22.730156,270.337708,1.0,1056.8358359497297,147.47267999461445
3534,0.113281,21.29921,270.269806,1.0,968.5514729497296,317.21432799461445
3535,0.111328,19.892288,270.208527,1.0,312.76103794972965,251.17643299461446
3536,0.109375,18.524157,270.154663,1.0,411.8571679497296,169.11091599461446
3537,0.111328,17.092466,270.104462,1.0,523.1911219497297,360.59875799461446
3538,0.115234,15.619844,270.059418,1.0,1069.0332239497297,597.6765929946145
3539,0.111328,14.155265,270.02121,1.0,1171.0888879497297,503.70051899461447
3540,0.111328,12.711007,269.989349,1.0,1229.1331989497298,466.31163299461446
3541,0.115234,11.185456,269.961761,1.0,1081.3023889497294,583.1495239946145
3542,0.115234,9.671512,269.939819,1.0,1177.3972379497295,601.8747129946145
3543,0.111328,8.173141,269.922729,1.0,1177.3972379497295,601.8747129946145
3544,0.113281,6.651141,269.909607,1.0,1161.5537319497298,632.6324649946145
3545,0.111328,5.13769,269.900452,1.0,1161.5537319497298,632.6324649946145
3546,0.109375,3.628813,269.895172,1.0,1161.5537319497298,632.6324649946145
3547,0.113281,2.086569,269.893585,1.0,1161.5537319497298,632.6324649946145
3548,0.113281,0.517317,269.896088,0.0,32.60292594972964,154.20842299461447
3549,0.113281,-1.077126,269.902863,0.0,32.60292594972964,154.20842299461447
3550,0.115234,-2.674973,269.913239,0.0,32.60292594972964,154.20842299461447
3551,0.111328,-4.254557,269.924866,0.0,32.60292594972964,154.20842299461447
3552,0.109375,-5.801485,269.93576,0.0,32.60292594972964,154.20842299461447
3553,0.111328,-7.386567,269.945099,0.0,32.60292594972964,154.20842299461447
3554,0.107422,-8.953692,269.951813,0.0,32.60292594972964,154.20842299461447
3555,0.111328,-10.552278,269.956146,0.0,32.60292594972964,154.20842299461447
3556,0.111328,-12.171428,269.958221,0.0,32.60292594972964,154.20842299461447
3557,0.109375,-13.786381,269.958527,0.0,32.60292594972964,154.20842299461447
3558,0.107422,-15.363535,269.957184,0.0,32.60292594972964,154.20842299461447
3559,0.109375,-16.964233,269.954376,0.0,32.60292594972964,154.20842299461447
3560,0.107422,-18.558495,269.949829,0.0,32.60292594972964,154.20842299461447
3561,0.107422,-20.161739,269.94339,0.0,32.60292594972964,154.20842299461447
3562,0.107422,-21.766714,269.934906,0.0,32.60292594972964,154.20842299461447
3563,0.109375,-23.425766,269.923981,0.0,32.60292594972964,154.20842299461447
3564,0.113281,-25.128813,269.910614,0.0,32.60292594972964,154.20842299461447
3565,0.109375,-26.794189,269.895813,0.0,32.60292594972964,154.20842299461447
3566,0.107422,-28.438435,269.879913,0.0,32.60292594972964,154.20842299461447
3567,0.115234,-30.215136,269.861725,0.0,32.60292594972964,154.20842299461447
3568,0.115234,-31.972784,269.842804,0.0,32.60292594972964,154.20842299461447
3569,0.111328,-33.716873,269.823456,0.0,32.60292594972964,154.20842299461447
3570,0.109375,-35.423485,269.804504,0.0,32.60292594972964,154.20842299461447
3571,0.113281,-37.167408,269.786591,0.0,32.60292594972964,154.20842299461447
3572,0.109375,-38.909492,269.771027,0.0,32.60292594972964,154.20842299461447
3573,0.111328,-40.718178,269.758118,0.0,32.60292594972964,154.20842299461447
3574,0.113281,-42.570389,269.748779,0.0,32.60292594972964,154.20842299461447
3575,0.109375,-44.437775,269.742859,0.0,32.60292594972964,154.20842299461447
3576,0.111328,-46.326191,269.738953,0.0,32.60292594972964,154.20842299461447
3577,0.113281,-48.253639,269.735962,1.0,838.4989829497297,762.3281739946144
3578,0.111328,-50.182274,269.732941,1.0,875.9357509497296,515.6653929946144
3579,0.113281,-52.118671,269.729492,1.0,907.0257169497296,391.34216599461445
3580,0.111328,-54.032639,269.725586,1.0,910.3039149497297,358.4732999946145
3581,0.109375,-55.930885,269.721497,1.0,914.3324179497297,338.03512899461447
3582,0.113281,-57.91267,269.717255,1.0,913.9292199497296,324.05523999461445
3583,0.109375,-59.809483,269.71347,1.0,910.2142539497296,319.79852599461447
3584,0.113281,-61.759739,269.709778,1.0,916.1363729497297,310.32231499461443
3585,0.111328,-63.663589,269.706451,1.0,975.4886679497297,415.55150199461445
3586,0.109375,-65.511833,269.703583,1.0,975.4886679497297,415.55150199461445
3587,0.113281,-67.436562,269.701263,1.0,930.4933069497297,190.16697599461446
3588,0.111328,-69.274597,269.699677,1.0,971.7787069497297,187.77996399461446
3589,0.107422,-71.084251,269.698853,1.0,1072.4203089497296,138.94458699461447
3590,0.109375,-72.876083,269.698792,1.0,942.5348109497296,144.82270799461446
3591,0.107422,-74.648018,269.699371,1.0,969.1382039497296,61.59066299461446
3592,0.113281,-76.502663,269.700684,1.0,935.6180019497297,184.59606699461446
3593,0.109375,-78.267883,269.702515,1.0,927.0548909497296,157.91381499461446
3594,0.111328,-80.043304,269.704865,1.0,927.0548909497296,157.91381499461446
3595,0.115234,-81.908852,269.708008,1.0,927.0548909497296,157.91381499461446
3596,0.105469,-83.60556,269.711426,1.0,891.7867639497297,187.23015899461447
3597,0.103516,-85.292641,269.715424,1.0,912.4317219497296,209.72686299461446
3598,0.117188,-87.184525,269.72049,1.0,765.5051479497297,234.83329299461445
3599,0.103516,-88.893677,269.725677,1.0,765.5051479497297,234.83329299461445
3600,0.105469,-90.585991,269.731323,1.0,765.5051479497297,234.83329299461445
3601,0.115234,-92.447594,269.738129,1.0,765.5051479497297,234.83329299461445
3602,0.101562,-94.065498,269.744659,1.0,765.5051479497297,234.83329299461445
3603,0.107422,-95.808365,269.752197,0.0,32.60292594972964,154.20842299461447
3604,0.113281,-97.61895,269.76062,0.0,32.60292594972964,154.20842299461447
3605,0.117188,-99.468887,269.769623,0.0,32.60292594972964,154.20842299461447
3606,0.111328,-101.235588,269.778259,1.0,892.7537439497296,180.66996499461447
3607,0.105469,-102.914291,269.785889,1.0,892.7537439497296,180.66996499461447
3608,0.105469,-104.566978,269.79248,1.0,892.7537439497296,180.66996499461447
3609,0.107422,-106.276131,269.798065,1.0,892.7537439497296,180.66996499461447
3610,0.105469,-107.90905,269.802002,1.0,892.7537439497296,180.66996499461447
3611,0.103516,-109.558067,269.804535,1.0,879.3214319497297,352.66101399461445
3612,0.107422,-111.228493,269.805695,1.0,879.3214319497297,352.66101399461445
3613,0.101562,-112.826851,269.80542,1.0,879.3214319497297,352.66101399461445
3614,0.103516,-114.416451,269.803467,1.0,879.3214319497297,352.66101399461445
3615,0.115234,-116.219833,269.798615,1.0,879.3214319497297,352.66101399461445
3616,0.115234,-118.008369,269.790405,0.0,32.60292594972964,154.20842299461447
3617,0.101562,-119.584312,269.779968,0.0,32.60292594972964,154.20842299461447
3618,0.105469,-121.208549,269.766754,0.0,32.60292594972964,154.20842299461447
3619,0.103516,-122.825798,269.751953,0.0,32.60292594972964,154.20842299461447
3620,0.115234,-124.582184,269.735168,0.0,32.60292594972964,154.20842299461447
3621,0.101562,-126.148979,269.720306,0.0,32.60292594972964,154.20842299461447
3622,0.103516,-127.731308,269.705811,0.0,32.60292594972964,154.20842299461447
3623,0.105469,-129.34433,269.691589,0.0,32.60292594972964,154.20842299461447
3624,0.103516,-130.950775,269.677673,0.0,32.60292594972964,154.20842299461447
3625,0.103516,-132.517014,269.664124,0.0,32.60292594972964,154.20842299461447
3626,0.111328,-134.207626,269.649506,0.0,32.60292594972964,154.20842299461447
3627,0.109375,-135.889099,269.635406,0.0,32.60292594972964,154.20842299461447
3628,0.113281,-137.582443,269.621979,0.0,32.60292594972964,154.20842299461447
3629,0.111328,-139.269211,269.609802,0.0,32.60292594972964,154.20842299461447
3630,0.103516,-140.847687,269.599731,0.0,32.60292594972964,154.20842299461447
3631,0.105469,-142.439957,269.591125,1.0,974.0905969497296,670.0817749946144
3632,0.103516,-143.998566,269.58432,1.0,978.8197839497296,612.4968449946145
3633,0.105469,-145.582291,269.579163,1.0,945.4693809497296,454.2312499946145
3634,0.105469,-147.155899,269.575867,1.0,912.0194299497297,305.60150499461446
3635,0.105469,-148.740753,269.574615,1.0,917.1697589497296,314.7197149946145
3636,0.103516,-150.29776,269.575531,1.0,911.3822839497296,310.7197149946145
3637,0.105469,-151.864685,269.578735,1.0,944.1787319497296,524.8445919946145
3638,0.103516,-153.400681,269.584137,1.0,910.7998249497297,526.5648679946145
3639,0.105469,-154.985046,269.591949,1.0,915.5180259497297,517.0800359946145
3640,0.105469,-156.559494,269.60199,1.0,929.7340909497296,519.8434939946144
3641,0.107422,-158.146332,269.614258,1.0,948.1110439497296,542.3550599946145
3642,0.105469,-159.705246,269.627991,1.0,989.7390339497297,562.3757509946145
3643,0.105469,-161.27092,269.6427,1.0,992.7920129497296,565.0194279946145
3644,0.103516,-162.81366,269.65741,1.0,973.5385949497296,530.0011169946144
3645,0.105469,-164.364609,269.672058,1.0,1017.7633259497296,520.7043949946144
3646,0.105469,-165.9198,269.68631,1.0,1023.8114219497296,524.4748109946145
3647,0.107422,-167.494141,269.700409,1.0,1027.3033649497297,502.3960759946145
3648,0.105469,-169.042557,269.714203,1.0,1026.0794269497296,499.5283689946145
3649,0.107422,-170.635223,269.728424,1.0,1025.2545369497298,503.86055299461447
3650,0.109375,-172.232315,269.742798,1.0,977.9879359497296,485.2224609946145
3651,0.107422,-173.800217,269.756683,1.0,964.5958459497297,478.6987789946145
3652,0.105469,-175.355942,269.769348,1.0,961.1477259497296,464.07942499461444
3653,0.107422,-176.910431,269.780334,1.0,922.4643759497296,461.2780339946145
3654,0.103516,-178.446136,269.789032,1.0,913.1841029497297,331.4549289946145
3655,0.107422,-180.00856,269.79538,1.0,920.8243619497297,307.1102329946145
3656,0.107422,-181.568573,269.799164,1.0,945.3313809497297,309.94932899461446
3657,0.107422,-183.133347,269.800659,1.0,941.4179889497296,339.6680479946144
3658,0.105469,-184.672409,269.800262,1.0,965.5147299497296,477.16768199461444
3659,0.107422,-186.223755,269.798798,1.0,964.0226649497297,479.3465459946145
3660,0.101562,-187.690903,269.796692,1.0,958.0600179497296,522.1212039946145
3661,0.103516,-189.193069,269.79422,1.0,957.9637049497296,531.7478209946145
3662,0.101562,-190.673141,269.79184,1.0,961.1767789497296,522.1855959946145
3663,0.103516,-192.159622,269.78949,1.0,959.7622889497296,527.0214419946144
3664,0.113281,-193.785065,269.787048,1.0,961.2878629497296,532.7155339946145
3665,0.113281,-195.431396,269.784668,1.0,927.1707969497296,500.0135069946145
3666,0.111328,-197.033478,269.782227,1.0,924.2738849497297,505.72285799461446
3667,0.111328,-198.623795,269.779694,1.0,929.4352009497296,512.2785519946144
3668,0.107422,-200.172943,269.777222,1.0,948.8689169497296,301.13444799461445
3669,0.109375,-201.727707,269.774719,1.0,1095.3426719497297,-100.44772000538552
3670,0.109375,-203.299179,269.772156,1.0,1095.3426719497297,-100.44772000538552
3671,0.109375,-204.865051,269.769653,1.0,1095.3426719497297,-100.44772000538552
3672,0.109375,-206.411148,269.767181,1.0,1095.3426719497297,-100.44772000538552
3673,0.105469,-207.93132,269.764771,1.0,1095.3426719497297,-100.44772000538552
3674,0.105469,-209.417969,269.76239,0.0,32.60292594972964,154.20842299461447
3675,0.109375,-210.987061,269.759888,0.0,32.60292594972964,154.20842299461447
3676,0.105469,-212.489716,269.757446,0.0,32.60292594972964,154.20842299461447
3677,0.107422,-213.992691,269.755005,0.0,32.60292594972964,154.20842299461447
3678,0.105469,-215.497177,269.752594,0.0,32.60292594972964,154.20842299461447
3679,0.107422,-217.02652,269.750122,0.0,32.60292594972964,154.20842299461447
3680,0.107422,-218.542252,269.747742,0.0,32.60292594972964,154.20842299461447
3681,0.105469,-220.036362,269.745483,0.0,32.60292594972964,154.20842299461447
3682,0.107422,-221.537933,269.743225,0.0,32.60292594972964,154.20842299461447
3683,0.105469,-223.054611,269.740936,0.0,32.60292594972964,154.20842299461447
3684,0.107422,-224.553604,269.738647,0.0,32.60292594972964,154.20842299461447
3685,0.107422,-226.072067,269.736359,0.0,32.60292594972964,154.20842299461447
3686,0.107422,-227.595688,269.73407,0.0,32.60292594972964,154.20842299461447
3687,0.111328,-229.157211,269.731689,0.0,32.60292594972964,154.20842299461447
3688,0.109375,-230.685577,269.72937,0.0,32.60292594972964,154.20842299461447
3689,0.107422,-232.206894,269.727051,0.0,32.60292594972964,154.20842299461447
3690,0.109375,-233.735886,269.724731,0.0,32.60292594972964,154.20842299461447
3691,0.109375,-235.272018,269.722412,0.0,32.60292594972964,154.20842299461447
3692,0.105469,-236.773056,269.720123,0.0,32.60292594972964,154.20842299461447
3693,0.107422,-238.27655,269.717896,0.0,32.60292594972964,154.20842299461447
3694,0.105469,-239.755112,269.71579,0.0,32.60292594972964,154.20842299461447
3695,0.107422,-241.259048,269.713745,0.0,32.60292594972964,154.20842299461447
3696,0.105469,-242.738068,269.711761,0.0,32.60292594972964,154.20842299461447
3697,0.107422,-244.24884,269.709869,0.0,32.60292594972964,154.20842299461447
3698,0.107422,-245.772186,269.707916,0.0,32.60292594972964,154.20842299461447
3699,0.111328,-247.311523,269.706085,0.0,32.60292594972964,154.20842299461447
3700,0.107422,-248.825256,269.704285,0.0,32.60292594972964,154.20842299461447
3701,0.107422,-250.336487,269.702484,0.0,32.60292594972964,154.20842299461447
3702,0.105469,-251.796997,269.700745,1.0,1070.9754849497294,420.86192599461447
3703,0.105469,-253.273453,269.699036,1.0,951.9884849497296,282.4829129946145
3704,0.105469,-254.72702,269.697479,1.0,915.7302449497297,298.6662629946145
3705,0.103516,-256.147675,269.695984,1.0,925.9249469497296,299.99598999461443
3706,0.105469,-257.575745,269.69455,1.0,930.4007169497296,294.95894199461446
3707,0.113281,-259.122467,269.692993,1.0,1141.7748009497295,-88.21355900538555
3708,0.111328,-260.624298,269.691528,1.0,1141.7748009497295,-88.21355900538555
3709,0.111328,-262.096619,269.690002,1.0,1141.7748009497295,-88.21355900538555
3710,0.105469,-263.520935,269.688568,1.0,1141.7748009497295,-88.21355900538555
3711,0.105469,-264.90921,269.687073,1.0,1141.7748009497295,-88.21355900538555
3712,0.103516,-266.266357,269.685669,0.0,32.60292594972964,154.20842299461447
3713,0.103516,-267.610046,269.684357,0.0,32.60292594972964,154.20842299461447
3714,0.103516,-268.957062,269.683075,0.0,32.60292594972964,154.20842299461447
3715,0.103516,-270.295349,269.681824,0.0,32.60292594972964,154.20842299461447
3716,0.103516,-271.601807,269.680603,0.0,32.60292594972964,154.20842299461447
3717,0.107422,-272.935791,269.679474,0.0,32.60292594972964,154.20842299461447
3718,0.103516,-274.184906,269.678345,0.0,32.60292594972964,154.20842299461447
3719,0.105469,-275.425201,269.677429,0.0,32.60292594972964,154.20842299461447
3720,0.103516,-276.641174,269.676514,0.0,32.60292594972964,154.20842299461447
3721,0.105469,-277.84317,269.675751,0.0,32.60292594972964,154.20842299461447
3722,0.103516,-279.048309,269.674988,0.0,32.60292594972964,154.20842299461447
3723,0.105469,-280.238892,269.674194,0.0,32.60292594972964,154.20842299461447
3724,0.103516,-281.40799,269.673462,0.0,32.60292594972964,154.20842299461447
3725,0.103516,-282.604462,269.672668,0.0,32.60292594972964,154.20842299461447
3726,0.107422,-283.819824,269.672028,0.0,32.60292594972964,154.20842299461447
3727,0.107422,-285.024445,269.671509,0.0,32.60292594972964,154.20842299461447
3728,0.105469,-286.225739,269.671967,0.0,32.60292594972964,154.20842299461447
3729,0.105469,-287.429657,269.673767,0.0,32.60292594972964,154.20842299461447
3730,0.103516,-288.61264,269.677063,0.0,32.60292594972964,154.20842299461447
3731,0.103516,-289.781372,269.681976,0.0,32.60292594972964,154.20842299461447
3732,0.101562,-290.939911,269.688385,0.0,32.60292594972964,154.20842299461447
3733,0.103516,-292.114288,269.69635,0.0,32.60292594972964,154.20842299461447
3734,0.105469,-293.330353,269.706055,0.0,32.60292594972964,154.20842299461447
3735,0.105469,-294.533966,269.716797,0.0,32.60292594972964,154.20842299461447
3736,0.103516,-295.730469,269.72818,0.0,32.60292594972964,154.20842299461447
3737,0.105469,-296.936157,269.740204,0.0,32.60292594972964,154.20842299461447
3738,0.105469,-298.146637,269.752533,1.0,999.8358359497296,568.2417479946145
3739,0.105469,-299.358307,269.765106,1.0,1013.4140219497297,599.0598329946145
3740,0.103516,-300.561462,269.77771,1.0,939.2031459497297,521.1298709946145
3741,0.105469,-301.772705,269.790527,1.0,931.2519739497296,506.1220279946145
3742,0.105469,-303.000671,269.803864,1.0,915.6855679497296,502.9701419946145
3743,0.107422,-304.255371,269.81778,1.0,926.7733359497296,328.0558959946145
3744,0.107422,-305.508942,269.831879,1.0,918.6331379497296,327.46869199461446
3745,0.107422,-306.760193,269.845398,1.0,901.3874719497296,521.7228879946144
3746,0.109375,-308.023529,269.855347,1.0,900.4244589497297,507.03285499461447
3747,0.109375,-309.324036,269.85611,1.0,900.0620319497297,501.36708399461446
3748,0.107422,-310.58432,269.839417,1.0,902.9129239497296,498.08317899461446
3749,0.109375,-311.86142,269.794067,1.0,926.6618249497296,499.51768799461445
3750,0.109375,-313.14328,269.707275,1.0,944.7206629497297,481.98918499461445
3751,0.109375,-314.426697,269.571381,1.0,979.7750449497296,486.37565899461447
3752,0.107422,-315.694397,269.391113,1.0,974.9251919497297,538.8056829946145
3753,0.101562,-316.871674,269.190582,1.0,1000.5118009497296,523.2801699946144
3754,0.105469,-318.108276,268.957367,1.0,1024.0536709497296,525.1953309946146
3755,0.107422,-319.349884,268.71286,1.0,1043.9239709497297,524.0735349946144
3756,0.103516,-320.555145,268.477081,1.0,1053.4865319497296,515.0300169946145
3757,0.107422,-321.825684,268.237854,1.0,1043.7797449497298,480.05589599461445
3758,0.109375,-323.099884,268.010742,1.0,1039.4041339497296,467.7508119946145
3759,0.105469,-324.351074,267.800598,1.0,1036.8347989497297,488.2642089946145
3760,0.105469,-325.601959,267.604095,1.0,1042.6353359497298,473.74434199461444
3761,0.107422,-326.88974,267.415771,1.0,1033.3192959497296,479.96309199461444
3762,0.109375,-328.192993,267.240692,1.0,1048.3745319497298,455.0740239946145
3763,0.109375,-329.502747,267.082642,1.0,1461.2896939497296,159.47127099461446
3764,0.111328,-330.842987,266.942749,1.0,1315.3452359497296,255.55516399461447
3765,0.107422,-332.140656,266.830566,1.0,1080.3781949497297,487.04362799461444
3766,0.109375,-333.459778,266.740753,1.0,1070.4941609497296,482.7641179946145
3767,0.105469,-334.762756,266.67627,1.0,1102.2959189497296,471.09013699461445
3768,0.109375,-336.098206,266.633179,1.0,1084.8757529497298,469.12840599461447
3769,0.111328,-337.444427,266.611694,1.0,1076.4142049497295,449.28804299461444
3770,0.107422,-338.764526,266.614014,1.0,1084.5068569497298,477.5082889946145
3771,0.103516,-340.040039,266.641998,1.0,1099.3291219497296,462.8553039946145
3772,0.103516,-341.326691,266.699432,1.0,1058.5421349497296,393.5227079946145
3773,0.105469,-342.630341,266.790375,1.0,1049.7025349497296,435.9621769946145
3774,0.105469,-343.921356,266.912903,1.0,1083.3092249497295,477.1918209946145
3775,0.103516,-345.205505,267.064331,1.0,1073.2280479497294,431.9388309946145
3776,0.105469,-346.498535,267.241425,1.0,1073.2280479497294,431.9388309946145
3777,0.105469,-347.79187,267.437286,1.0,1073.2280479497294,431.9388309946145
3778,0.103516,-349.080231,267.644989,1.0,1073.2280479497294,431.9388309946145
3779,0.105469,-350.36673,267.860107,0.0,32.60292594972964,154.20842299461447
3780,0.103516,-351.647064,268.077667,0.0,32.60292594972964,154.20842299461447
3781,0.101562,-352.923431,268.294067,0.0,32.60292594972964,154.20842299461447
3782,0.103516,-354.195404,268.506744,0.0,32.60292594972964,154.20842299461447
3783,0.101562,-355.476868,268.716187,0.0,32.60292594972964,154.20842299461447
3784,0.103516,-356.761749,268.919922,0.0,32.60292594972964,154.20842299461447
3785,0.109375,-358.130341,269.128204,0.0,32.60292594972964,154.20842299461447
3786,0.101562,-359.400787,269.311981,0.0,32.60292594972964,154.20842299461447
3787,0.101562,-360.686646,269.488037,0.0,32.60292594972964,154.20842299461447
3788,0.101562,-361.987885,269.655975,0.0,32.60292594972964,154.20842299461447
3789,0.103516,-363.291534,269.814087,0.0,32.60292594972964,154.20842299461447
3790,0.101562,-364.600433,269.96344,0.0,32.60292594972964,154.20842299461447
3791,0.105469,-365.934113,270.107483,0.0,32.60292594972964,154.20842299461447
3792,0.111328,-367.37442,270.256287,0.0,32.60292594972964,154.20842299461447
3793,0.109375,-368.805511,270.399048,0.0,32.60292594972964,154.20842299461447
3794,0.101562,-370.10498,270.52536,0.0,32.60292594972964,154.20842299461447
3795,0.107422,-371.530029,270.661499,0.0,32.60292594972964,154.20842299461447
3796,0.111328,-372.977814,270.798645,0.0,32.60292594972964,154.20842299461447
3797,0.105469,-374.374634,270.930908,0.0,32.60292594972964,154.20842299461447
3798,0.107422,-375.808868,271.067719,0.0,32.60292594972964,154.20842299461447
3799,0.107422,-377.255096,271.208832,0.0,32.60292594972964,154.20842299461447
3800,0.105469,-378.655426,271.350464,0.0,32.60292594972964,154.20842299461447
3801,0.109375,-380.149292,271.509186,1.0,1109.8886929497298,506.75468799461447
3802,0.109375,-381.640259,271.678192,1.0,1151.7072959497295,489.6062499946145
3803,0.111328,-383.137512,271.861267,1.0,1153.7744349497298,487.53691399461445
3804,0.105469,-384.582458,272.052032,1.0,1044.8033039497295,494.5422849946145
3805,0.105469,-386.036377,272.258942,1.0,1039.8404749497295,489.7838619946145
3806,0.103516,-387.472809,272.479218,1.0,1042.5739949497297,486.6214169946145
3807,0.105469,-388.928741,272.718994,1.0,1024.7722379497295,494.88829399461446
3808,0.103516,-390.366852,272.972473,1.0,1011.7994589497297,468.89424499461444
3809,0.105469,-391.831757,273.248016,1.0,1024.4101769497297,463.34813199461445
3810,0.101562,-393.264618,273.534607,1.0,931.9049279497297,300.13498199461446
3811,0.105469,-394.750427,273.849823,1.0,929.2258509497296,300.8096649946145
3812,0.105469,-396.217926,274.179291,1.0,1114.1524869497298,589.4136539946145
3813,0.103516,-397.674774,274.524414,1.0,1105.8912559497298,578.6289859946145
3814,0.101562,-399.111176,274.88266,1.0,1105.8912559497298,578.6289859946145
3815,0.103516,-400.560425,275.262512,1.0,1007.4745079497296,78.12807799461447
3816,0.101562,-402.006165,275.660248,1.0,1007.4745079497296,78.12807799461447
3817,0.101562,-403.415894,276.066376,1.0,1007.4745079497296,78.12807799461447
3818,0.101562,-404.851715,276.498871,1.0,1321.2309779497295,262.56611199461446
3819,0.101562,-406.289368,276.951355,1.0,1299.7922569497296,199.64089099461447
3820,0.109375,-407.826111,277.45697,1.0,1299.7922569497296,199.64089099461447
3821,0.101562,-409.265533,277.951447,1.0,1299.7922569497296,199.64089099461447
3822,0.101562,-410.691681,278.461609,1.0,904.5524499497296,285.95244199461445
3823,0.109375,-412.252228,279.043396,1.0,1223.8003139497296,102.01723799461448
3824,0.113281,-413.825317,279.654816,1.0,1242.7350059497298,301.74305999461444
3825,0.111328,-415.401123,280.293182,1.0,1362.0689899497297,379.91926899461447
3826,0.101562,-416.814758,280.887939,1.0,1324.3711139497295,352.26863399461445
3827,0.111328,-418.383423,281.572968,1.0,1330.1688439497298,346.9797849946145
3828,0.101562,-419.802612,282.21582,1.0,1341.5143029497294,373.34033499461447
3829,0.101562,-421.221344,282.880768,1.0,1341.5143029497294,373.34033499461447
3830,0.103516,-422.660309,283.5784,1.0,1341.5143029497294,373.34033499461447
3831,0.103516,-424.077637,284.28891,1.0,1079.2246299497297,505.05388199461447
3832,0.103516,-425.510345,285.031097,1.0,1055.4488729497298,512.1436339946144
3833,0.105469,-426.960266,285.807343,1.0,1059.0800989497297,503.9905889946145
3834,0.103516,-428.382996,286.594116,1.0,1046.2214559497297,505.7052189946145
3835,0.105469,-429.839661,287.425629,1.0,1144.8231409497298,523.6709169946145
3836,0.105469,-431.324707,288.300598,1.0,1366.7666219497296,591.1408879946144
3837,0.105469,-432.826324,289.21402,1.0,1451.5969449497297,615.3463009946145
3838,0.107422,-434.350372,290.170868,1.0,1542.8202109497297,660.2486759946145
3839,0.105469,-435.853577,291.144928,1.0,1546.9360559497295,661.1622499946145
3840,0.103516,-437.338562,292.138275,1.0,1044.5138149497297,472.70802599461445
3841,0.109375,-438.856781,293.187439,1.0,1027.4185999497295,455.1680479946145
3842,0.109375,-440.388519,294.281372,1.0,1057.7332969497297,456.06010799461444
3843,0.107422,-441.895508,295.394012,1.0,1076.4648639497295,460.8534119946145
3844,0.109375,-443.383606,296.52832,1.0,1062.0573939497294,454.10609799461446
3845,0.107422,-444.850708,297.681427,1.0,1066.8209439497296,453.75590799461446
3846,0.107422,-446.316254,298.866577,1.0,1059.4242149497295,457.6866639946145
3847,0.113281,-447.827332,300.122711,1.0,1057.7861539497299,496.7152589946145
3848,0.105469,-449.236664,301.32431,1.0,1058.4716999497296,494.41240199461447
3849,0.101562,-450.594421,302.506012,1.0,1053.2497769497295,499.66755999461446
3850,0.111328,-452.073761,303.81601,1.0,1054.6267909497296,488.83427699461447
3851,0.101562,-453.398346,305.003571,1.0,1046.2093709497296,504.05354599461447
3852,0.111328,-454.891571,306.352173,1.0,1050.7928059497297,505.9541809946145
3853,0.101562,-456.21524,307.555603,1.0,1051.6494349497298,497.58351499461446
3854,0.103516,-457.574158,308.803192,1.0,1049.7940879497296,505.77153299461446
3855,0.101562,-458.9263,310.063782,1.0,1048.3981529497296,507.41713299461446
3856,0.105469,-460.290527,311.363831,1.0,1046.7588709497295,506.17076399461445
3857,0.103516,-461.623718,312.667847,1.0,1128.9251919497297,531.0694459946144
3858,0.101562,-462.929657,313.978729,1.0,1238.6710409497296,540.7275269946144
3859,0.105469,-464.267151,315.353607,1.0,1230.2369589497298,535.4579349946144
3860,0.101562,-465.536774,316.68869,1.0,1223.6610309497296,531.4532349946145
3861,0.101562,-466.799469,318.046173,1.0,1086.8858849497296,495.5306889946145
3862,0.101562,-468.047882,319.419189,1.0,1085.2313439497298,501.7258179946145
3863,0.101562,-469.284851,320.812592,1.0,1079.0659389497296,495.21357999461446
3864,0.113281,-470.646637,322.388336,1.0,1072.0886439497294,485.54240699461445
3865,0.107422,-471.918457,323.903412,1.0,1117.5831509497298,512.1859929946145
3866,0.101562,-473.123688,325.380249,1.0,1113.3967489497295,497.01964099461446
3867,0.105469,-474.321747,326.890656,1.0,1376.5841269497296,515.6481199946145
3868,0.105469,-475.523285,328.451141,1.0,1374.5378629497295,500.07683099461445
3869,0.103516,-476.683716,330.00647,1.0,1337.5095419497297,501.16456899461446
3870,0.105469,-477.826843,331.590454,1.0,1332.5501919497297,505.57313899461445
3871,0.107422,-478.974243,333.237396,1.0,1320.5799769497298,500.7100399946145
3872,0.103516,-480.073486,334.874359,1.0,1333.1501669497297,493.8780399946145
3873,0.105469,-481.138092,336.520477,1.0,1312.0587369497298,497.0818359946145
3874,0.105469,-482.197662,338.223022,1.0,1301.2258509497296,499.30165399461447
3875,0.107422,-483.239471,339.964661,1.0,1293.3185019497296,506.45396699461446
3876,0.105469,-484.235382,341.69812,1.0,1284.3720909497297,516.1431459946145
3877,0.107422,-485.214233,343.47348,1.0,1276.7251179497298,515.2967709946145
3878,0.105469,-486.162445,345.267151,1.0,1260.1693319497294,498.3549379946145
3879,0.107422,-487.083984,347.087219,1.0,1240.1817829497295,511.6967349946145
3880,0.105469,-487.964813,348.906067,1.0,1221.7258509497296,504.43501599461445
3881,0.107422,-488.83017,350.7771,1.0,1230.5360309497296,510.2804139946145
3882,0.105469,-489.648834,352.634186,1.0,1227.0321249497297,509.0347169946145
3883,0.107422,-490.441071,354.523743,1.0,1207.3214319497297,521.9642819946145
3884,0.109375,-491.227875,356.503021,1.0,1154.3817349497294,518.4496339946145
3885,0.107422,-491.954285,358.436035,1.0,1136.1207479497298,504.4196959946145
3886,0.107422,-492.650421,360.398743,1.0,1120.4270229497297,508.3520999946145
3887,0.107422,-493.315643,362.388428,1.0,1114.3243619497298,515.1927669946144
3888,0.109375,-493.954742,364.418488,1.0,1097.7166959497295,525.6640199946145
3889,0.113281,-494.575134,366.508392,1.0,1110.3784389497296,510.93858699461447
3890,0.109375,-495.156677,368.581238,1.0,1096.5675259497298,517.1444889946144
3891,0.109375,-495.713562,370.648834,1.0,1027.1441859497295,497.13341099461445
3892,0.109375,-496.257996,372.699524,1.0,1012.6659139497297,512.3240849946144
3893,0.107422,-496.809509,374.764587,1.0,1018.1148889497297,499.70192299461445
3894,0.107422,-497.358826,376.806122,1.0,1022.6347249497296,501.4622679946145
3895,0.113281,-497.936371,378.960815,1.0,1031.4597379497295,488.86088899461447
3896,0.109375,-498.480713,381.03476,1.0,1227.2364709497297,567.0846129946144
3897,0.109375,-499.00882,383.133148,1.0,1219.4557089497298,560.6715579946144
3898,0.107422,-499.500793,385.22699,1.0,1221.3591519497295,560.4664189946145
3899,0.111328,-499.95993,387.368622,1.0,1196.9690149497296,569.4379149946144
3900,0.109375,-500.366821,389.486664,1.0,1193.6554159497296,541.0512879946145
3901,0.109375,-500.726501,391.606293,1.0,1184.8746549497296,534.5189699946145
3902,0.107422,-501.038147,393.712219,1.0,1146.0152799497296,543.5972469946145
3903,0.113281,-501.313873,395.892334,1.0,1120.8261929497298,548.4532659946144
3904,0.109375,-501.533081,397.962585,1.0,1098.1751919497297,536.7945129946145
3905,0.109375,-501.715485,400.08548,1.0,1081.1826379497297,544.1312139946144
3906,0.111328,-501.85437,402.176666,1.0,1063.4233609497296,553.0150639946145
3907,0.107422,-501.952362,404.210724,1.0,1055.5536709497296,550.6651489946145
3908,0.109375,-502.01709,406.283112,1.0,1060.5753379497296,558.3863099946145
3909,0.103516,-502.046844,408.201477,1.0,1053.5320639497295,554.4751159946145
3910,0.101562,-502.049286,410.07843,1.0,1042.2199299497297,567.1738469946145
3911,0.113281,-502.022217,412.177979,1.0,1003.2235309497296,559.6412839946145
3912,0.111328,-501.96933,414.206696,1.0,991.0014249497297,562.9860109946144
3913,0.109375,-501.896271,416.21228,1.0,985.7851159497296,562.3197509946144
3914,0.107422,-501.811035,418.156128,1.0,994.9450889497297,559.8082769946145
3915,0.109375,-501.716614,420.105835,1.0,992.5424399497297,558.4623899946145
3916,0.109375,-501.618774,422.045624,1.0,999.8397419497296,562.0154909946145
3917,0.109375,-501.521027,423.986755,1.0,994.0459189497296,562.0099979946144
3918,0.109375,-501.426025,425.916412,1.0,989.3479819497296,561.6028319946145
3919,0.109375,-501.336731,427.832672,1.0,948.8401699497297,545.6364929946144
3920,0.107422,-501.257721,429.716003,1.0,954.9501549497296,533.8891479946144
3921,0.109375,-501.19104,431.590179,1.0,938.5260829497296,556.2278319946145
3922,0.111328,-501.137756,433.504059,1.0,955.2700399497296,541.3367189946144
3923,0.109375,-501.101562,435.387085,1.0,976.9469199497296,548.5418279946146
3924,0.109375,-501.082886,437.234528,1.0,975.7267659497296,540.2404049946144
3925,0.107422,-501.081177,439.064301,1.0,986.9117639497297,541.6824829946145
3926,0.107422,-501.095306,440.8591,1.0,976.6673789497296,554.1366149946145
3927,0.105469,-501.123016,442.626312,1.0,990.2583219497296,554.6760739946144
3928,0.107422,-501.161865,444.383087,1.0,999.8112999497297,549.7856629946145
3929,0.105469,-501.207855,446.127197,1.0,999.5720419497296,552.2577089946144
3930,0.103516,-501.256073,447.829376,1.0,1009.3574429497296,563.5384709946145
3931,0.103516,-501.304321,449.510986,1.0,1005.8791099497296,538.1641109946145
3932,0.103516,-501.351288,451.187164,1.0,1003.2873739497296,549.3391909946145
3933,0.107422,-501.398132,452.906616,1.0,1005.3316249497296,533.7448299946145
3934,0.105469,-501.443756,454.60434,1.0,1013.0496419497297,543.3640929946145
3935,0.105469,-501.489777,456.273956,1.0,1011.8006189497296,543.6060369946144
3936,0.105469,-501.538696,457.956573,1.0,1015.4753009497297,542.6722599946145
3937,0.107422,-501.591431,459.648071,1.0,1005.4571739497296,546.8833189946145
3938,0.107422,-501.64743,461.312836,1.0,996.5288289497296,546.0109739946145
3939,0.107422,-501.707458,462.979034,1.0,1005.0378629497296,537.5799439946145
3940,0.105469,-501.770447,464.622711,1.0,1010.0899869497297,536.0520509946145
3941,0.109375,-501.838684,466.305206,1.0,1006.6502889497297,550.6971619946145
3942,0.109375,-501.910095,467.975586,1.0,1011.0011189497296,549.0066409946145
3943,0.109375,-501.984741,469.633484,1.0,1016.1562709497297,548.0405149946145
3944,0.105469,-502.059723,471.224579,1.0,1022.1457119497296,541.5460389946145
3945,0.103516,-502.136963,472.804474,1.0,1025.4646199497297,544.4084959946144
3946,0.105469,-502.215851,474.37384,1.0,1059.2734579497296,553.1046019946145
3947,0.105469,-502.29657,475.962585,1.0,1061.8224079497295,538.2591739946145
3948,0.107422,-502.375702,477.547363,1.0,1070.2785849497295,545.0402409946145
3949,0.105469,-502.448669,479.093445,1.0,1037.7213949497295,538.5014529946145
3950,0.103516,-502.514709,480.620789,1.0,1051.9199429497296,538.1964909946145
3951,0.105469,-502.574249,482.169952,1.0,1048.3407799497295,535.6495549946144
3952,0.109375,-502.627563,483.77887,1.0,1035.3786829497296,536.7572209946145
3953,0.105469,-502.670532,485.304321,1.0,1015.6378379497296,526.2540769946145
3954,0.105469,-502.707062,486.832886,1.0,1005.6769009497297,532.6822389946144
3955,0.107422,-502.73819,488.364532,1.0,1004.1783039497296,544.7955199946146
3956,0.103516,-502.763763,489.861206,1.0,1008.0677699497296,532.8830749946144
3957,0.105469,-502.785126,491.37088,1.0,1001.3743489497297,538.8672059946146
3958,0.111328,-502.802368,492.943604,1.0,1048.4367879497295,545.5873289946144
3959,0.107422,-502.814209,494.46109,1.0,1043.9489949497297,547.4356869946145
3960,0.103516,-502.821503,495.926636,1.0,1048.5024009497297,545.6803159946145
3961,0.103516,-502.825012,497.385132,1.0,1047.7657679497297,547.4870179946145
3962,0.105469,-502.825134,498.859955,1.0,1029.8383389497296,532.2485229946144
3963,0.105469,-502.822235,500.318939,1.0,1030.3660489497297,531.9599179946144
3964,0.105469,-502.816528,501.772736,1.0,1034.8112389497296,530.1318239946145
3965,0.103516,-502.808136,503.208069,1.0,976.8163049497297,442.08592499461446
3966,0.103516,-502.797058,504.627594,1.0,958.6198939497297,430.24534899461446
3967,0.105469,-502.782806,506.07724,1.0,924.4515589497296,306.1364629946145
3968,0.105469,-502.765594,507.518555,1.0,933.9226279497296,356.58948099461446
3969,0.103516,-502.745911,508.939392,1.0,965.2328699497297,536.1146119946145
3970,0.105469,-502.723785,510.36911,1.0,973.6147669497296,531.6875789946145
3971,0.105469,-502.699829,511.785034,1.0,968.0896809497297,536.3738279946144
3972,0.107422,-502.673828,513.225769,1.0,972.8127649497296,532.6844359946144
3973,0.113281,-502.644958,514.757019,1.0,969.0177209497297,525.5540649946145
3974,0.107422,-502.617371,516.200073,1.0,984.5549519497297,539.0077999946145
3975,0.109375,-502.589996,517.63678,1.0,986.0724689497297,549.9548519946145
3976,0.103516,-502.563568,519.034912,1.0,1490.3383999497296,650.5699339946145
3977,0.105469,-502.537781,520.415771,1.0,1630.2625939497298,682.1364629946145
3978,0.111328,-502.510284,521.894775,1.0,1630.3873499497295,688.6098509946145
3979,0.109375,-502.483826,523.319031,1.0,1579.5699669497299,679.2510259946145
3980,0.109375,-502.457001,524.756653,1.0,1562.7876179497298,653.1774779946145
3981,0.103516,-502.431396,526.125977,1.0,1556.9790249497296,653.0191829946145
3982,0.103516,-502.406036,527.477417,1.0,1550.7356159497294,656.3159669946144
3983,0.105469,-502.380432,528.836121,1.0,1554.4521689497296,655.2623479946144
3984,0.105469,-502.355042,530.190369,1.0,1550.9692589497295,651.3517639946144
3985,0.103516,-502.330292,531.512939,1.0,1599.4865929497296,254.13258699461448
3986,0.105469,-502.305817,532.819031,1.0,1599.4865929497296,254.13258699461448
3987,0.105469,-502.281921,534.098267,1.0,1599.4865929497296,254.13258699461448
3988,0.109375,-502.257172,535.42157,1.0,1599.4865929497296,254.13258699461448
3989,0.111328,-502.232727,536.729065,1.0,1599.4865929497296,254.13258699461448
3990,0.103516,-502.209503,537.970215,0.0,32.60292594972964,154.20842299461447
3991,0.101562,-502.186859,539.177429,0.0,32.60292594972964,154.20842299461447
3992,0.107422,-502.163391,540.431885,0.0,32.60292594972964,154.20842299461447
3993,0.103516,-502.140289,541.662842,0.0,32.60292594972964,154.20842299461447
3994,0.103516,-502.117249,542.891785,0.0,32.60292594972964,154.20842299461447
3995,0.105469,-502.094177,544.112793,0.0,32.60292594972964,154.20842299461447
3996,0.113281,-502.068634,545.444458,0.0,32.60292594972964,154.20842299461447
3997,0.105469,-502.044495,546.676392,0.0,32.60292594972964,154.20842299461447
3998,0.103516,-502.019897,547.899475,0.0,32.60292594972964,154.20842299461447
3999,0.107422,-501.993866,549.162476,0.0,32.60292594972964,154.20842299461447
4000,0.107422,-501.966888,550.428955,0.0,32.60292594972964,154.20842299461447
4001,0.105469,-501.939789,551.670105,0.0,32.60292594972964,154.20842299461447
4002,0.103516,-501.911926,552.917725,0.0,32.60292594972964,154.20842299461447
4003,0.103516,-501.883392,554.172607,0.0,32.60292594972964,154.20842299461447
4004,0.103516,-501.854523,555.416199,0.0,32.60292594972964,154.20842299461447
4005,0.103516,-501.824738,556.680725,1.0,981.9652309497296,551.6197689946144
4006,0.105469,-501.793793,557.980225,1.0,976.4489339497296,554.1226379946145
4007,0.103516,-501.763245,559.258728,1.0,971.9911099497297,552.3713869946145
4008,0.101562,-501.732971,560.523865,1.0,959.2751059497297,546.6621279946145
4009,0.101562,-501.702179,561.814575,1.0,961.3487759497297,542.0562619946145
4010,0.103516,-501.671417,563.108337,1.0,960.3745319497297,542.1501039946145
4011,0.101562,-501.640594,564.403625,1.0,960.3272909497297,533.8742249946145
4012,0.103516,-501.609131,565.730713,1.0,952.8129479497296,539.2392759946144
4013,0.103516,-501.577454,567.061829,1.0,951.7161459497296,533.8211239946145
4014,0.111328,-501.542633,568.525879,1.0,1549.3321739497296,620.3491699946144
4015,0.101562,-501.511505,569.833923,1.0,1593.9969689497298,646.6715269946144
4016,0.113281,-501.475952,571.32373,1.0,1592.3093469497298,650.2444639946145
4017,0.111328,-501.440613,572.809937,1.0,1591.6480919497299,654.1006649946145
4018,0.111328,-501.405029,574.304016,1.0,1587.3973599497294,647.5823849946145
4019,0.103516,-501.372345,575.676697,1.0,1123.1456509497298,559.0240049946144
4020,0.101562,-501.339539,577.056519,1.0,1069.5791219497296,523.8956179946144
4021,0.111328,-501.303558,578.56842,1.0,1072.6679889497295,535.2194089946145
4022,0.103516,-501.270233,579.970093,1.0,961.2108359497296,548.6362179946145
4023,0.103516,-501.236298,581.395081,1.0,961.8851529497297,548.4276309946144
4024,0.109375,-501.200287,582.90802,1.0,973.0161949497297,554.0541869946144
4025,0.113281,-501.163025,584.473999,1.0,1095.6599329497299,515.7403139946144
4026,0.111328,-501.125763,586.038757,1.0,1105.4361779497294,504.81770599461447
4027,0.101562,-501.091888,587.461792,1.0,1043.5671589497297,523.7903929946144
4028,0.111328,-501.05426,589.044189,1.0,998.8031209497296,528.2613709946145
4029,0.113281,-501.016174,590.64386,1.0,998.9763389497297,534.7372009946145
4030,0.105469,-500.980042,592.162292,1.0,974.7693689497296,535.0035579946145
4031,0.105469,-500.944336,593.662598,1.0,953.1605429497297,537.7332339946145
4032,0.101562,-500.909088,595.142212,1.0,981.8055629497296,543.2640869946144
4033,0.101562,-500.874054,596.616028,1.0,1587.8310749497296,636.3864929946144
4034,0.101562,-500.839478,598.068054,1.0,1592.7054649497295,652.3635439946145
4035,0.115234,-500.798889,599.774902,1.0,1629.1256309497298,686.9452389946144
4036,0.107422,-500.761353,601.352417,1.0,1578.1584679497296,692.6085689946144
4037,0.107422,-500.724152,602.915894,1.0,1572.3231409497298,684.0140869946144
4038,0.105469,-500.687012,604.477234,1.0,1381.1870319497298,632.0834539946145
4039,0.103516,-500.649994,606.030945,1.0,1093.7896939497296,542.8345519946145
4040,0.105469,-500.612854,607.592529,1.0,1088.3707479497298,540.9312009946145
4041,0.107422,-500.574219,609.214661,1.0,1089.7163289497298,533.4464599946145
4042,0.105469,-500.536438,610.807007,1.0,1087.0219929497298,489.32176499461445
4043,0.107422,-500.502319,612.416138,1.0,1071.8845419497297,491.72731299461446
4044,0.107422,-500.470001,614.035461,1.0,1059.0210169497295,481.9816469946145
4045,0.107422,-500.43689,615.647766,1.0,1073.6002399497297,511.0114629946145
4046,0.107422,-500.403412,617.258911,1.0,1086.1803189497296,559.2714419946144
4047,0.109375,-500.367828,618.82428,1.0,1109.9076139497297,566.5971249946144
4048,0.107422,-500.328369,620.371216,1.0,1106.8351039497297,534.3618649946145
4049,0.107422,-500.285461,621.883606,1.0,1106.9536339497295,522.0121029946145
4050,0.105469,-500.241394,623.325745,1.0,1110.4317829497295,503.8533199946145
4051,0.111328,-500.194031,624.79071,1.0,1114.9156699497298,474.29118699461446
4052,0.105469,-500.149933,626.108154,1.0,1108.3167929497295,469.2298769946145
4053,0.101562,-500.109009,627.304199,1.0,1108.7956749497298,464.11149899461446
4054,0.107422,-500.066681,628.512878,1.0,1117.9505819497294,465.0385929946145
4055,0.111328,-500.024017,629.700256,1.0,1104.2004599497295,471.76631499461445
4056,0.113281,-499.981049,630.859192,1.0,1108.3595179497297,455.0735349946145
4057,0.109375,-499.941101,631.899536,1.0,1104.7833459497297,441.18593199461446
4058,0.107422,-499.902191,632.881531,1.0,1109.2783409497297,432.94642999461445
4059,0.107422,-499.864716,633.802856,1.0,1102.8607379497298,435.93397799461445
4060,0.107422,-499.828613,634.670349,1.0,1057.8800259497298,443.58128699461446
4061,0.103516,-499.795807,635.448547,1.0,1058.2881069497298,450.02559199461444
4062,0.103516,-499.765625,636.152039,1.0,1051.3176479497297,436.1646909946145
4063,0.111328,-499.735992,636.834473,1.0,996.4813439497296,346.6351049946145
4064,0.105469,-499.709137,637.445496,1.0,969.5345059497297,301.1266359946145
4065,0.107422,-499.683868,638.010193,1.0,992.4281209497296,375.38624899461445
4066,0.107422,-499.6586,638.569702,1.0,1142.6089069497298,66.16865099461447
4067,0.105469,-499.633789,639.113159,1.0,1152.8788049497298,54.84340199461447
4068,0.103516,-499.609314,639.64325,1.0,1157.9422809497296,72.31469999461447
4069,0.105469,-499.584351,640.177795,1.0,1172.6060999497295,64.80159299461447
4070,0.103516,-499.559875,640.695984,1.0,1069.7445279497297,90.47704299461446
4071,0.103516,-499.536041,641.197083,1.0,1041.6198939497297,112.96083399461446
4072,0.101562,-499.512604,641.684631,1.0,1007.2125449497296,134.49886799461447
4073,0.101562,-499.489258,642.166138,1.0,1023.6369229497296,125.19316799461447
4074,0.105469,-499.465393,642.654297,1.0,1019.1992389497296,75.35638699461447
4075,0.105469,-499.441376,643.139893,1.0,1255.5180869497294,135.72225899461446
4076,0.103516,-499.417999,643.609131,1.0,1110.9593709497294,197.88672999461446
4077,0.101562,-499.395081,644.065369,1.0,1027.5847379497295,164.49140499461447
4078,0.103516,-499.371948,644.522034,1.0,1258.4015099497296,46.81988799461446
4079,0.105469,-499.348694,644.977356,1.0,820.0611779497297,215.89546499461446
4080,0.105469,-499.32547,645.42926,1.0,1037.6000569497296,295.71847899461443
4081,0.107422,-499.302368,645.873779,1.0,1168.3919879497298,294.9631229946145
4082,0.103516,-499.279968,646.305725,1.0,832.9121299497297,296.91519499461447
4083,0.113281,-499.256348,646.766724,1.0,832.9121299497297,296.91519499461447
4084,0.109375,-499.234528,647.204102,1.0,1538.2895719497296,109.29163299461447
4085,0.107422,-499.213562,647.632507,1.0,794.1504109497297,264.27135799461445
4086,0.107422,-499.19342,648.046021,1.0,961.8280239497296,191.06290799461448
4087,0.105469,-499.173615,648.449829,1.0,925.6064049497296,34.92992699461446
4088,0.107422,-499.153503,648.856323,1.0,925.6064049497296,34.92992699461446
4089,0.103516,-499.13443,649.245972,1.0,985.3740439497296,156.42200799461446
4090,0.107422,-499.115295,649.644104,1.0,985.3740439497296,156.42200799461446
4091,0.107422,-499.097015,650.036499,1.0,862.4161579497296,77.47304099461446
4092,0.105469,-499.079834,650.416687,1.0,975.8856409497297,188.34025499461447
4093,0.109375,-499.062469,650.813904,1.0,980.0387779497296,246.77417299461445
4094,0.109375,-499.04541,651.211914,1.0,1056.9570519497297,390.46798999461447
4095,0.109375,-499.028748,651.607117,1.0,1074.5569049497294,393.5890229946144
4096,0.109375,-499.011993,652.01001,1.0,1068.0056359497298,368.9752379946145
4097,0.109375,-498.995056,652.422729,1.0,1034.2331139497296,322.7840149946145
4098,0.107422,-498.978058,652.843567,1.0,1034.2331139497296,322.7840149946145
4099,0.105469,-498.960541,653.283752,1.0,1034.2331139497296,322.7840149946145
4100,0.105469,-498.942505,653.743652,1.0,1034.2331139497296,322.7840149946145
4101,0.107422,-498.924133,654.225281,1.0,441.80501294972964,908.7939329946145
4102,0.113281,-498.904633,654.743469,1.0,827.5626429497296,864.9210689946144
4103,0.111328,-498.884552,655.286316,1.0,805.0952359497296,405.48414899461443
4104,0.107422,-498.865051,655.82312,1.0,817.4408169497297,377.00693099461444
4105,0.107422,-498.845337,656.373474,1.0,821.9948329497296,365.88020599461447
4106,0.107422,-498.825226,656.943481,1.0,995.4325769497297,423.8959839946145
4107,0.105469,-498.804626,657.537842,1.0,1047.0905359497297,312.6282689946145
4108,0.109375,-498.783386,658.162354,1.0,1216.2833459497297,351.02232699461445
4109,0.107422,-498.762238,658.79657,1.0,1238.4393519497298,343.5973699946145
4110,0.107422,-498.740906,659.451294,1.0,1257.2669879497298,337.19775699461445
4111,0.109375,-498.718903,660.142883,1.0,1093.8653769497296,304.52899499461444
4112,0.109375,-498.697083,660.847046,1.0,863.7190149497296,280.6565659946145
4113,0.109375,-498.675018,661.577332,1.0,847.0228479497297,280.55030399461447
4114,0.109375,-498.652893,662.331421,1.0,893.6020099497297,269.1029079946145
4115,0.109375,-498.630798,663.105347,1.0,990.5351769497296,253.50136899461447
4116,0.109375,-498.608917,663.897949,1.0,990.0363369497296,256.22335399461446
4117,0.107422,-498.587524,664.695618,1.0,988.5047809497296,261.1538349946145
4118,0.107422,-498.566437,665.51239,1.0,1000.0052089497296,271.88836199461446
4119,0.107422,-498.545654,666.346375,1.0,1009.6443079497296,303.63548599461444
4120,0.109375,-498.525177,667.201782,1.0,1008.7353109497296,285.3090549946145
4121,0.107422,-498.505157,668.071777,1.0,917.1304529497296,376.78367899461443
4122,0.107422,-498.485321,668.972046,1.0,955.3868619497297,472.45329599461445
4123,0.111328,-498.465973,669.893677,1.0,954.1321009497296,493.05357699461445
4124,0.105469,-498.447876,670.798889,1.0,939.7265829497296,520.1071959946145
4125,0.105469,-498.43042,671.723511,1.0,952.1833699497297,540.2069279946145
4126,0.107422,-498.413208,672.684326,1.0,947.2243249497296,541.1571229946144
4127,0.103516,-498.397675,673.605713,1.0,954.7755329497296,546.2396419946144
4128,0.111328,-498.3815,674.630981,1.0,953.9002889497297,540.7220639946145
4129,0.115234,-498.365692,675.702026,1.0,954.6873989497296,536.4836609946144
4130,0.113281,-498.350525,676.788696,1.0,1432.5129599497295,163.91644399461447
4131,0.111328,-498.336243,677.860474,1.0,1477.5030719497295,114.02904399461447
4132,0.109375,-498.322205,678.953369,1.0,1042.2711999497296,502.43922699461444
4133,0.111328,-498.307739,680.116211,1.0,1034.1130579497296,487.16182299461445
4134,0.109375,-498.293396,681.306458,1.0,980.8322349497296,517.0724059946144
4135,0.109375,-498.2789,682.552429,1.0,980.1639609497296,529.9481999946145
4136,0.111328,-498.263916,683.856567,1.0,979.0559899497297,531.4120669946144
4137,0.111328,-498.248688,685.191956,1.0,923.6649989497297,301.3877139946145
4138,0.107422,-498.233765,686.50592,1.0,919.7799279497297,308.3368869946145
4139,0.113281,-498.218048,687.885193,1.0,915.2898159497296,303.94069199461444
4140,0.111328,-498.202301,689.259888,1.0,912.4646199497297,296.2527039946145
4141,0.109375,-498.186646,690.633728,1.0,908.1078089497296,308.22644399461444
4142,0.107422,-498.170868,692.013489,1.0,921.4359949497297,294.34202899461445
4143,0.107422,-498.155151,693.392334,1.0,926.2779749497296,289.63165599461445
4144,0.109375,-498.138947,694.816284,1.0,966.0824179497297,544.9042849946145
4145,0.111328,-498.122345,696.272583,1.0,957.8232019497297,547.7435489946145
4146,0.101562,-498.107025,697.615906,1.0,963.4924519497297,558.7715329946145
4147,0.109375,-498.09021,699.089111,1.0,969.4613239497296,544.7471499946145
4148,0.109375,-498.073456,700.577087,1.0,1072.3460899497295,175.64728499461447
4149,0.109375,-498.057098,702.065002,1.0,1073.5627649497296,155.72665999461447
4150,0.109375,-498.041473,703.543884,1.0,1060.1850789497298,204.23094099461446
4151,0.109375,-498.026428,705.016174,1.0,1068.5776569497298,231.56113799461446
4152,0.111328,-498.013,706.419922,1.0,1062.4427699497296,256.9567749946145
4153,0.111328,-498.001587,707.734863,1.0,1062.6307579497297,251.85959199461445
4154,0.109375,-497.99234,708.941223,1.0,1068.5227259497296,258.49234299461443
4155,0.113281,-497.984802,710.06012,1.0,1038.0025839497298,223.82295499461446
4156,0.113281,-497.978943,711.081909,1.0,1019.0250449497296,123.04765799461447
4157,0.113281,-497.97464,711.975098,1.0,1006.1258139497296,111.44684199461446
4158,0.111328,-497.971527,712.75946,1.0,1043.8955899497296,188.19367899461446
4159,0.115234,-497.969147,713.440796,1.0,1058.5616659497296,235.47396399461445
4160,0.113281,-497.96759,713.99646,1.0,1065.5411579497295,240.05619399461446
4161,0.111328,-497.966461,714.460449,1.0,921.6910609497296,199.39908499461447
4162,0.109375,-497.965668,714.847412,1.0,921.6910609497296,199.39908499461447
4163,0.113281,-497.965149,715.180481,1.0,921.6910609497296,199.39908499461447
4164,0.113281,-497.964691,715.45813,1.0,1165.8761189497295,274.7806889946145
4165,0.113281,-497.964417,715.681091,1.0,1180.4239709497297,291.30755899461445
4166,0.111328,-497.964294,715.858337,1.0,1194.4421589497297,329.9927709946145
4167,0.111328,-497.964142,716.013916,1.0,1207.4345909497297,346.29170499461446
4168,0.109375,-497.963989,716.162354,1.0,1228.0836389497294,340.49093899461445
4169,0.107422,-497.963806,716.310974,1.0,1209.6991169497296,256.8190489946145
4170,0.107422,-497.963623,716.461609,1.0,908.5208339497296,-107.55091500538555
4171,0.107422,-497.963409,716.614746,1.0,1147.4029749497295,288.0634649946145
4172,0.109375,-497.963257,716.769653,1.0,1124.7957969497297,322.89822699461445
4173,0.111328,-497.963104,716.925171,1.0,1091.2994589497298,327.6089049946145
4174,0.111328,-497.963043,717.084656,1.0,1100.6424769497298,308.9561649946145
4175,0.103516,-497.963043,717.231812,1.0,1175.1894739497297,365.7817719946145
4176,0.109375,-497.963074,717.390625,1.0,1206.3829549497295,380.38705799461445
4177,0.111328,-497.963043,717.550903,1.0,1184.2223109497295,391.74333499461443
4178,0.109375,-497.963013,717.714539,1.0,1135.7492879497295,363.0862759946144
4179,0.111328,-497.963013,717.887756,1.0,1216.8647669497295,471.81749299461444
4180,0.113281,-497.962982,718.075134,1.0,1227.0880329497295,320.91438599461446
4181,0.109375,-497.962982,718.285889,1.0,1227.0880329497295,320.91438599461446
4182,0.113281,-497.963104,718.542908,1.0,1227.0880329497295,320.91438599461446
4183,0.111328,-497.963287,718.843079,1.0,1227.0880329497295,320.91438599461446
4184,0.109375,-497.963501,719.190552,1.0,1787.0365199497296,465.07915099461445
4185,0.111328,-497.963928,719.597412,1.0,1335.5505579497299,238.90263699461445
4186,0.107422,-497.964417,720.029785,1.0,1308.7352499497297,356.2316009946145
4187,0.107422,-497.965118,720.515503,1.0,1036.7276819497297,274.43498499461447
4188,0.109375,-497.966034,721.056152,1.0,1077.9601039497297,432.10225199461445
4189,0.109375,-497.967194,721.648254,1.0,1072.3236289497295,407.04942599461447
4190,0.111328,-497.968475,722.297729,1.0,1127.5440879497296,265.9171939946145
4191,0.103516,-497.969635,722.948792,1.0,1205.8205769497295,375.1397739946145
4192,0.103516,-497.970886,723.622498,1.0,1224.9752399497297,391.50699199461445
4193,0.101562,-497.972168,724.316589,1.0,1231.4902549497297,400.73405799461443
4194,0.101562,-497.973358,725.03772,1.0,1241.3430379497295,399.06943099461444
4195,0.111328,-497.97464,725.85083,1.0,1192.2940879497296,356.65022599461446
4196,0.109375,-497.976044,726.693787,1.0,1086.3398639497295,292.7581969946145
4197,0.109375,-497.97757,727.563782,1.0,1079.4635219497295,237.65960299461446
4198,0.109375,-497.979126,728.462097,1.0,1102.9906209497294,317.5907009946145
4199,0.111328,-497.980743,729.392639,1.0,1185.6397909497296,309.6068299946145
4200,0.109375,-497.98233,730.357361,1.0,1255.7484339497296,394.42967499461446
4201,0.111328,-497.983673,731.348877,1.0,1251.2713829497297,349.50160499461447
4202,0.107422,-497.98465,732.342163,1.0,1320.9190879497296,412.93681699461445
4203,0.113281,-497.985229,733.394043,1.0,1176.7580769497295,408.7355679946145
4204,0.109375,-497.985291,734.462402,1.0,1119.8514609497297,326.66641599461445
4205,0.109375,-497.985199,735.559998,1.0,1186.1814169497297,370.9858739946145
4206,0.109375,-497.985931,736.705566,1.0,1018.5556239497297,315.07171999461445
4207,0.109375,-497.988098,737.895264,1.0,1059.1917929497295,243.15019499461448
4208,0.111328,-497.992645,739.16095,1.0,1044.2640589497296,250.42749299461445
4209,0.111328,-498.000305,740.496521,1.0,1202.2123009497295,353.3982579946145
4210,0.113281,-498.010681,741.870422,1.0,1218.2524619497294,344.3575779946145
4211,0.111328,-498.02124,743.245972,1.0,1203.5473839497295,340.91708699461446
4212,0.111328,-498.027863,744.650085,1.0,1288.1150109497298,349.6046629946145
4213,0.111328,-498.025757,746.087036,1.0,1296.1891079497295,376.5018649946145
4214,0.113281,-498.008087,747.541382,1.0,1361.1759239497296,355.75325299461446
4215,0.111328,-497.960724,749.027405,1.0,1411.1911829497299,412.1277959946145
4216,0.113281,-497.861206,750.538635,1.0,1392.1942349497294,338.58772599461446
4217,0.111328,-497.687927,752.049561,1.0,1379.5389609497297,283.1881439946145
4218,0.111328,-497.420135,753.559937,1.0,1403.1714069497298,333.2277559946144
4219,0.109375,-497.051575,755.038391,1.0,1087.4029749497295,231.10274099461446
4220,0.113281,-496.55249,756.541382,1.0,1131.0755819497294,261.01077599461445
4221,0.105469,-495.980774,757.902954,1.0,1427.0501919497297,340.06813399461447
4222,0.107422,-495.299316,759.233582,1.0,1386.7240199497296,350.9875979946145
4223,0.109375,-494.497559,760.544556,1.0,1394.2738239497298,378.23645299461447
4224,0.111328,-493.574493,761.825195,1.0,758.3819789497296,278.58015799461447
4225,0.107422,-492.601288,762.975098,1.0,308.3541469497296,201.14142499461445
4226,0.107422,-491.551025,764.042542,1.0,224.13850894972964,194.27608399461445
4227,0.103516,-490.452332,765.036804,1.0,224.13850894972964,194.27608399461445
4228,0.105469,-489.299622,765.971191,1.0,224.13850894972964,194.27608399461445
4229,0.103516,-488.122314,766.8302,1.0,1710.5047809497296,435.80226499461446
4230,0.103516,-486.892151,767.578125,1.0,1703.1082969497297,486.4814029946145
4231,0.103516,-485.609955,768.176392,1.0,1640.9557089497298,489.30186799461444
4232,0.105469,-484.2565,768.631531,1.0,1656.9322719497295,481.9156369946145
4233,0.109375,-482.798157,768.96228,1.0,1454.1806849497298,461.1104309946145
4234,0.113281,-481.303894,769.163025,1.0,1348.3984579497296,467.92708099461447
4235,0.109375,-479.839661,769.246277,1.0,1298.3001919497297,450.02824699461445
4236,0.107422,-478.448975,769.252625,1.0,1260.4561969497295,483.5558349946145
4237,0.115234,-476.975494,769.207703,1.0,1215.5219929497298,519.4625119946145
4238,0.103516,-475.655151,769.146423,1.0,1194.7469689497298,496.45073299461444
4239,0.107422,-474.308167,769.0755,1.0,1147.8737999497298,481.4085269946145
4240,0.105469,-473.000946,769.004822,1.0,1275.4768269497295,369.82280299461445
4241,0.109375,-471.725616,768.9375,1.0,1702.2470909497297,127.86993499461447
4242,0.105469,-470.520477,768.873352,1.0,1552.0221149497297,4.873385994614466
4243,0.107422,-469.327881,768.804749,1.0,1717.8130089497295,35.309878994614465
4244,0.107422,-468.170166,768.730164,1.0,1706.7498989497294,17.00569499461446
4245,0.105469,-467.008575,768.646057,1.0,1718.5272419497296,3.7885619946144686
4246,0.107422,-465.85553,768.554077,1.0,1688.5948689497295,-9.20756200538554
4247,0.107422,-464.710022,768.455139,1.0,1712.5562949497298,-19.576977005385544
4248,0.107422,-463.591339,768.353394,1.0,1540.7707729497297,-29.849423005385546
4249,0.107422,-462.519958,768.252991,1.0,1711.7329309497295,-8.37345600538552
4250,0.105469,-461.497894,768.155884,1.0,1715.8286339497295,-28.720837005385533
4251,0.107422,-460.526978,768.062805,1.0,1755.6483359497297,-2.5696530053855327
4252,0.107422,-459.601776,767.973511,1.0,1340.2662559497298,239.58434599461447
4253,0.105469,-458.73172,767.889099,1.0,1118.9557089497298,342.4041019946145
4254,0.107422,-457.920349,767.810425,1.0,1186.7428189497296,395.23825399461447
4255,0.107422,-457.188446,767.739685,1.0,1118.7238979497297,360.6525149946145
4256,0.107422,-456.527527,767.676819,1.0,986.3152669497297,262.2002209946145
4257,0.109375,-455.924103,767.620422,1.0,994.5103969497296,296.3058049946145
4258,0.107422,-455.371735,767.570374,1.0,1012.6452839497297,266.41153299461445
4259,0.107422,-454.862274,767.525696,1.0,1044.3962609497296,221.75430599461447
4260,0.113281,-454.367004,767.483765,1.0,991.9935509497296,199.01319099461446
4261,0.111328,-453.920837,767.447021,1.0,1015.2997639497296,206.89443099461448
4262,0.109375,-453.520538,767.4151,1.0,1011.5145469497296,215.39300499461447
4263,0.109375,-453.167938,767.387939,1.0,997.9384969497296,209.51912599461446
4264,0.109375,-452.855682,767.364868,1.0,1022.8825889497297,166.24835499461446
4265,0.113281,-452.582275,767.345459,1.0,1042.2661339497297,111.13417399461446
4266,0.113281,-452.352875,767.329895,1.0,928.0356039497296,104.46317199461447
4267,0.101562,-452.18927,767.319275,1.0,993.3742879497296,334.99743999461447
4268,0.109375,-452.053741,767.310791,1.0,1043.0183919497297,143.50499499461446
4269,0.111328,-451.965576,767.305359,1.0,945.5301719497296,158.88551999461447
