,0,1,2,3,4,5
0,0.0,-464.549988,-1216.650024,0.0,82.65320390395152,48.88461497360214
1,0.103516,-464.552765,-1216.647827,0.0,82.65320390395152,48.88461497360214
2,0.101562,-464.55368,-1216.647095,0.0,82.65320390395152,48.88461497360214
3,0.105469,-464.553833,-1216.646851,0.0,82.65320390395152,48.88461497360214
4,0.105469,-464.553192,-1216.647339,0.0,82.65320390395152,48.88461497360214
5,0.103516,-464.55246,-1216.647949,0.0,82.65320390395152,48.88461497360214
6,0.105469,-464.552307,-1216.648071,0.0,82.65320390395152,48.88461497360214
7,0.103516,-464.552856,-1216.647583,0.0,82.65320390395152,48.88461497360214
8,0.103516,-464.55368,-1216.646973,0.0,82.65320390395152,48.88461497360214
9,0.105469,-464.553955,-1216.646729,0.0,82.65320390395152,48.88461497360214
10,0.103516,-464.553467,-1216.647095,0.0,82.65320390395152,48.88461497360214
11,0.101562,-464.552765,-1216.647705,0.0,82.65320390395152,48.88461497360214
12,0.101562,-464.552399,-1216.648071,0.0,82.65320390395152,48.88461497360214
13,0.103516,-464.552612,-1216.647827,0.0,82.65320390395152,48.88461497360214
14,0.105469,-464.553131,-1216.647339,0.0,82.65320390395152,48.88461497360214
15,0.103516,-464.553375,-1216.647217,0.0,82.65320390395152,48.88461497360214
16,0.101562,-464.553284,-1216.647217,0.0,82.65320390395152,48.88461497360214
17,0.105469,-464.552979,-1216.647217,0.0,82.65320390395152,48.88461497360214
18,0.101562,-464.552765,-1216.647217,0.0,82.65320390395152,48.88461497360214
19,0.101562,-464.552704,-1216.647217,0.0,82.65320390395152,48.88461497360214
20,0.105469,-464.552887,-1216.647217,0.0,82.65320390395152,48.88461497360214
21,0.105469,-464.55304,-1216.647217,0.0,82.65320390395152,48.88461497360214
22,0.105469,-464.55304,-1216.647095,0.0,82.65320390395152,48.88461497360214
23,0.105469,-464.553101,-1216.647217,0.0,82.65320390395152,48.88461497360214
24,0.103516,-464.55307,-1216.647217,0.0,82.65320390395152,48.88461497360214
25,0.107422,-464.55304,-1216.647217,0.0,82.65320390395152,48.88461497360214
26,0.101562,-464.55304,-1216.647217,0.0,82.65320390395152,48.88461497360214
27,0.105469,-464.55304,-1216.647217,1.0,1250.3549859039517,423.88092197360214
28,0.101562,-464.55307,-1216.647339,1.0,952.9634459039515,311.22949397360213
29,0.105469,-464.55307,-1216.647217,1.0,1434.5634819039515,146.25877597360216
30,0.105469,-464.55307,-1216.647217,1.0,1410.8222709039514,148.85128997360215
31,0.107422,-464.55307,-1216.647217,1.0,1454.3862359039517,244.28540197360215
32,0.105469,-464.553009,-1216.647095,1.0,1447.7752739039515,248.82051297360215
33,0.105469,-464.55304,-1216.647217,1.0,1473.5089169039516,282.64499097360215
34,0.105469,-464.55304,-1216.647217,1.0,1436.2158259039516,527.1443809736022
35,0.101562,-464.55307,-1216.647217,1.0,1437.3066459039514,536.4215409736021
36,0.107422,-464.55307,-1216.647217,1.0,1440.2464659039515,536.2484149736022
37,0.105469,-464.55307,-1216.647217,1.0,1437.5057429039516,273.1432669736022
38,0.101562,-464.55307,-1216.647217,1.0,1441.3712219039517,136.02788697360214
39,0.105469,-464.55304,-1216.647217,1.0,1418.9325009039517,146.22057497360214
40,0.107422,-464.55304,-1216.647217,1.0,1426.6571099039516,144.65356597360216
41,0.101562,-464.55304,-1216.647217,1.0,1428.3441219039514,121.52945097360214
42,0.107422,-464.55307,-1216.647217,1.0,1428.1037659039516,145.98217197360214
43,0.107422,-464.55307,-1216.647217,1.0,1543.8614559039515,293.8725299736021
44,0.107422,-464.55307,-1216.647217,1.0,1544.2805229039514,291.7061479736021
45,0.101562,-464.55307,-1216.647217,1.0,1544.4813289039516,288.07226797360215
46,0.107422,-464.55307,-1216.647339,1.0,1536.5529839039514,289.14602897360214
47,0.107422,-464.55307,-1216.647095,1.0,1539.0383359039515,290.1186239736021
48,0.107422,-464.55307,-1216.647217,1.0,1541.4180969039517,284.0383319736021
49,0.107422,-464.55307,-1216.647095,1.0,1540.4113829039516,286.32599097360213
50,0.107422,-464.55307,-1216.647217,1.0,1538.2512259039513,284.13281397360214
51,0.107422,-464.55304,-1216.647217,1.0,1539.8978329039514,281.30757297360213
52,0.101562,-464.553131,-1216.647217,1.0,1543.4641169039514,280.52873397360213
53,0.105469,-464.553497,-1216.646973,1.0,1535.5059869039515,270.37040897360214
54,0.105469,-464.554535,-1216.646118,1.0,1221.5843559039517,-96.47755202639786
55,0.105469,-464.556793,-1216.644287,1.0,1221.5843559039517,-96.47755202639786
56,0.107422,-464.560822,-1216.641113,1.0,1221.5843559039517,-96.47755202639786
57,0.105469,-464.566498,-1216.636353,1.0,1221.5843559039517,-96.47755202639786
58,0.103516,-464.573914,-1216.630371,1.0,1221.5843559039517,-96.47755202639786
59,0.107422,-464.583252,-1216.622925,0.0,82.65320390395152,48.88461497360214
60,0.101562,-464.593628,-1216.614258,0.0,82.65320390395152,48.88461497360214
61,0.105469,-464.605988,-1216.60437,1.0,1112.3742729039514,252.68136797360214
62,0.107422,-464.620087,-1216.592896,1.0,1130.5799619039517,352.0063799736021
63,0.105469,-464.635834,-1216.579956,1.0,1126.6772519039514,440.59167697360215
64,0.105469,-464.653076,-1216.56604,1.0,1122.0120909039515,452.42089997360216
65,0.105469,-464.671936,-1216.550659,1.0,1295.2755179039514,474.77459897360217
66,0.105469,-464.692047,-1216.534302,1.0,1299.7301079039516,485.35556197360216
67,0.105469,-464.71405,-1216.516479,1.0,1293.3208069039515,487.47406197360215
68,0.105469,-464.737488,-1216.497314,1.0,1291.7830869039517,522.2316299736021
69,0.107422,-464.762756,-1216.476807,1.0,1287.4680229039514,552.8493059736022
70,0.103516,-464.788971,-1216.455688,1.0,1286.1809139039515,549.8816849736022
71,0.105469,-464.817047,-1216.432739,1.0,1288.2901669039516,549.1584189736021
72,0.105469,-464.846313,-1216.408936,1.0,1287.1947079039514,548.8785109736021
73,0.105469,-464.877075,-1216.384033,1.0,1220.3087219039517,486.31781197360215
74,0.103516,-464.909058,-1216.358032,1.0,988.8055479039515,296.9684009736021
75,0.103516,-464.942291,-1216.331055,1.0,968.8843439039515,299.3882009736021
76,0.105469,-464.977448,-1216.302368,1.0,931.8627989039516,304.34767297360213
77,0.105469,-465.01358,-1216.272949,1.0,929.3739679039516,297.3479939736021
78,0.105469,-465.051605,-1216.241943,1.0,927.3341729039515,297.49374597360213
79,0.107422,-465.091949,-1216.209229,1.0,926.2155209039515,294.1192649736021
80,0.107422,-465.133087,-1216.175659,1.0,928.4823059039516,295.91610897360215
81,0.101562,-465.173889,-1216.142578,1.0,926.7359069039516,296.1507739736021
82,0.105469,-465.217102,-1216.107422,1.0,929.8622489039515,289.03291497360215
83,0.101562,-465.260223,-1216.072388,1.0,931.7697809039515,288.50000197360214
84,0.101562,-465.304016,-1216.036743,1.0,383.1187189039515,349.37939597360213
85,0.107422,-465.352325,-1215.997559,1.0,369.71164490395154,368.4130569736021
86,0.107422,-465.401825,-1215.957275,1.0,443.81131590395154,371.99627897360216
87,0.107422,-465.452148,-1215.916382,1.0,1180.8016419039513,397.63977197360214
88,0.107422,-465.504486,-1215.873779,1.0,1195.8919739039516,399.81955197360213
89,0.107422,-465.557465,-1215.830811,1.0,1197.0875299039517,401.70608697360217
90,0.105469,-465.611542,-1215.786621,1.0,1193.4467829039513,399.99618697360216
91,0.107422,-465.666809,-1215.741699,1.0,940.2207089039515,300.8160269736021
92,0.101562,-465.721313,-1215.697388,1.0,930.9564879039515,309.38458397360216
93,0.101562,-465.776001,-1215.652832,1.0,931.9534359039516,306.6124899736021
94,0.107422,-465.834839,-1215.604858,1.0,928.5318659039515,302.05752797360213
95,0.103516,-465.893555,-1215.556885,1.0,926.9341489039515,303.7974259736021
96,0.101562,-465.951599,-1215.509766,1.0,928.5694639039515,303.67939997360213
97,0.101562,-466.011292,-1215.460938,1.0,929.9960999039515,300.0633259736021
98,0.109375,-466.076447,-1215.407837,1.0,930.8032889039515,297.56340197360214
99,0.101562,-466.137817,-1215.357544,1.0,1000.0099539039516,281.12893897360215
100,0.101562,-466.200562,-1215.306396,1.0,1411.3874569039517,146.95038797360212
101,0.101562,-466.263885,-1215.254517,1.0,1309.0911919039513,197.90532097360213
102,0.109375,-466.337463,-1215.194336,1.0,988.4209039039515,309.91095197360215
103,0.101562,-466.411865,-1215.133423,1.0,991.5070859039515,313.49853697360214
104,0.101562,-466.501526,-1215.060059,1.0,1073.4632629039515,383.3015459736021
105,0.109375,-466.621918,-1214.961548,1.0,1130.2508599039516,447.57147397360217
106,0.101562,-466.762329,-1214.846436,1.0,1127.2813779039516,445.62002797360213
107,0.107422,-466.9422,-1214.698608,1.0,1130.8486389039517,442.27752897360216
108,0.109375,-467.164581,-1214.515869,1.0,1131.4802299039516,445.1078509736021
109,0.103516,-467.412323,-1214.311768,1.0,1138.8941709039514,438.53366297360213
110,0.109375,-467.705688,-1214.069702,1.0,927.2453059039515,310.5803849736021
111,0.103516,-468.022247,-1213.807739,1.0,958.9347589039515,328.51904497360215
112,0.103516,-468.364746,-1213.523438,1.0,1363.1624809039517,478.12179797360216
113,0.103516,-468.74176,-1213.209595,1.0,1367.7923639039514,477.25802797360217
114,0.103516,-469.146576,-1212.871094,1.0,1370.3793999039517,476.08627497360214
115,0.103516,-469.576233,-1212.508911,1.0,1206.6048639039514,453.32870697360215
116,0.101562,-470.02005,-1212.130737,1.0,1213.1369689039516,451.62249997360215
117,0.103516,-470.490356,-1211.724731,1.0,1217.8407039039516,456.72476397360214
118,0.103516,-470.968018,-1211.306519,1.0,1220.7871149039515,446.73901597360214
119,0.103516,-471.462952,-1210.866089,1.0,1223.1413629039516,446.5763569736021
120,0.103516,-471.967072,-1210.408936,1.0,1194.2519589039516,461.32974397360215
121,0.103516,-472.492279,-1209.921875,1.0,1193.5749569039517,463.78915597360213
122,0.105469,-473.015289,-1209.423462,1.0,1188.0101379039515,453.2918419736021
123,0.103516,-473.535492,-1208.910645,1.0,1385.9724179039517,492.18191697360214
124,0.101562,-474.040588,-1208.391235,1.0,1383.1843319039517,491.8751239736021
125,0.105469,-474.539673,-1207.845215,1.0,1377.1877499039515,492.33490197360214
126,0.103516,-475.018066,-1207.281372,1.0,1367.2453669039514,491.00564797360215
127,0.103516,-475.479858,-1206.693848,1.0,1355.8820859039515,483.24777397360214
128,0.101562,-475.914948,-1206.104126,1.0,1335.3839169039516,480.57946997360216
129,0.105469,-476.35199,-1205.473755,1.0,1319.2893119039513,473.23394997360214
130,0.111328,-476.802704,-1204.776978,1.0,1381.8892879039513,506.68863097360213
131,0.101562,-477.184814,-1204.140381,1.0,1371.2210749039514,512.8559589736021
132,0.109375,-477.58255,-1203.426392,1.0,1336.5821589039515,511.50189397360214
133,0.101562,-477.925842,-1202.76416,1.0,1221.7641659039514,483.5583209736021
134,0.101562,-478.254822,-1202.084229,1.0,1198.5817929039517,474.10165597360213
135,0.109375,-478.592987,-1201.332397,1.0,1179.1717589039517,481.62127897360216
136,0.101562,-478.885773,-1200.628418,1.0,1161.0565239039515,469.42398297360216
137,0.101562,-479.162476,-1199.906494,1.0,1137.9968319039517,462.7347429736021
138,0.101562,-479.417908,-1199.180664,1.0,1156.9549619039517,514.2688309736021
139,0.111328,-479.680084,-1198.368042,1.0,1140.2678279039515,509.70511097360213
140,0.101562,-479.905365,-1197.614868,1.0,1140.6761529039513,502.20337097360215
141,0.101562,-480.123474,-1196.849976,1.0,1189.2003229039515,478.20962697360216
142,0.111328,-480.353943,-1196.017212,1.0,1180.2782039039516,476.85901097360215
143,0.101562,-480.563263,-1195.245361,1.0,1173.6499079039513,484.62558197360215
144,0.101562,-480.767242,-1194.475586,1.0,1062.6779839039514,490.8172629736021
145,0.101562,-480.965912,-1193.706787,1.0,1055.2838799039514,484.4421709736021
146,0.103516,-481.161713,-1192.922241,1.0,1056.4712579039515,482.74636997360216
147,0.103516,-481.352356,-1192.132568,1.0,998.6193909039515,513.4928909736021
148,0.103516,-481.5354,-1191.355347,1.0,994.9450739039515,507.54327597360214
149,0.101562,-481.713715,-1190.585449,1.0,992.5726989039515,508.05792397360216
150,0.101562,-481.889526,-1189.818481,1.0,989.0006159039515,504.39129797360215
151,0.103516,-482.06546,-1189.045776,1.0,989.7076469039515,498.73233197360213
152,0.103516,-482.241333,-1188.268311,1.0,996.8112239039515,524.4214189736022
153,0.101562,-482.413391,-1187.499512,1.0,997.6035819039515,528.2500019736021
154,0.111328,-482.600922,-1186.648438,1.0,996.0747129039515,529.4215109736022
155,0.105469,-482.77948,-1185.823364,1.0,980.8204399039515,399.13711697360213
156,0.103516,-482.951447,-1185.013916,1.0,980.7560479039515,393.22357397360213
157,0.101562,-483.118622,-1184.213379,1.0,942.7296199039515,306.2512229736021
158,0.103516,-483.289337,-1183.385498,1.0,935.4198669039515,301.13211297360215
159,0.103516,-483.460785,-1182.542969,1.0,934.2952939039516,301.28390697360214
160,0.103516,-483.631226,-1181.69397,1.0,984.6624199039516,447.48343097360214
161,0.101562,-483.799744,-1180.84668,1.0,989.7681329039515,479.21609697360213
162,0.105469,-483.971069,-1179.977173,1.0,983.4332329039515,478.36288597360215
163,0.101562,-484.141235,-1179.103149,1.0,983.0189879039515,475.71383897360215
164,0.105469,-484.311646,-1178.215942,1.0,962.6716979039516,482.6582659736021
165,0.101562,-484.478607,-1177.336426,1.0,938.8143979039515,485.56652997360214
166,0.103516,-484.647705,-1176.437622,1.0,935.9710749039515,484.9931659736021
167,0.103516,-484.81723,-1175.532349,1.0,867.8767149039516,498.9541949736021
168,0.103516,-484.989075,-1174.612671,1.0,800.4527039039515,516.3622459736021
169,0.101562,-485.158234,-1173.70813,1.0,799.4420829039515,508.41748197360215
170,0.107422,-485.336975,-1172.754761,1.0,819.7094779039516,519.098512973602
171,0.107422,-485.519623,-1171.790405,1.0,934.3917289039515,568.1366289736022
172,0.101562,-485.699799,-1170.857666,1.0,937.8059749039516,570.738740973602
173,0.109375,-485.899292,-1169.849243,1.0,935.9868219039515,568.5578329736022
174,0.101562,-486.08847,-1168.918091,1.0,904.1347709039516,493.4820879736021
175,0.101562,-486.285309,-1167.974731,1.0,912.1293389039515,484.23153897360214
176,0.101562,-486.487122,-1167.030518,1.0,912.4759579039516,478.68087997360215
177,0.107422,-486.707428,-1166.023315,1.0,915.2286429039515,482.24362397360215
178,0.103516,-486.924561,-1165.050903,1.0,917.0365049039515,479.1621109736021
179,0.101562,-487.148895,-1164.066284,1.0,915.0673889039515,483.01175097360215
180,0.109375,-487.400848,-1162.983154,1.0,921.0560359039515,477.1250319736021
181,0.109375,-487.66568,-1161.869141,1.0,923.0865539039515,478.00344997360213
182,0.109375,-487.937775,-1160.750732,1.0,973.0116019039515,531.9212059736021
183,0.107422,-488.207947,-1159.665283,1.0,972.2031919039515,532.4883439736021
184,0.109375,-488.483826,-1158.582031,1.0,956.0069029039515,489.7807639736021
185,0.101562,-488.740875,-1157.593994,1.0,926.4403129039515,452.60739297360215
186,0.109375,-489.02417,-1156.5271,1.0,931.5101379039515,452.3472919736021
187,0.101562,-489.287689,-1155.553833,1.0,931.6439269039515,445.86813597360214
188,0.109375,-489.578979,-1154.498291,1.0,904.2143609039515,434.73901597360214
189,0.101562,-489.839996,-1153.56958,1.0,909.5045829039515,424.66861197360214
190,0.109375,-490.124054,-1152.57666,1.0,907.0117859039515,421.0509359736021
191,0.101562,-490.374176,-1151.718018,1.0,1042.3725029039515,550.3673119736021
192,0.107422,-490.632568,-1150.845581,1.0,1050.7706359039516,551.5686669736021
193,0.101562,-490.860199,-1150.088623,1.0,1060.8774469039515,553.5868239736021
194,0.109375,-491.08783,-1149.342896,1.0,1066.2785089039517,554.8360619736021
195,0.107422,-491.287659,-1148.697021,1.0,901.5249689039515,448.24511897360213
196,0.101562,-491.454681,-1148.16333,1.0,898.8775079039515,450.9269729736021
197,0.101562,-491.60434,-1147.689941,1.0,897.8949639039515,449.41146997360215
198,0.109375,-491.749878,-1147.233765,1.0,833.2946829039515,442.14981297360214
199,0.101562,-491.866974,-1146.870361,1.0,268.0180419039515,319.96515097360214
200,0.107422,-491.97699,-1146.531982,1.0,260.5683959039515,311.6591209736021
201,0.109375,-492.068848,-1146.251587,1.0,379.1642209039515,354.83825897360214
202,0.107422,-492.141571,-1146.031616,1.0,375.23389190395153,153.27475897360216
203,0.103516,-492.193451,-1145.875854,1.0,357.6351679039515,-173.27700602639786
204,0.109375,-492.227539,-1145.774048,1.0,357.6351679039515,-173.27700602639786
205,0.109375,-492.240173,-1145.736206,1.0,357.6351679039515,-173.27700602639786
206,0.107422,-492.239777,-1145.737427,1.0,357.6351679039515,-173.27700602639786
207,0.107422,-492.236877,-1145.745117,0.0,82.65320390395152,48.88461497360214
208,0.109375,-492.234833,-1145.750366,0.0,82.65320390395152,48.88461497360214
209,0.109375,-492.23465,-1145.750244,0.0,82.65320390395152,48.88461497360214
210,0.109375,-492.235565,-1145.747437,1.0,342.6099299039515,390.83035497360214
211,0.109375,-492.23642,-1145.745239,1.0,343.0081229039515,397.63504197360214
212,0.107422,-492.236633,-1145.744995,1.0,337.82254590395155,396.9265459736021
213,0.109375,-492.23645,-1145.745972,1.0,396.10748890395155,341.34890897360214
214,0.107422,-492.236115,-1145.74707,1.0,394.6259819039515,344.08569497360213
215,0.107422,-492.236023,-1145.747192,1.0,396.8343559039515,350.2769799736021
216,0.105469,-492.236053,-1145.746948,1.0,451.4228569039515,459.39627297360215
217,0.105469,-492.236084,-1145.746704,1.0,446.3387509039515,459.22656397360214
218,0.105469,-492.236115,-1145.746704,1.0,482.7267819039515,449.5234699736021
219,0.107422,-492.236115,-1145.746704,1.0,498.87775190395155,442.50521997360215
220,0.105469,-492.236084,-1145.746826,1.0,499.2055719039515,445.56402797360215
221,0.109375,-492.236084,-1145.746826,1.0,463.66888990395154,443.2104509736021
222,0.107422,-492.236115,-1145.746826,1.0,428.6687679039515,446.0161759736021
223,0.107422,-492.236115,-1145.746826,1.0,428.16064990395154,448.16339297360213
224,0.103516,-492.236115,-1145.746826,1.0,493.0648859039515,457.95639197360214
225,0.105469,-492.236176,-1145.746582,1.0,498.26022890395154,462.33065997360217
226,0.107422,-492.236755,-1145.744873,1.0,443.1210999039515,458.71576097360213
227,0.107422,-492.238129,-1145.740479,1.0,398.7126519039515,453.09625397360213
228,0.107422,-492.240234,-1145.734375,1.0,387.06836490395153,410.27035697360213
229,0.109375,-492.243164,-1145.725708,1.0,368.0840819039515,370.3359699736021
230,0.107422,-492.246765,-1145.714844,1.0,300.32790190395156,337.65554997360215
231,0.109375,-492.251068,-1145.701904,1.0,151.21729090395152,341.9240439736021
232,0.109375,-492.256195,-1145.686768,1.0,143.6932049039515,338.36453397360214
233,0.109375,-492.261932,-1145.669434,1.0,156.01413490395151,339.72689997360214
234,0.101562,-492.267975,-1145.651367,1.0,251.78622990395152,344.45321897360213
235,0.101562,-492.274536,-1145.631714,1.0,251.13937990395152,344.75702097360215
236,0.111328,-492.282471,-1145.608154,1.0,235.00063090395153,346.49456997360215
237,0.107422,-492.290894,-1145.582886,1.0,214.86392790395152,346.02951197360215
238,0.109375,-492.300171,-1145.555298,1.0,210.21847290395152,347.66558997360215
239,0.101562,-492.309204,-1145.528198,1.0,202.30772990395153,345.66043297360216
240,0.107422,-492.319702,-1145.496948,1.0,200.03227790395152,342.40280297360215
241,0.109375,-492.331207,-1145.462524,1.0,144.4862419039515,341.04120097360214
242,0.107422,-492.343628,-1145.425415,1.0,142.11702190395152,339.23248497360214
243,0.103516,-492.356628,-1145.386597,1.0,137.85016090395152,330.87179797360216
244,0.101562,-492.370575,-1145.344971,1.0,454.8268799039515,451.59021197360215
245,0.109375,-492.387665,-1145.294067,1.0,502.40198290395153,472.8367329736021
246,0.107422,-492.406799,-1145.237427,1.0,499.31259690395154,476.50021597360217
247,0.109375,-492.428558,-1145.172607,1.0,497.19342590395155,474.00573897360215
248,0.107422,-492.453003,-1145.100342,1.0,107.72413090395152,310.38064797360215
249,0.109375,-492.481232,-1145.016968,1.0,105.73165890395153,312.82666197360214
250,0.103516,-492.510925,-1144.929199,1.0,103.11041090395152,313.4163229736021
251,0.101562,-492.543243,-1144.833618,1.0,130.58257890395151,346.4702469736021
252,0.107422,-492.58313,-1144.716553,1.0,139.26887690395154,342.2598899736021
253,0.109375,-492.629791,-1144.579712,1.0,247.46587190395152,340.6750809736021
254,0.109375,-492.684509,-1144.419556,1.0,263.28093490395156,346.95550697360216
255,0.109375,-492.750275,-1144.227905,1.0,270.89346890395154,348.2392899736021
256,0.109375,-492.829224,-1143.999146,1.0,410.2714289039515,486.57089397360215
257,0.107422,-492.919952,-1143.737061,1.0,891.5402279039515,490.75866897360214
258,0.109375,-493.026367,-1143.431519,1.0,944.7595879039516,498.20852897360214
259,0.109375,-493.145813,-1143.091064,1.0,308.9886229039515,368.50369497360214
260,0.107422,-493.278625,-1142.715088,1.0,310.6945549039515,360.23159997360216
261,0.101562,-493.416779,-1142.326904,1.0,303.31993690395154,361.44229297360215
262,0.109375,-493.585144,-1141.857788,1.0,284.2996579039515,347.13195997360214
263,0.107422,-493.766571,-1141.357422,1.0,285.69962090395154,349.96676797360215
264,0.111328,-493.971069,-1140.800171,1.0,274.6035369039515,357.0670799736021
265,0.103516,-494.180695,-1140.236572,1.0,263.1903739039515,357.96865997360214
266,0.107422,-494.414154,-1139.616821,1.0,263.5618039039515,357.1947349736021
267,0.109375,-494.662689,-1138.967041,1.0,263.2068389039515,354.66809297360214
268,0.107422,-494.923828,-1138.294189,1.0,263.6070769039515,353.61477897360214
269,0.109375,-495.201202,-1137.588013,1.0,841.5754449039515,474.7143269736021
270,0.101562,-495.477875,-1136.890869,1.0,1003.3198909039515,483.89978197360216
271,0.107422,-495.776947,-1136.146729,1.0,1013.1919609039516,482.38446197360213
272,0.101562,-496.075287,-1135.419067,1.0,1023.5940609039516,486.54840297360215
273,0.101562,-496.391235,-1134.668213,1.0,1035.5440119039515,483.38382197360215
274,0.101562,-496.717651,-1133.904541,1.0,1043.5438289039516,480.08212497360216
275,0.101562,-497.052063,-1133.12915,1.0,1059.4274959039515,474.0894799736021
276,0.107422,-497.421844,-1132.282471,1.0,426.8978019039515,349.5349749736021
277,0.109375,-497.805084,-1131.411865,1.0,289.24559590395154,365.4038719736021
278,0.109375,-498.200317,-1130.520874,1.0,286.25711590395156,366.4025899736021
279,0.111328,-498.610291,-1129.602539,1.0,669.8607849039515,427.22708297360214
280,0.111328,-499.034943,-1128.660522,1.0,1132.6379449039514,476.64166497360213
281,0.109375,-499.469391,-1127.711426,1.0,1147.2072809039514,482.02554497360217
282,0.101562,-499.881256,-1126.823486,1.0,1152.0765439039515,478.72604597360214
283,0.101562,-500.310944,-1125.904175,1.0,1152.2683159039516,486.06402797360215
284,0.101562,-500.762177,-1124.939453,1.0,1170.6549129039513,488.41089097360214
285,0.109375,-501.269836,-1123.847168,1.0,1178.2257139039516,479.9892899736021
286,0.103516,-501.754242,-1122.791138,1.0,1184.4836479039514,471.4867269736021
287,0.103516,-502.251099,-1121.685181,1.0,1192.2478079039515,468.48605497360217
288,0.101562,-502.729187,-1120.587769,1.0,1261.3855039039513,494.02575897360214
289,0.101562,-503.186127,-1119.485107,1.0,1315.9299369039513,519.8044449736021
290,0.103516,-503.629303,-1118.328247,1.0,1311.1514949039515,521.3460099736021
291,0.101562,-504.026611,-1117.169189,1.0,1301.8383849039515,523.0596639736021
292,0.101562,-504.377045,-1115.995239,1.0,1286.2004449039514,521.8810749736022
293,0.105469,-504.687042,-1114.767944,1.0,1257.9405579039517,508.1083699736021
294,0.105469,-504.952637,-1113.48645,1.0,1323.5056209039517,522.1478899736021
295,0.107422,-505.168915,-1112.167114,1.0,1297.3479059039514,520.0410479736022
296,0.109375,-505.335938,-1110.821899,1.0,1286.4527649039514,525.4859029736022
297,0.109375,-505.461395,-1109.43103,1.0,1140.0059869039515,478.44772497360213
298,0.107422,-505.550507,-1108.055298,1.0,1124.8886779039517,469.72589297360213
299,0.109375,-505.619934,-1106.651733,1.0,1104.4503839039517,463.57104697360217
300,0.107422,-505.682465,-1105.247559,1.0,1060.5329039039516,462.4131489736021
301,0.105469,-505.749939,-1103.852295,1.0,1021.3142149039516,460.6980919736021
302,0.109375,-505.833527,-1102.417969,1.0,1021.2444519039515,459.03912497360216
303,0.109375,-505.938171,-1100.94458,1.0,1029.6528989039516,456.18835597360214
304,0.101562,-506.05249,-1099.582153,1.0,1035.2775329039514,446.29412997360214
305,0.111328,-506.196289,-1098.079712,1.0,980.0598809039515,487.0694899736021
306,0.101562,-506.343781,-1096.693115,1.0,986.0976009039515,481.5483719736021
307,0.101562,-506.505463,-1095.299316,1.0,991.5383969039515,482.01715297360215
308,0.111328,-506.701599,-1093.740601,1.0,1002.4661919039515,483.83859397360214
309,0.101562,-506.891602,-1092.324463,1.0,1079.1348929039514,509.76690897360214
310,0.101562,-507.088135,-1090.915894,1.0,1090.4733939039515,514.3764969736021
311,0.109375,-507.307037,-1089.375366,1.0,1100.3253229039515,508.5733359736021
312,0.111328,-507.53476,-1087.769531,1.0,995.1547909039515,434.5896629736021
313,0.101562,-507.732147,-1086.348633,1.0,996.4826719039515,431.2076129736021
314,0.109375,-507.940704,-1084.794067,1.0,999.4157159039515,426.8068559736021
315,0.107422,-508.139771,-1083.244873,1.0,1007.4423889039515,441.03372397360215
316,0.109375,-508.329071,-1081.69873,1.0,1034.2102109039515,492.38058697360214
317,0.109375,-508.507355,-1080.145752,1.0,1028.5553039039514,489.6969009736021
318,0.105469,-508.667847,-1078.633911,1.0,1024.0125179039514,486.86096397360217
319,0.109375,-508.817932,-1077.075562,1.0,1013.8521179039515,488.89318997360215
320,0.109375,-508.951019,-1075.521606,1.0,288.9460959039515,410.07736397360213
321,0.107422,-509.066956,-1073.971069,1.0,292.6480469039515,375.2944049736021
322,0.111328,-509.167725,-1072.39502,1.0,1000.4545959039515,487.8255019736021
323,0.111328,-509.252625,-1070.808838,1.0,1084.5814879039515,487.21389997360217
324,0.109375,-509.321045,-1069.233765,1.0,1076.1090759039516,487.53158797360214
325,0.109375,-509.373993,-1067.655762,1.0,1068.4072319039515,504.0717179736021
326,0.111328,-509.411346,-1066.077148,1.0,1055.5366269039514,503.08697697360213
327,0.111328,-509.432831,-1064.481323,1.0,1047.7739319039515,500.35067897360216
328,0.109375,-509.438202,-1062.915283,1.0,1043.6153009039515,501.05856497360213
329,0.109375,-509.429474,-1061.340942,1.0,1036.8560239039516,496.14721897360215
330,0.111328,-509.408386,-1059.765991,1.0,1032.6499689039515,496.59216497360217
331,0.111328,-509.37677,-1058.185303,1.0,1031.6732849039515,494.1860679736021
332,0.109375,-509.337067,-1056.609131,1.0,1024.7993829039515,498.80075297360213
333,0.109375,-509.291229,-1055.047363,1.0,589.8291379039515,427.92230397360214
334,0.109375,-509.240051,-1053.491211,1.0,535.6868649039516,430.25229097360216
335,0.111328,-509.182098,-1051.895386,1.0,376.0943049039515,382.02606397360216
336,0.111328,-509.120087,-1050.31897,1.0,795.7316339039515,457.70425597360213
337,0.109375,-509.054688,-1048.74231,1.0,1008.7961479039516,488.61917297360213
338,0.109375,-508.987762,-1047.181519,1.0,1009.2404229039515,482.60565397360216
339,0.111328,-508.919128,-1045.608887,1.0,1046.9447079039514,495.19897697360216
340,0.109375,-508.84964,-1044.032104,1.0,1086.5723929039514,504.0422689736021
341,0.101562,-508.786011,-1042.597412,1.0,1097.6979429039516,501.84719997360213
342,0.101562,-508.720428,-1041.150635,1.0,1098.9974419039515,503.17443997360215
343,0.105469,-508.646912,-1039.641846,1.0,1105.2395689039515,508.14892797360216
344,0.111328,-508.559052,-1038.052979,1.0,1112.9528869039514,507.1028769736021
345,0.109375,-508.457336,-1036.478882,1.0,1111.1722469039514,520.5505089736021
346,0.109375,-508.339508,-1034.913208,1.0,1114.4411679039517,512.7201559736021
347,0.103516,-508.211639,-1033.42749,1.0,1037.5769709039514,436.7055679736021
348,0.101562,-508.073181,-1031.986206,1.0,1032.2635559039516,431.78543297360216
349,0.111328,-507.903107,-1030.38855,1.0,943.0307669039515,317.57922597360215
350,0.101562,-507.733734,-1028.942383,1.0,953.9214539039515,309.55606297360214
351,0.101562,-507.549194,-1027.497314,1.0,1382.2070369039516,318.08371197360214
352,0.101562,-507.348541,-1026.052979,1.0,1204.3995419039516,430.04126197360216
353,0.101562,-507.127075,-1024.585083,1.0,1094.9676569039516,496.61602997360217
354,0.101562,-506.891571,-1023.137756,1.0,1101.0125179039514,491.20343197360216
355,0.101562,-506.641876,-1021.697998,1.0,1100.3024349039515,488.73187497360215
356,0.101562,-506.377228,-1020.252686,1.0,1089.3599299039515,385.6173119736021
357,0.101562,-506.102722,-1018.822205,1.0,1096.8828179039515,495.8666099736021
358,0.111328,-505.78476,-1017.235779,1.0,1099.0722709039514,487.6363549736021
359,0.103516,-505.47821,-1015.768799,1.0,1174.1589409039516,486.0403769736021
360,0.105469,-505.15271,-1014.272339,1.0,1167.9184629039514,479.91839797360217
361,0.101562,-504.824768,-1012.823608,1.0,1162.2584289039514,423.99740797360215
362,0.101562,-504.48941,-1011.398743,1.0,1162.2584289039514,423.99740797360215
363,0.101562,-504.137543,-1009.959534,1.0,1136.8078669039514,494.99398997360214
364,0.103516,-503.767548,-1008.501404,1.0,1151.7648979039514,492.5411399736021
365,0.107422,-503.365784,-1006.975403,1.0,1163.2617249039517,497.90786897360215
366,0.103516,-502.971649,-1005.53009,1.0,1105.8396049039516,476.75039897360216
367,0.101562,-502.562286,-1004.078674,1.0,1052.0366879039516,455.28683697360214
368,0.103516,-502.139282,-1002.627808,1.0,1049.1348929039514,458.4596879736021
369,0.105469,-501.696045,-1001.158386,1.0,987.7285819039515,389.4317649736021
370,0.105469,-501.230133,-999.667786,1.0,954.8630429039515,332.91888597360213
371,0.103516,-500.76001,-998.21814,1.0,934.5573789039515,309.4656089736021
372,0.105469,-500.268097,-996.760864,1.0,929.4721739039516,309.89404497360215
373,0.101562,-499.76532,-995.333374,1.0,1195.0400449039516,500.46472397360213
374,0.103516,-499.24231,-993.912415,1.0,1197.9339659039515,503.28885097360217
375,0.103516,-498.692047,-992.4823,1.0,1199.3703669039514,505.82083297360214
376,0.105469,-498.111176,-991.039673,1.0,1233.0197809039514,479.52508697360213
377,0.103516,-497.508636,-989.61145,1.0,1405.6557669039516,260.81369197360215
378,0.105469,-496.878906,-988.186829,1.0,1405.5001279039516,261.57064997360214
379,0.105469,-496.218628,-986.76123,1.0,1173.9979309039513,505.60818697360213
380,0.105469,-495.531189,-985.345032,1.0,1175.4748589039514,496.32241997360217
381,0.105469,-494.81311,-983.931824,1.0,1163.8280089039517,490.83474897360213
382,0.103516,-494.082977,-982.556702,1.0,1158.2526909039516,492.72277997360214
383,0.103516,-493.327637,-981.193237,1.0,1128.8183649039515,466.58822797360216
384,0.105469,-492.534821,-979.820862,1.0,925.1865289039515,309.41446097360216
385,0.105469,-491.717896,-978.463379,1.0,922.6298279039515,309.28637897360215
386,0.105469,-490.874176,-977.116516,1.0,924.4741879039515,314.39584497360215
387,0.105469,-490.001312,-975.777405,1.0,924.3156189039515,308.10080197360213
388,0.107422,-489.091217,-974.435608,1.0,925.8602349039516,303.8777179736021
389,0.109375,-488.12677,-973.069458,1.0,924.4267029039515,305.53750797360215
390,0.111328,-487.128998,-971.712158,1.0,1218.6057189039516,490.08804497360217
391,0.111328,-486.08728,-970.350708,1.0,1220.5048889039517,501.66214197360216
392,0.111328,-485.028198,-969.021484,1.0,1206.3579159039514,498.88742297360216
393,0.111328,-483.936279,-967.703857,1.0,1200.3481499039517,496.10275497360215
394,0.101562,-482.923737,-966.527344,1.0,1195.0148979039514,501.18277197360214
395,0.103516,-481.869812,-965.345703,1.0,1199.0058649039515,498.15768597360216
396,0.103516,-480.793671,-964.181702,1.0,1094.5404109039514,467.3300499736021
397,0.103516,-479.696045,-963.035461,1.0,1085.0289359039516,469.3854999736021
398,0.103516,-478.572021,-961.902039,1.0,1080.8415579039515,461.6566179736021
399,0.103516,-477.425201,-960.784973,1.0,1071.0499329039517,455.9398519736021
400,0.105469,-476.261353,-959.688782,1.0,1165.9683899039514,474.80954197360217
401,0.103516,-475.077179,-958.609314,1.0,1165.9542289039514,480.95605697360213
402,0.103516,-473.87207,-957.545898,1.0,1164.5644589039516,477.44510097360217
403,0.103516,-472.655396,-956.505737,1.0,1158.8776909039516,466.16558997360215
404,0.103516,-471.416718,-955.480225,1.0,1157.0022029039515,470.00616697360215
405,0.103516,-470.159882,-954.472778,1.0,1157.6425839039516,468.70553797360213
406,0.105469,-468.887909,-953.485657,1.0,1156.3056699039516,472.78167897360214
407,0.103516,-467.59906,-952.517517,1.0,1163.2902889039515,476.4343589736021
408,0.103516,-466.30304,-951.575623,1.0,1201.1051079039516,522.3061239736021
409,0.113281,-464.852173,-950.557373,1.0,1200.4724179039517,525.3297439736021
410,0.101562,-463.53186,-949.66272,1.0,1197.2915099039515,526.5756249736021
411,0.103516,-462.182739,-948.778687,1.0,1170.7926079039516,453.0997029736021
412,0.107422,-460.741974,-947.867249,1.0,1167.6805479039517,450.75479297360215
413,0.103516,-459.302765,-946.988892,1.0,1171.9099179039517,453.03646997360215
414,0.103516,-457.838226,-946.126038,1.0,1170.8645079039516,449.9620079736021
415,0.101562,-456.346527,-945.278259,1.0,1172.2877249039516,440.3921219736021
416,0.103516,-454.835724,-944.450562,1.0,1176.2813779039516,446.9366779736021
417,0.103516,-453.288422,-943.63501,1.0,1161.0146539039515,492.22888397360214
418,0.105469,-451.70108,-942.831665,1.0,1162.1231749039516,489.79882997360215
419,0.103516,-450.110992,-942.060547,1.0,1164.4112609039516,489.24450897360214
420,0.105469,-448.493591,-941.309814,1.0,1157.9045469039515,481.97528297360213
421,0.105469,-446.847595,-940.579651,1.0,1163.1071829039515,478.73141697360217
422,0.105469,-445.195923,-939.880798,1.0,1162.8079889039514,474.39758497360214
423,0.107422,-443.511566,-939.201416,1.0,1160.4284729039514,469.21344197360213
424,0.109375,-441.778961,-938.536926,1.0,1154.2519589039516,465.91671897360214
425,0.109375,-440.011627,-937.894958,1.0,959.2486019039516,325.46923997360216
426,0.111328,-438.222961,-937.28064,1.0,920.8960019039515,304.01902997360213
427,0.109375,-436.435364,-936.702454,1.0,918.7563529039516,303.22122397360215
428,0.109375,-434.630981,-936.153992,1.0,1117.2315729039515,490.28622597360214
429,0.109375,-432.825592,-935.640381,1.0,1111.8696349039515,489.53756897360216
430,0.113281,-430.943298,-935.141357,1.0,1106.6608939039515,484.96710397360215
431,0.113281,-429.046967,-934.675964,1.0,1144.9071099039516,539.7830219736022
432,0.111328,-427.163177,-934.250122,1.0,1139.4807189039516,538.977204973602
433,0.109375,-425.295654,-933.86322,1.0,1125.0589659039515,531.2195149736021
434,0.111328,-423.393372,-933.505249,1.0,1108.8739069039516,538.2877829736021
435,0.113281,-421.469666,-933.179382,1.0,1098.2519589039516,531.7463699736022
436,0.109375,-419.562897,-932.890564,1.0,1094.8726249039514,535.5991229736021
437,0.115234,-417.598328,-932.625,1.0,1083.0016539039516,537.5238669736021
438,0.113281,-415.622589,-932.38678,1.0,1043.9884089039515,553.5878619736021
439,0.113281,-413.660248,-932.173645,1.0,1031.7929749039515,544.0476089736021
440,0.111328,-411.693298,-931.977478,1.0,1024.3642639039515,503.16339297360213
441,0.111328,-409.751068,-931.796326,1.0,1021.1033379039516,506.8544329736021
442,0.105469,-407.908356,-931.63385,1.0,1017.6509459039515,507.21759197360217
443,0.115234,-405.905182,-931.466675,1.0,1015.9308529039515,505.75128397360214
444,0.111328,-403.929535,-931.311462,1.0,1006.9688169039515,511.06067097360216
445,0.113281,-401.967926,-931.166382,1.0,1457.7712459039517,149.63289797360216
446,0.111328,-400.036072,-931.031616,1.0,1484.0202689039515,126.63768197360214
447,0.109375,-398.122345,-930.905029,1.0,1447.1040099039515,176.43045197360215
448,0.113281,-396.192932,-930.783447,1.0,1278.7056939039517,306.1256429736021
449,0.109375,-394.335968,-930.67157,1.0,1010.3886169039515,522.2330039736021
450,0.107422,-392.501831,-930.565979,1.0,1012.7302909039515,524.0879539736022
451,0.109375,-390.654358,-930.464844,1.0,1007.3401549039515,522.2317519736021
452,0.113281,-388.752594,-930.366516,1.0,999.3441829039515,515.2070639736021
453,0.113281,-386.874329,-930.27533,1.0,1001.4970149039515,519.0302139736021
454,0.113281,-385.00592,-930.190674,1.0,1000.2166199039515,512.1112079736022
455,0.109375,-383.199219,-930.114563,1.0,998.9843199039515,506.8649009736021
456,0.109375,-381.422729,-930.044861,1.0,995.2696589039515,504.43722697360215
457,0.107422,-379.681335,-929.981384,1.0,991.5837459039515,498.93661697360216
458,0.113281,-377.858063,-929.919922,1.0,993.9257869039516,495.68945497360215
459,0.107422,-376.187469,-929.865845,1.0,996.9763849039515,494.86261197360216
460,0.109375,-374.52298,-929.809692,1.0,994.6790829039516,500.6782549736021
461,0.107422,-372.939819,-929.749512,1.0,993.5733089039516,489.20596497360214
462,0.107422,-371.390106,-929.680847,1.0,995.4920099039515,491.2831749736021
463,0.107422,-369.903717,-929.604309,1.0,1000.5706839039515,491.7499409736021
464,0.105469,-368.541199,-929.524597,1.0,1009.2399959039515,485.88092197360214
465,0.103516,-367.253174,-929.441223,1.0,1019.6756649039515,483.2379169736021
466,0.103516,-366.065582,-929.35907,1.0,1034.5482849039515,483.47689997360214
467,0.101562,-364.995728,-929.281311,1.0,1043.1092589039515,483.55951097360213
468,0.107422,-363.964325,-929.203918,1.0,1053.6555839039515,485.84964197360216
469,0.107422,-363.048462,-929.134033,1.0,1059.8978939039516,479.38299797360213
470,0.107422,-362.225342,-929.070618,1.0,1066.6350159039516,477.31689597360213
471,0.105469,-361.499939,-929.014221,1.0,1088.7590389039515,468.4602069736021
472,0.107422,-360.850372,-928.963135,1.0,1103.3312439039514,462.00976797360215
473,0.105469,-360.290161,-928.918396,1.0,1105.0571349039515,451.94540597360213
474,0.109375,-359.808289,-928.879456,1.0,1101.8374689039515,450.86187897360213
475,0.111328,-359.40625,-928.846436,1.0,1025.5651909039516,548.9693319736022
476,0.107422,-359.114075,-928.822632,1.0,1025.7993219039515,544.5919819736021
477,0.107422,-358.904419,-928.805603,1.0,1056.2171689039515,519.2874779736021
478,0.107422,-358.774261,-928.795166,1.0,1098.2846129039515,468.16079897360214
479,0.105469,-358.716858,-928.79071,1.0,1099.9093079039517,467.8615439736021
480,0.107422,-358.713379,-928.79071,1.0,1094.5803889039516,468.53079397360216
481,0.105469,-358.721832,-928.791504,1.0,1094.2292539039515,470.87918297360216
482,0.107422,-358.728821,-928.792114,1.0,1090.2576349039514,471.6749899736021
483,0.109375,-358.730103,-928.792236,1.0,1086.0887509039517,469.84887897360215
484,0.107422,-358.727325,-928.791931,1.0,1078.1018729039515,469.78051997360217
485,0.107422,-358.724457,-928.791748,1.0,1077.5034849039516,469.82870697360215
486,0.105469,-358.723541,-928.791809,1.0,1110.8122619039514,535.1424889736022
487,0.105469,-358.724274,-928.791809,1.0,1108.3957579039516,530.3055739736021
488,0.105469,-358.725342,-928.79187,1.0,1102.6601619039516,532.3104269736021
489,0.107422,-358.725922,-928.791931,1.0,1070.4404349039514,481.11709797360214
490,0.105469,-358.725708,-928.791931,1.0,1073.2771049039516,485.91827597360214
491,0.105469,-358.725311,-928.791931,1.0,1070.4276789039516,485.40506197360213
492,0.103516,-358.725037,-928.79187,1.0,1070.1276909039516,482.16989297360215
493,0.105469,-358.725037,-928.79187,1.0,1226.7291319039514,379.51672597360215
494,0.103516,-358.725128,-928.79187,1.0,1069.7723449039515,461.4857809736021
495,0.103516,-358.72522,-928.79187,1.0,1015.5388239039515,394.54092597360216
496,0.103516,-358.72522,-928.79187,1.0,931.4068659039515,306.13446197360213
497,0.105469,-358.725189,-928.791809,1.0,929.7742979039515,299.54464897360214
498,0.103516,-358.725159,-928.79187,1.0,917.6708429039516,297.0017409736022
499,0.105469,-358.725159,-928.79187,1.0,918.6796929039515,299.7558609736021
500,0.103516,-358.725159,-928.79187,1.0,914.9266419039516,292.24237297360213
501,0.103516,-358.724915,-928.791931,1.0,914.2359679039515,301.3682119736021
502,0.107422,-358.722839,-928.791748,1.0,1088.1733459039515,491.1393759736021
503,0.103516,-358.718506,-928.791382,1.0,1087.2050839039516,496.61242897360216
504,0.105469,-358.711975,-928.790833,1.0,1087.4343929039514,499.36093297360213
505,0.109375,-358.702637,-928.790161,1.0,1087.1460629039516,504.8579429736021
506,0.105469,-358.69162,-928.789246,1.0,1088.9062559039517,512.0824599736021
507,0.103516,-358.678619,-928.788269,1.0,1087.5002499039515,517.2355059736021
508,0.101562,-358.664032,-928.787048,1.0,934.5684869039516,289.66221797360214
509,0.111328,-358.64563,-928.785645,1.0,930.6124939039515,306.5578019736021
510,0.101562,-358.627075,-928.784119,1.0,924.9307309039515,288.42343297360213
511,0.101562,-358.606445,-928.782593,1.0,945.6098079039515,89.60823997360214
512,0.101562,-358.58432,-928.780762,1.0,992.5933899039516,-187.92875502639785
513,0.111328,-358.557495,-928.778687,1.0,992.5933899039516,-187.92875502639785
514,0.111328,-358.528473,-928.776367,1.0,992.5933899039516,-187.92875502639785
515,0.111328,-358.497284,-928.774048,1.0,992.5933899039516,-187.92875502639785
516,0.109375,-358.464508,-928.771362,0.0,82.65320390395152,48.88461497360214
517,0.107422,-358.430237,-928.768677,0.0,82.65320390395152,48.88461497360214
518,0.109375,-358.393585,-928.765747,1.0,1049.3029229039516,507.0364399736021
519,0.109375,-358.354767,-928.762695,1.0,1065.7672179039514,434.3255019736021
520,0.111328,-358.313354,-928.75946,1.0,1050.2833919039515,451.9147049736021
521,0.109375,-358.270477,-928.756104,1.0,1430.5632379039516,169.22212397360215
522,0.109375,-358.225281,-928.752563,1.0,1433.2963919039516,164.24125097360212
523,0.111328,-358.178131,-928.74884,1.0,1230.3255669039513,-185.38000302639787
524,0.101562,-358.132599,-928.745239,1.0,1230.3255669039513,-185.38000302639787
525,0.101562,-358.086517,-928.741577,1.0,1230.3255669039513,-185.38000302639787
526,0.111328,-358.032959,-928.737427,1.0,1230.3255669039513,-185.38000302639787
527,0.111328,-357.977631,-928.733032,1.0,1230.3255669039513,-185.38000302639787
528,0.111328,-357.920929,-928.728699,1.0,1029.5936949039515,404.57159597360214
529,0.111328,-357.861877,-928.723999,1.0,1036.4917049039514,424.0088829736021
530,0.103516,-357.805725,-928.719604,1.0,1036.4917049039514,424.0088829736021
531,0.111328,-357.742798,-928.714722,1.0,1036.4917049039514,424.0088829736021
532,0.101562,-357.684448,-928.710083,1.0,1036.4917049039514,424.0088829736021
533,0.111328,-357.617767,-928.704956,0.0,82.65320390395152,48.88461497360214
534,0.111328,-357.549927,-928.699524,0.0,82.65320390395152,48.88461497360214
535,0.113281,-357.479645,-928.69397,1.0,338.6710569039515,475.16702497360217
536,0.111328,-357.407379,-928.688354,1.0,839.1384949039515,481.79943997360215
537,0.113281,-357.333923,-928.682556,1.0,837.5262509039516,478.3077109736021
538,0.113281,-357.257538,-928.676697,1.0,1146.4309139039515,516.1849079736021
539,0.113281,-357.179413,-928.67041,1.0,1138.6165829039514,526.3002029736022
540,0.111328,-357.100922,-928.664307,1.0,1138.4788879039515,522.4418349736021
541,0.111328,-357.021118,-928.658081,1.0,1104.2498229039516,508.73486497360216
542,0.111328,-356.939178,-928.651611,1.0,1104.0244199039516,508.50753997360215
543,0.101562,-356.862671,-928.645691,1.0,1106.2089899039515,506.7154259736021
544,0.101562,-356.786194,-928.639709,1.0,1103.9633849039515,506.30081397360215
545,0.113281,-356.697998,-928.632812,1.0,1109.1175589039517,498.1868309736021
546,0.101562,-356.618011,-928.626587,1.0,1105.0764219039515,500.15252897360216
547,0.105469,-356.532684,-928.619873,1.0,1023.4295709039516,433.97079697360215
548,0.103516,-356.449158,-928.613281,1.0,1019.0589659039515,431.43249697360216
549,0.101562,-356.363678,-928.606628,1.0,1021.7487239039515,432.8059099736021
550,0.105469,-356.276184,-928.599915,1.0,1020.1097469039515,427.59011997360216
551,0.105469,-356.185028,-928.593018,1.0,1021.4787039039516,432.30072197360215
552,0.109375,-356.091003,-928.586243,1.0,1093.8791559039514,485.78784397360215
553,0.103516,-355.999023,-928.579834,1.0,1093.3452209039515,485.7514969736021
554,0.105469,-355.906067,-928.573486,1.0,1098.5556699039516,494.03250297360216
555,0.103516,-355.812317,-928.567139,1.0,1094.7984069039517,489.28323597360213
556,0.101562,-355.717651,-928.561157,1.0,1097.5758109039516,486.02307297360215
557,0.103516,-355.621552,-928.555176,1.0,1097.8131769039514,485.8490929736021
558,0.105469,-355.523529,-928.549072,1.0,1095.5745299039515,483.26208697360215
559,0.103516,-355.424408,-928.543152,1.0,1093.3104309039516,483.10592797360215
560,0.103516,-355.324097,-928.537231,1.0,1091.2328549039516,485.24646197360215
561,0.105469,-355.222046,-928.530945,1.0,1094.7887019039515,492.27841397360214
562,0.101562,-355.12027,-928.524475,1.0,1093.0493829039515,486.0835589736021
563,0.103516,-355.018158,-928.517822,1.0,892.1737729039515,507.79031597360216
564,0.103516,-354.91391,-928.510803,1.0,873.8296569039516,520.0873129736021
565,0.101562,-354.809448,-928.503784,1.0,922.6342219039515,505.0160849736021
566,0.103516,-354.702789,-928.496765,1.0,1100.8196469039515,479.3035909736021
567,0.101562,-354.596283,-928.489929,1.0,1101.5188659039516,477.7624839736021
568,0.105469,-354.487091,-928.482971,1.0,1099.9122369039515,479.04651097360215
569,0.101562,-354.378113,-928.476074,1.0,1100.3112239039515,476.65603797360217
570,0.101562,-354.268494,-928.468933,1.0,1105.2983459039515,475.43740997360214
571,0.101562,-354.158112,-928.461792,1.0,1101.6420959039515,477.63311997360216
572,0.103516,-354.046295,-928.45459,1.0,1105.6312919039515,473.72808997360215
573,0.101562,-353.933197,-928.447449,1.0,1103.5078179039515,474.01941097360213
574,0.103516,-353.818237,-928.440186,1.0,1104.1594909039516,475.1493239736021
575,0.101562,-353.704071,-928.433105,1.0,1104.1034599039515,469.88916197360214
576,0.113281,-353.575348,-928.42511,1.0,1022.4284119039515,527.3069779736022
577,0.103516,-353.457336,-928.417908,1.0,1021.7377379039515,524.3416159736021
578,0.105469,-353.336304,-928.410522,1.0,1015.6133479039515,426.36529697360214
579,0.101562,-353.217346,-928.40332,1.0,1013.3297179039515,423.41995397360216
580,0.113281,-353.084717,-928.395203,1.0,1011.3512019039515,420.33188097360215
581,0.113281,-352.949829,-928.386841,1.0,1013.8607239039516,420.74133497360214
582,0.101562,-352.829285,-928.379456,1.0,1014.0643369039515,420.11410697360213
583,0.111328,-352.695496,-928.371338,1.0,1013.6749329039516,417.68798997360216
584,0.109375,-352.562653,-928.363342,1.0,995.3037779039515,415.53958297360214
585,0.107422,-352.42926,-928.355347,1.0,996.8378959039516,414.73684897360215
586,0.101562,-352.30481,-928.3479,1.0,1118.0793509039513,452.6565269736021
587,0.105469,-352.174713,-928.340271,1.0,1122.7503719039514,454.82061997360216
588,0.103516,-352.044647,-928.332642,1.0,1122.5847229039514,456.47955497360215
589,0.103516,-351.914368,-928.325012,1.0,1124.8690239039515,457.89944697360215
590,0.101562,-351.785431,-928.317627,1.0,1008.7696589039515,586.1248489736022
591,0.101562,-351.655426,-928.310181,1.0,1013.4029599039516,580.3204059736022
592,0.105469,-351.522064,-928.30249,1.0,1062.7257139039516,508.0083639736021
593,0.103516,-351.387817,-928.294922,1.0,1108.0639709039515,435.7491779736021
594,0.103516,-351.25235,-928.287292,1.0,1106.8757379039516,438.4729939736021
595,0.105469,-351.11557,-928.279602,1.0,1107.0078179039515,432.78421197360217
596,0.103516,-350.977051,-928.271912,1.0,1110.1101129039516,438.6185929736021
597,0.107422,-350.836243,-928.26416,1.0,1089.0003719039514,477.10049597360216
598,0.107422,-350.692474,-928.256226,1.0,1092.0764219039515,481.79898297360216
599,0.111328,-350.544037,-928.248108,1.0,1089.0431579039514,482.72430597360216
600,0.107422,-350.398102,-928.240234,1.0,1042.8535819039516,503.1600669736021
601,0.105469,-350.256653,-928.232788,1.0,989.3346619039515,525.9180009736021
602,0.105469,-350.116486,-928.225342,1.0,990.4581359039515,519.3537619736021
603,0.105469,-349.979431,-928.218262,1.0,1000.6743219039515,515.7143879736021
604,0.105469,-349.844147,-928.211182,1.0,1000.4714409039515,519.070954973602
605,0.107422,-349.712677,-928.204346,1.0,1004.9943909039515,521.5246909736022
606,0.105469,-349.58548,-928.197876,1.0,1029.4927429039515,540.0037249736022
607,0.105469,-349.465057,-928.19165,1.0,1030.5322319039515,542.1139549736022
608,0.105469,-349.351959,-928.186035,1.0,1028.3267879039515,541.3421349736021
609,0.105469,-349.245972,-928.180725,1.0,1028.7058769039515,538.9213279736022
610,0.105469,-349.148285,-928.175781,1.0,1032.4659479039515,538.051637973602
611,0.105469,-349.05954,-928.171509,1.0,1034.1705989039515,537.2881789736022
612,0.107422,-348.979828,-928.167542,1.0,1072.3768369039515,507.19961697360213
613,0.105469,-348.910858,-928.164124,1.0,1100.8225159039516,470.62985397360217
614,0.103516,-348.852692,-928.161255,1.0,1097.2246149039515,472.23309497360214
615,0.103516,-348.806366,-928.158936,1.0,1099.1434989039515,473.23614697360216
616,0.105469,-348.773376,-928.15741,1.0,1093.3062189039515,476.93133697360213
617,0.105469,-348.754883,-928.156433,1.0,1092.4812069039515,475.4603599736021
618,0.105469,-348.746277,-928.156067,1.0,1095.8616999039514,479.88955897360216
619,0.105469,-348.738617,-928.155823,1.0,1093.2244319039514,483.1755089736021
620,0.103516,-348.728394,-928.155212,1.0,1062.2302909039515,478.35968197360216
621,0.103516,-348.715332,-928.15448,1.0,575.6046199039515,-145.87847702639786
622,0.105469,-348.699524,-928.15387,1.0,1073.8353939039516,516.0959489736022
623,0.103516,-348.681824,-928.152954,1.0,1066.8634089039515,516.4031699736022
624,0.103516,-348.662445,-928.151917,1.0,1062.4165099039515,512.7175619736022
625,0.111328,-348.640076,-928.15094,1.0,1058.3041439039516,513.6458449736022
626,0.103516,-348.616547,-928.149841,1.0,1062.3096369039515,508.40493997360215
627,0.105469,-348.59082,-928.148499,1.0,1059.8230649039515,511.5570389736021
628,0.105469,-348.56311,-928.147278,1.0,1060.3397879039517,510.8502219736021
629,0.105469,-348.533417,-928.145813,1.0,1057.7597099039515,505.9641439736021
630,0.103516,-348.50174,-928.144165,1.0,1054.7309629039514,508.56582797360215
631,0.105469,-348.467651,-928.142639,1.0,1082.8791559039514,512.4278279736021
632,0.103516,-348.43158,-928.14093,1.0,1083.2137509039517,515.8602009736021
633,0.105469,-348.391907,-928.139038,1.0,1080.2896789039514,515.4952719736021
634,0.105469,-348.347168,-928.136902,1.0,1055.6492369039515,523.6274129736021
635,0.103516,-348.296295,-928.13446,1.0,1019.6939139039515,532.5130629736021
636,0.103516,-348.236115,-928.131714,1.0,1022.4445249039516,529.642640973602
637,0.101562,-348.161133,-928.128113,1.0,1017.5336969039515,530.3595299736021
638,0.103516,-348.064484,-928.123596,1.0,1018.3328919039516,527.4242269736021
639,0.105469,-347.937958,-928.117737,1.0,1022.4870049039515,521.9817519736021
640,0.105469,-347.77713,-928.110291,1.0,1020.4307919039516,517.1075459736021
641,0.107422,-347.581024,-928.101379,1.0,1015.4417779039516,505.73745897360214
642,0.105469,-347.350037,-928.091003,1.0,1006.8075619039515,496.76172097360217
643,0.107422,-347.078796,-928.079285,1.0,1003.8679869039515,492.5460529736021
644,0.105469,-346.776978,-928.066589,1.0,1004.2259579039516,488.60186997360216
645,0.105469,-346.436737,-928.052917,1.0,1087.5709899039516,510.81237997360216
646,0.103516,-346.063507,-928.038635,1.0,1089.1097469039514,513.0328079736021
647,0.111328,-345.626831,-928.022827,1.0,1089.7740539039514,511.74276897360215
648,0.105469,-345.180695,-928.00769,1.0,1087.4404959039516,520.3917559736021
649,0.105469,-344.698914,-927.992432,1.0,1047.1663269039514,514.2998069736021
650,0.105469,-344.191376,-927.9776,1.0,1013.7091729039515,508.4983229736021
651,0.105469,-343.644012,-927.962891,1.0,1011.1613219039515,506.8242819736021
652,0.105469,-343.0737,-927.949158,1.0,1009.4509329039515,501.1540549736021
653,0.103516,-342.48053,-927.93634,1.0,997.8320979039515,498.78851497360216
654,0.105469,-341.861877,-927.924744,1.0,987.0522519039515,495.43731897360215
655,0.103516,-341.220276,-927.914368,1.0,986.3255059039515,497.0050979736021
656,0.105469,-340.554108,-927.905151,1.0,986.5575619039515,489.1259789736021
657,0.105469,-339.864014,-927.896667,1.0,988.5463309039516,498.92587497360216
658,0.105469,-339.154297,-927.889282,1.0,987.5238089039515,496.91180597360216
659,0.107422,-338.408386,-927.882507,1.0,981.4069879039515,494.60849197360216
660,0.103516,-337.669586,-927.876953,1.0,980.5018369039515,493.3151879736021
661,0.103516,-336.911987,-927.872437,1.0,1053.1240899039515,483.58764797360215
662,0.103516,-336.141479,-927.86908,1.0,1061.7755789039516,486.32632597360214
663,0.103516,-335.345947,-927.866943,1.0,1064.1732239039516,488.1391929736021
664,0.107422,-334.494751,-927.866272,1.0,1010.3549249039515,495.76117097360213
665,0.107422,-333.64682,-927.867249,1.0,1007.7479919039515,493.49456997360215
666,0.103516,-332.783112,-927.869873,1.0,975.7475639039516,485.8952959736021
667,0.105469,-331.906433,-927.874207,1.0,972.8197079039516,482.8446369736021
668,0.103516,-331.022125,-927.880249,1.0,970.6751769039515,475.0482809736021
669,0.103516,-330.120819,-927.888184,1.0,963.2499449039515,482.63125797360215
670,0.103516,-329.2005,-927.898254,1.0,965.3343559039515,476.44626097360214
671,0.103516,-328.266357,-927.910095,1.0,968.6747489039515,475.81411897360215
672,0.105469,-327.307465,-927.924316,1.0,964.2691099039515,469.77383597360216
673,0.107422,-326.304443,-927.941284,1.0,1020.8067069039515,478.68475497360214
674,0.105469,-325.312775,-927.960022,1.0,1020.9362239039515,473.45626997360216
675,0.103516,-324.317352,-927.981018,1.0,966.3067069039515,468.98184397360217
676,0.103516,-323.28891,-928.004822,1.0,964.6066949039515,462.8792439736021
677,0.105469,-322.208313,-928.032166,1.0,966.7450009039516,459.3743309736021
678,0.105469,-321.079468,-928.062927,1.0,962.0969909039516,454.5600299736021
679,0.105469,-319.897064,-928.097351,1.0,959.4318909039515,448.2191179736021
680,0.105469,-318.671753,-928.135559,1.0,954.6912899039515,445.16137897360215
681,0.105469,-317.407166,-928.17749,1.0,956.3892269039516,441.46795897360215
682,0.105469,-316.137268,-928.221985,1.0,951.9293269039515,440.57647897360215
683,0.103516,-314.884277,-928.267395,1.0,970.1282409039516,509.8503129736021
684,0.101562,-313.648651,-928.312805,1.0,967.9329279039515,514.0014059736021
685,0.101562,-312.409943,-928.358154,1.0,969.2897399039515,513.6075459736021
686,0.101562,-311.191925,-928.401917,1.0,967.7614799039516,511.2882399736021
687,0.101562,-309.9599,-928.443848,1.0,923.4378719039515,403.28653197360217
688,0.111328,-308.616608,-928.48645,1.0,930.2926689039515,395.27044897360213
689,0.101562,-307.417175,-928.521118,1.0,929.4091239039515,392.97769397360213
690,0.101562,-306.21698,-928.552673,1.0,959.3051209039515,501.5403769736021
691,0.101562,-305.026093,-928.581177,1.0,959.5509699039516,514.5093709736021
692,0.101562,-303.841888,-928.606384,1.0,959.1986749039515,509.48272897360215
693,0.101562,-302.651672,-928.628418,1.0,964.8608459039515,512.5105309736022
694,0.103516,-301.467743,-928.646667,1.0,944.8955139039515,478.04907397360216
695,0.111328,-300.188934,-928.662109,1.0,927.4824889039515,411.29342797360215
696,0.105469,-298.982086,-928.672668,1.0,931.0377249039515,408.4194049736021
697,0.105469,-297.78476,-928.679871,1.0,928.6159729039515,404.69848797360214
698,0.103516,-296.605652,-928.684875,1.0,930.5466369039515,401.75885197360213
699,0.103516,-295.439972,-928.68866,1.0,954.6619929039515,484.9941119736021
700,0.103516,-294.276489,-928.691833,1.0,960.4180969039516,514.6296709736021
701,0.103516,-293.113525,-928.694336,1.0,965.3249569039515,510.01825097360216
702,0.109375,-291.867157,-928.69635,1.0,963.9443419039516,514.0416579736021
703,0.113281,-290.594391,-928.697144,1.0,962.5319879039515,512.0789809736021
704,0.107422,-289.39267,-928.696533,1.0,923.2200989039516,296.42146497360216
705,0.107422,-288.162903,-928.694275,1.0,921.1076109039515,279.85214397360215
706,0.109375,-286.927612,-928.690674,1.0,961.4411679039515,421.90426797360215
707,0.109375,-285.688965,-928.685669,1.0,963.8864189039515,489.20645297360215
708,0.111328,-284.430756,-928.679138,1.0,961.5635429039515,491.10516597360214
709,0.107422,-283.200073,-928.671753,1.0,1278.9744929039516,590.949067973602
710,0.107422,-281.975006,-928.663208,1.0,1522.4736389039517,666.3711259736021
711,0.105469,-280.763763,-928.653625,1.0,1541.2304749039517,668.3476889736021
712,0.107422,-279.547272,-928.642883,1.0,1565.4425109039516,675.4170859736021
713,0.107422,-278.313263,-928.630981,1.0,1558.0188049039516,672.3398149736022
714,0.109375,-277.063721,-928.617737,1.0,1549.7970029039516,676.3738729736021
715,0.111328,-275.787537,-928.603516,1.0,1405.8216609039514,642.3800979736022
716,0.111328,-274.510681,-928.588501,1.0,952.9075989039516,472.2007469736021
717,0.111328,-273.22641,-928.572754,1.0,954.5432799039515,469.61728097360213
718,0.111328,-271.94696,-928.556458,1.0,983.7999329039516,540.7861039736022
719,0.111328,-270.670441,-928.539429,1.0,985.8300229039515,532.6223469736021
720,0.101562,-269.500671,-928.523193,1.0,988.9879819039515,535.2089559736021
721,0.111328,-268.208679,-928.504517,1.0,988.5786799039515,534.2476519736022
722,0.109375,-266.933502,-928.485291,1.0,986.6922659039515,531.1752949736021
723,0.109375,-265.673157,-928.465637,1.0,988.2031919039515,533.9790969736022
724,0.107422,-264.426422,-928.445435,1.0,974.5156919039515,553.4678359736022
725,0.105469,-263.171143,-928.424438,1.0,973.4837699039515,554.0224629736022
726,0.109375,-261.883942,-928.402161,1.0,975.0875909039515,555.2633689736022
727,0.107422,-260.614594,-928.379456,1.0,978.5172179039515,551.0791949736022
728,0.109375,-259.336273,-928.356323,1.0,972.1493589039516,481.36190997360217
729,0.107422,-258.053558,-928.333069,1.0,972.5386409039515,436.96222097360214
730,0.105469,-256.794983,-928.310242,1.0,970.9127249039515,451.89962997360215
731,0.105469,-255.520981,-928.287781,1.0,971.5602469039516,531.7376729736021
732,0.105469,-254.257675,-928.266724,1.0,970.1707209039515,529.8939529736022
733,0.103516,-252.99733,-928.247009,1.0,967.5417539039515,530.7290669736021
734,0.105469,-251.732498,-928.228821,1.0,971.6588799039515,522.6522539736021
735,0.107422,-250.431076,-928.211609,1.0,971.6485649039515,524.6997399736022
736,0.105469,-249.14093,-928.19635,1.0,970.4429379039515,527.3302329736022
737,0.109375,-247.792358,-928.182312,1.0,968.5698909039515,524.3614829736022
738,0.109375,-246.463806,-928.170044,1.0,967.7772269039515,528.9635639736022
739,0.107422,-245.131744,-928.159485,1.0,966.8598689039516,523.8242819736022
740,0.111328,-243.767944,-928.150574,1.0,968.3383239039515,526.6098039736021
741,0.115234,-242.332047,-928.143188,1.0,968.3947199039516,523.3617879736021
742,0.111328,-240.953827,-928.137878,1.0,965.8544979039515,520.5490739736022
743,0.109375,-239.588745,-928.13385,1.0,963.5924129039515,520.7682819736021
744,0.111328,-238.203659,-928.130798,1.0,963.0217949039516,517.3639239736021
745,0.109375,-236.821091,-928.12854,1.0,963.1596129039515,523.9715289736021
746,0.109375,-235.441422,-928.12677,1.0,960.9346369039515,527.4075029736022
747,0.109375,-234.059982,-928.125671,1.0,781.0513359039516,263.47018597360216
748,0.111328,-232.667191,-928.125122,1.0,977.7592829039515,505.73779497360215
749,0.109375,-231.281265,-928.125366,1.0,982.6968439039515,501.27951197360215
750,0.111328,-229.865997,-928.126343,1.0,972.8155579039516,507.69281197360215
751,0.109375,-228.465073,-928.128235,1.0,963.8098199039515,516.2678239736022
752,0.111328,-227.04834,-928.130798,1.0,964.3781799039515,518.5113549736021
753,0.109375,-225.667313,-928.134155,1.0,948.1475889039515,450.32547197360213
754,0.109375,-224.297089,-928.138062,1.0,930.9035089039515,299.42019797360217
755,0.107422,-222.946289,-928.142456,1.0,931.3690849039515,358.13220397360215
756,0.109375,-221.60257,-928.147583,1.0,958.6103569039515,518.7654439736021
757,0.109375,-220.279312,-928.153198,1.0,960.6247619039515,517.1595169736022
758,0.109375,-218.958023,-928.159363,1.0,956.1978819039515,515.7626969736021
759,0.107422,-217.654297,-928.165955,1.0,957.5957089039515,517.1087969736021
760,0.107422,-216.375366,-928.172607,1.0,960.6772519039515,512.0308859736022
761,0.111328,-215.078415,-928.179443,1.0,958.6593079039516,512.9265769736021
762,0.109375,-213.804688,-928.186157,1.0,957.6149959039515,519.3573629736022
763,0.109375,-212.547043,-928.192932,1.0,975.7616019039515,498.72476397360214
764,0.105469,-211.32933,-928.199463,1.0,1401.2995659039516,142.49670597360216
765,0.107422,-210.112625,-928.206238,1.0,1424.4360409039514,156.21418197360214
766,0.113281,-208.831528,-928.213562,1.0,1442.7366999039514,171.44154597360216
767,0.113281,-207.578659,-928.220703,1.0,998.9668029039515,511.1869219736021
768,0.109375,-206.375626,-928.227844,1.0,1001.8760429039515,507.14587597360213
769,0.107422,-205.195587,-928.235107,1.0,1000.9058289039515,504.50180297360214
770,0.107422,-204.033432,-928.242371,1.0,968.5241149039515,509.4904189736021
771,0.109375,-202.860138,-928.249756,1.0,967.0806329039515,513.4862079736022
772,0.111328,-201.68161,-928.257202,1.0,964.2423149039515,509.27075397360215
773,0.111328,-200.508469,-928.264648,1.0,963.9360409039515,512.6753249736021
774,0.111328,-199.349075,-928.272095,1.0,942.5310729039516,414.53238097360213
775,0.111328,-198.208755,-928.279602,1.0,923.8064629039516,297.88546897360214
776,0.109375,-197.081055,-928.286926,1.0,921.1522879039516,301.9318869736021
777,0.107422,-195.985489,-928.294189,1.0,957.2042899039516,412.03997997360216
778,0.109375,-194.90004,-928.301453,1.0,972.5746519039516,490.67761397360215
779,0.107422,-193.814774,-928.308594,1.0,972.4181579039515,491.52951197360215
780,0.113281,-192.714157,-928.315735,1.0,957.8296569039516,443.0075089736021
781,0.109375,-191.639954,-928.322998,1.0,927.3883109039515,294.3444839736021
782,0.107422,-190.601898,-928.329956,1.0,925.9510559039516,292.9021169736021
783,0.109375,-189.556152,-928.337036,1.0,928.4611259039515,294.4923119736021
784,0.111328,-188.495438,-928.34436,1.0,924.0532889039515,294.56762897360215
785,0.109375,-187.459152,-928.351746,1.0,926.5571959039515,301.00340497360213
786,0.109375,-186.441467,-928.359009,1.0,926.8655449039516,302.4412709736022
787,0.105469,-185.480255,-928.366089,1.0,970.6458799039515,469.83065997360217
788,0.109375,-184.466766,-928.373474,1.0,966.3007869039516,468.61288597360215
789,0.113281,-183.444016,-928.38092,1.0,967.0175839039515,465.6970539736021
790,0.109375,-182.46196,-928.388,1.0,919.3324639039515,298.45829997360215
791,0.109375,-181.495224,-928.395142,1.0,922.1393489039515,296.42376897360214
792,0.109375,-180.526871,-928.402161,1.0,918.3311829039516,296.1360039736021
793,0.111328,-179.55896,-928.409302,1.0,920.8505919039516,292.6767899736021
794,0.103516,-178.674423,-928.415894,1.0,918.1709039039515,296.7185839736021
795,0.101562,-177.805939,-928.422424,1.0,916.8104919039515,294.45463797360213
796,0.109375,-176.890045,-928.429443,1.0,917.3234309039515,290.55397197360213
797,0.111328,-176.01358,-928.436096,1.0,916.0954039039515,289.1597459736021
798,0.111328,-175.208191,-928.4422,1.0,917.3246519039516,292.77002097360213
799,0.109375,-174.469482,-928.447998,1.0,918.4251769039515,291.0660879736022
800,0.111328,-173.797134,-928.453064,1.0,917.5801449039516,290.64308397360213
801,0.111328,-173.18486,-928.457764,1.0,915.7362729039515,291.30105797360216
802,0.109375,-172.617844,-928.462219,1.0,937.6478329039516,374.2647109736021
803,0.111328,-172.088257,-928.46637,1.0,963.4829159039515,467.73022697360216
804,0.111328,-171.610825,-928.470093,1.0,956.4522149039515,469.75445797360214
805,0.113281,-171.193817,-928.473328,1.0,954.1093199039515,467.0897539736021
806,0.113281,-170.835632,-928.476196,1.0,957.2700859039516,455.44394097360214
807,0.111328,-170.538086,-928.478577,1.0,921.8201349039515,296.06776597360215
808,0.113281,-170.252304,-928.481079,1.0,921.1020569039515,293.7786269736022
809,0.113281,-169.961929,-928.483398,1.0,922.4351859039515,291.15915097360215
810,0.111328,-169.67308,-928.485718,1.0,920.8679259039516,286.2406639736022
811,0.101562,-169.410065,-928.487915,1.0,918.5343079039516,282.8029189736021
812,0.113281,-169.123016,-928.490417,1.0,964.6795099039515,421.00103997360213
813,0.111328,-168.838425,-928.492737,1.0,966.9009459039515,420.93911897360215
814,0.111328,-168.559525,-928.494995,1.0,924.2880309039515,296.62297297360215
815,0.113281,-168.276199,-928.497559,1.0,923.0553649039515,295.23133997360213
816,0.113281,-167.99086,-928.499939,1.0,923.1619929039515,293.7598899736021
817,0.113281,-167.703186,-928.50238,1.0,927.8887999039515,303.22021697360213
818,0.115234,-167.417145,-928.504822,1.0,996.8006039039515,422.53741697360215
819,0.101562,-167.161102,-928.506958,1.0,1004.0656799039515,421.66497997360216
820,0.101562,-166.911758,-928.509216,1.0,995.3104919039515,420.85293797360214
821,0.101562,-166.659729,-928.511414,1.0,1004.7423149039515,417.4815689736021
822,0.101562,-166.406418,-928.513489,1.0,1006.2910209039516,418.06363097360213
823,0.101562,-166.155136,-928.515747,1.0,1004.6460019039515,415.93939397360214
824,0.103516,-165.89888,-928.517944,1.0,1003.8826349039515,414.53262497360214
825,0.103516,-165.644974,-928.520081,1.0,1009.0331479039515,422.57449497360216
826,0.101562,-165.394958,-928.522217,1.0,1009.3271539039515,428.06302097360214
827,0.101562,-165.144119,-928.524475,1.0,1006.9258479039515,446.72790697360216
828,0.103516,-164.894089,-928.526611,1.0,1009.2866879039515,435.00238197360216
829,0.105469,-164.634827,-928.52887,1.0,1018.7946829039515,424.2435929736021
830,0.101562,-164.387451,-928.531067,1.0,928.6505789039516,202.27609397360214
831,0.101562,-164.140564,-928.533264,1.0,1014.3164119039516,421.68130697360215
832,0.103516,-163.889587,-928.535461,1.0,1008.3668269039515,437.1769729736021
833,0.109375,-163.621902,-928.537842,1.0,1008.6025449039515,434.39715797360213
834,0.105469,-163.366974,-928.540039,1.0,1008.5955869039515,431.96450997360216
835,0.103516,-163.115814,-928.542236,1.0,1458.9433649039515,637.3503129736021
836,0.103516,-162.864914,-928.544495,1.0,1450.6076719039515,636.9026199736022
837,0.105469,-162.615158,-928.546753,1.0,1450.8898979039514,636.4535239736022
838,0.103516,-162.366501,-928.54895,1.0,1321.4160209039514,571.446504973602
839,0.105469,-162.112885,-928.551208,1.0,978.1431329039515,404.24664497360214
840,0.105469,-161.85704,-928.553528,1.0,982.6574149039516,400.27508697360213
841,0.105469,-161.607681,-928.555725,1.0,977.4314629039516,395.98596397360217
842,0.103516,-161.360855,-928.557922,1.0,973.7900449039515,388.76733597360214
843,0.103516,-161.112778,-928.560059,1.0,974.6488709039515,385.83825897360214
844,0.103516,-160.863251,-928.562378,1.0,971.4598449039515,388.30914497360214
845,0.105469,-160.612442,-928.564575,1.0,974.1847589039515,384.35644697360215
846,0.105469,-160.36499,-928.566772,1.0,975.3770809039515,383.08685497360216
847,0.103516,-160.118484,-928.56897,1.0,973.9381769039516,381.49005297360213
848,0.105469,-159.868713,-928.571289,1.0,972.6719419039515,386.51663397360215
849,0.105469,-159.620758,-928.573486,1.0,974.5579279039515,383.5237139736021
850,0.103516,-159.373596,-928.575745,1.0,972.4149229039515,384.9433609736021
851,0.103516,-159.132645,-928.578003,1.0,973.7191219039515,381.34140197360216
852,0.105469,-158.893051,-928.579956,1.0,976.4878599039515,383.7379169736021
853,0.103516,-158.666077,-928.581848,1.0,930.6505789039516,299.5787679736021
854,0.103516,-158.46022,-928.583618,1.0,928.3134209039515,302.2176529736021
855,0.103516,-158.277863,-928.585144,1.0,929.8633479039515,305.88818597360216
856,0.105469,-158.122726,-928.586487,1.0,931.9830989039515,304.66908497360214
857,0.101562,-158.000443,-928.587463,1.0,930.4439749039515,302.49968197360215
858,0.103516,-157.91095,-928.588318,1.0,930.0321709039515,302.5667439736021
859,0.107422,-157.85582,-928.588745,1.0,928.7437799039516,299.48925997360215
860,0.103516,-157.842072,-928.588867,1.0,927.9866389039515,298.02494997360213
861,0.103516,-157.844742,-928.588867,1.0,929.5939389039515,298.39579997360215
862,0.103516,-157.850037,-928.588806,1.0,922.6564389039515,283.15951697360214
863,0.103516,-157.853119,-928.588806,1.0,902.2856499039515,7.687905973602142
864,0.103516,-157.852951,-928.588806,1.0,902.2856499039515,7.687905973602142
865,0.105469,-157.851105,-928.588806,1.0,902.2856499039515,7.687905973602142
866,0.101562,-157.849579,-928.588867,1.0,902.2856499039515,7.687905973602142
867,0.103516,-157.849243,-928.588867,1.0,902.2856499039515,7.687905973602142
868,0.101562,-157.849777,-928.588867,0.0,82.65320390395152,48.88461497360214
869,0.103516,-157.850449,-928.588806,0.0,82.65320390395152,48.88461497360214
870,0.103516,-157.850723,-928.588806,0.0,82.65320390395152,48.88461497360214
871,0.103516,-157.850555,-928.588806,0.0,82.65320390395152,48.88461497360214
872,0.105469,-157.850311,-928.588867,1.0,960.6663269039515,364.24585197360216
873,0.103516,-157.850128,-928.588806,1.0,948.2042289039515,371.4549579736021
874,0.101562,-157.850159,-928.588867,1.0,947.2391419039516,364.12298797360216
875,0.103516,-157.850281,-928.588867,1.0,941.7908989039515,337.07525797360216
876,0.103516,-157.850342,-928.588867,1.0,930.7773499039515,308.11743397360215
877,0.103516,-157.850342,-928.588928,1.0,929.2255309039515,309.94702297360215
878,0.105469,-157.850327,-928.588806,1.0,925.9413509039515,304.16691797360215
879,0.103516,-157.850311,-928.588867,1.0,925.6388609039515,297.35568397360214
880,0.105469,-157.850296,-928.588867,1.0,924.1428279039516,299.3546159736021
881,0.109375,-157.850311,-928.588867,1.0,925.9530699039515,300.94244597360216
882,0.107422,-157.849945,-928.588806,1.0,930.7567199039515,299.79997397360216
883,0.107422,-157.84761,-928.588806,1.0,927.0758719039516,298.4632739736021
884,0.105469,-157.842972,-928.588806,1.0,928.4300589039515,300.18939397360214
885,0.105469,-157.83606,-928.588806,1.0,963.2601989039515,489.69317797360213
886,0.103516,-157.827072,-928.588745,1.0,963.3432669039515,531.2689529736022
887,0.103516,-157.815903,-928.588806,1.0,960.4264579039515,524.9305739736021
888,0.105469,-157.802628,-928.588867,1.0,958.6803649039515,530.2822289736021
889,0.103516,-157.787292,-928.588806,1.0,961.6082209039515,530.8944419736022
890,0.103516,-157.770203,-928.588806,1.0,956.2487239039515,516.2371849736021
891,0.103516,-157.750778,-928.589111,1.0,950.5214899039515,498.32028397360216
892,0.105469,-157.729416,-928.589417,1.0,949.3316099039515,492.18676997360217
893,0.105469,-157.705872,-928.589722,1.0,952.0564629039516,494.7258319736021
894,0.103516,-157.680664,-928.590088,1.0,954.1158499039515,494.33654997360213
895,0.103516,-157.653625,-928.590332,1.0,959.1937919039515,493.4504109736021
896,0.103516,-157.624344,-928.590698,1.0,1426.0456599039517,225.42718697360215
897,0.103516,-157.593552,-928.590942,1.0,1423.1721249039515,216.71339597360213
898,0.101562,-157.561356,-928.591309,1.0,1440.9354309039513,205.73365997360213
899,0.101562,-157.527191,-928.591614,1.0,1444.5567679039514,182.61917297360213
900,0.105469,-157.490189,-928.591919,1.0,969.4310359039515,457.15384097360214
901,0.105469,-157.45163,-928.592285,1.0,972.2432309039515,455.2107869736021
902,0.103516,-157.411194,-928.59259,1.0,978.1161559039515,459.68148997360214
903,0.103516,-157.36908,-928.592896,1.0,967.2279719039515,453.24072497360214
904,0.105469,-157.324707,-928.593262,1.0,909.4704039039515,303.62335397360215
905,0.105469,-157.278671,-928.593567,1.0,911.3109799039515,299.4435439736021
906,0.105469,-157.230698,-928.593872,1.0,916.7203429039515,292.7515889736021
907,0.105469,-157.180298,-928.594177,1.0,915.5364439039515,292.83743497360217
908,0.105469,-157.129211,-928.594482,1.0,912.5902769039516,292.4851549736021
909,0.103516,-157.07634,-928.594849,1.0,915.8334409039516,289.6733269736021
910,0.105469,-157.02121,-928.595154,1.0,913.1437439039515,298.01863297360217
911,0.103516,-156.965317,-928.595703,1.0,914.3723809039515,297.9609699736021
912,0.105469,-156.906784,-928.596313,1.0,916.8676209039515,291.8254109736022
913,0.103516,-156.845474,-928.596985,1.0,968.6678519039515,514.2675189736021
914,0.105469,-156.78038,-928.597656,1.0,968.9382989039515,523.7994099736022
915,0.103516,-156.710968,-928.598267,1.0,968.3338069039515,533.1710529736022
916,0.103516,-156.632645,-928.598877,1.0,967.5259459039515,528.7081929736021
917,0.103516,-156.540909,-928.59967,1.0,966.3986259039515,527.8139969736021
918,0.105469,-156.430237,-928.600586,1.0,985.6032159039515,539.0149859736022
919,0.103516,-156.295441,-928.601807,1.0,1002.5601249039515,552.4694229736021
920,0.103516,-156.125885,-928.603271,1.0,1003.8750669039515,553.2146629736021
921,0.103516,-155.920502,-928.60498,1.0,999.9658259039516,550.4965529736021
922,0.101562,-155.679688,-928.607117,1.0,998.9505669039515,551.6604939736021
923,0.101562,-155.396713,-928.609619,1.0,1000.4617369039515,557.0662559736022
924,0.103516,-155.065247,-928.612549,1.0,1003.1856139039515,558.4384789736021
925,0.107422,-154.675995,-928.615967,1.0,1000.8103699039515,554.6229569736022
926,0.105469,-154.248764,-928.61969,1.0,979.7028259039515,516.8567219736021
927,0.103516,-153.782043,-928.623779,1.0,951.3523009039516,486.63903997360217
928,0.103516,-153.272217,-928.628174,1.0,950.1620539039516,484.33856397360216
929,0.109375,-152.686722,-928.633301,1.0,947.9709529039516,492.53698897360215
930,0.107422,-152.071899,-928.638733,1.0,865.0606749039515,480.19986197360214
931,0.105469,-151.417709,-928.644409,1.0,334.2871459039515,385.7113059736021
932,0.105469,-150.72702,-928.650513,1.0,791.0137999039515,487.83480997360215
933,0.103516,-150.01886,-928.656677,1.0,1000.3869079039515,522.7011129736022
934,0.103516,-149.29158,-928.663147,1.0,1000.2276059039515,527.7716689736021
935,0.101562,-148.544373,-928.669312,1.0,998.4221859039516,534.2926349736022
936,0.103516,-147.754623,-928.675659,1.0,1006.5584769039515,554.8555009736021
937,0.109375,-146.904358,-928.682312,1.0,1013.1962949039515,568.1565879736022
938,0.103516,-146.060165,-928.688721,1.0,1013.5778869039515,573.6871659736021
939,0.105469,-145.195572,-928.694702,1.0,1016.2759459039515,572.9755569736021
940,0.115234,-144.206665,-928.701416,1.0,1017.4032039039515,572.9329549736021
941,0.103516,-143.294327,-928.70752,1.0,1020.8457089039515,576.9918539736022
942,0.103516,-142.380692,-928.713135,1.0,918.0070249039516,317.0490439736021
943,0.101562,-141.441101,-928.71875,1.0,914.1134089039515,308.71365597360216
944,0.103516,-140.475052,-928.724243,1.0,914.0926569039515,305.5274979736021
945,0.103516,-139.482971,-928.729553,1.0,912.5169739039516,308.22473297360216
946,0.103516,-138.45697,-928.734619,1.0,980.8090269039516,520.4732379736022
947,0.101562,-137.411575,-928.739624,1.0,984.6859799039515,525.6893029736021
948,0.101562,-136.31282,-928.744324,1.0,985.9204159039515,526.8416459736021
949,0.103516,-135.180191,-928.748962,1.0,915.4146179039515,321.86410697360213
950,0.115234,-133.844376,-928.753967,1.0,906.5106869039515,290.39593697360215
951,0.101562,-132.627716,-928.758179,1.0,907.0292419039515,295.81410397360213
952,0.101562,-131.427734,-928.761841,1.0,924.7839409039515,308.9576129736021
953,0.101562,-130.238052,-928.765076,1.0,926.2275449039515,307.6857319736021
954,0.103516,-129.015106,-928.767883,1.0,922.9639339039516,305.82037497360216
955,0.107422,-127.782875,-928.770264,1.0,922.8353329039516,307.06186097360217
956,0.105469,-126.59111,-928.772034,1.0,923.6369079039515,310.15307797360214
957,0.103516,-125.399864,-928.773254,1.0,926.7050839039515,303.14796597360214
958,0.103516,-124.223885,-928.774109,1.0,927.4611259039515,305.16659697360217
959,0.101562,-123.083611,-928.774597,1.0,970.3109799039515,509.41424797360213
960,0.101562,-121.956139,-928.774658,1.0,969.3683529039515,511.54547297360216
961,0.101562,-120.800423,-928.774292,1.0,972.3375909039515,511.13211297360215
962,0.113281,-119.534554,-928.773499,1.0,958.6409969039515,452.8233359736021
963,0.113281,-118.270973,-928.772217,1.0,926.4125419039515,294.0733199736021
964,0.101562,-117.130714,-928.770508,1.0,923.6916559039515,290.8343679736021
965,0.103516,-115.971077,-928.768433,1.0,924.6859799039515,286.68589997360215
966,0.103516,-114.807686,-928.765808,1.0,968.8090879039515,448.47998197360215
967,0.103516,-113.646454,-928.762878,1.0,982.8301449039516,536.8132649736021
968,0.113281,-112.351784,-928.759094,1.0,982.4231619039515,542.7319359736022
969,0.101562,-111.208755,-928.75531,1.0,984.5905209039515,530.6747759736022
970,0.103516,-110.036476,-928.751099,1.0,979.2888239039515,531.4641439736022
971,0.101562,-108.873596,-928.74646,1.0,982.9952449039515,524.9831869736022
972,0.115234,-107.551483,-928.740662,1.0,984.7606259039516,534.5897539736021
973,0.113281,-106.238441,-928.734375,1.0,980.5169119039515,526.8333759736022
974,0.113281,-104.920898,-928.727539,1.0,978.1281189039515,531.5796829736021
975,0.111328,-103.613075,-928.720276,1.0,926.0422419039515,305.79327597360214
976,0.109375,-102.331909,-928.712646,1.0,923.0170349039515,263.6670249736021
977,0.105469,-101.09967,-928.704773,1.0,921.5923519039516,269.1065539736021
978,0.101562,-99.897438,-928.696655,1.0,921.6959289039515,296.62794697360215
979,0.101562,-98.667412,-928.687988,1.0,923.4606379039515,291.5972309736021
980,0.113281,-97.308594,-928.677734,1.0,923.8258109039515,302.27168497360213
981,0.111328,-95.975311,-928.667419,1.0,982.3728699039515,519.6854569736022
982,0.109375,-94.627045,-928.656616,1.0,983.6071219039516,519.8470779736022
983,0.111328,-93.268227,-928.645386,1.0,988.9107109039516,437.69085897360213
984,0.111328,-91.888382,-928.633606,1.0,983.0622619039515,520.2348349736021
985,0.111328,-90.512108,-928.621521,1.0,985.8250789039515,501.63836897360216
986,0.115234,-89.082382,-928.608765,1.0,985.9602719039515,507.56875797360215
987,0.115234,-87.63591,-928.595276,1.0,988.2077079039515,506.8291949736021
988,0.113281,-86.191544,-928.581421,1.0,987.2051449039516,504.08850297360215
989,0.115234,-84.733749,-928.566833,1.0,985.1897029039516,502.6470049736021
990,0.113281,-83.273361,-928.552002,1.0,985.9180969039516,504.3353599736021
991,0.113281,-81.82061,-928.536865,1.0,976.2300469039516,523.7881179736021
992,0.111328,-80.36795,-928.52124,1.0,963.7328549039515,547.9900229736022
993,0.111328,-78.912392,-928.505493,1.0,965.7221739039516,541.3034079736021
994,0.111328,-77.44236,-928.48938,1.0,967.8022519039515,545.7014179736021
995,0.113281,-75.936295,-928.473083,1.0,963.7857109039516,550.5932939736022
996,0.111328,-74.436661,-928.456726,1.0,979.8407649039515,505.76117097360213
997,0.111328,-72.930008,-928.440369,1.0,981.6834769039515,507.43441997360213
998,0.113281,-71.416229,-928.424011,1.0,958.1172539039516,411.34362997360216
999,0.101562,-70.027908,-928.409119,1.0,924.4135189039515,309.15451197360215
1000,0.111328,-68.493988,-928.392456,1.0,951.0433409039515,364.35174797360213
1001,0.101562,-67.077507,-928.377075,1.0,1032.1291559039514,545.7761559736022
1002,0.111328,-65.533485,-928.360474,1.0,1307.3087219039517,544.6748979736021
1003,0.111328,-63.985683,-928.34375,1.0,1370.0898499039517,547.9378679736021
1004,0.111328,-62.439121,-928.327087,1.0,1366.8842829039513,549.3554399736022
1005,0.111328,-60.873085,-928.309998,1.0,1360.3148249039514,545.4345719736021
1006,0.113281,-59.309669,-928.293152,1.0,1039.5980279039516,490.8689289736021
1007,0.111328,-57.774105,-928.276611,1.0,1042.8537039039516,484.0373859736021
1008,0.101562,-56.37141,-928.261292,1.0,984.5475519039516,520.2668169736021
1009,0.101562,-54.989716,-928.246338,1.0,983.0745299039515,511.2085589736021
1010,0.115234,-53.431118,-928.229492,1.0,982.6850029039515,514.9894119736022
1011,0.113281,-51.90379,-928.212952,1.0,1409.8851379039515,178.06273097360213
1012,0.111328,-50.426567,-928.197021,1.0,1438.2454889039514,165.82593697360215
1013,0.111328,-48.948608,-928.180969,1.0,1396.1008359039515,196.64376997360213
1014,0.113281,-47.485134,-928.165161,1.0,979.1813409039515,511.07037497360216
1015,0.111328,-46.041382,-928.149475,1.0,980.7653869039515,516.8081379736021
1016,0.101562,-44.754124,-928.135559,1.0,982.1524109039515,517.2529619736022
1017,0.101562,-43.469814,-928.121582,1.0,982.1959289039515,508.7564719736021
1018,0.103516,-42.167576,-928.107361,1.0,980.8832459039515,507.32006997360213
1019,0.103516,-40.858234,-928.093323,1.0,924.5600639039516,318.64560097360214
1020,0.113281,-39.461414,-928.078064,1.0,921.1317809039515,316.9544389736021
1021,0.115234,-38.065979,-928.063049,1.0,985.3982599039515,492.36984397360214
1022,0.109375,-36.739365,-928.048706,1.0,986.5620169039515,490.23391897360216
1023,0.107422,-35.452339,-928.034668,1.0,979.1669979039515,496.8529679736021
1024,0.103516,-34.209682,-928.021301,1.0,971.9995169039515,504.6177389736021
1025,0.103516,-32.990555,-928.008057,1.0,975.1210999039515,505.98077597360214
1026,0.101562,-31.804346,-927.995178,1.0,977.4285949039515,500.56460797360216
1027,0.101562,-30.626646,-927.982483,1.0,977.4046079039515,500.65234597360217
1028,0.101562,-29.4659,-927.969849,1.0,981.7816829039515,502.37686397360216
1029,0.101562,-28.311081,-927.957397,1.0,949.6286069039515,403.1000389736021
1030,0.111328,-27.037899,-927.943665,1.0,919.7541559039515,304.34021197360215
1031,0.103516,-25.88447,-927.931091,1.0,952.8375299039516,378.09683397360214
1032,0.109375,-24.669184,-927.917969,1.0,991.4661919039515,485.55499497360216
1033,0.111328,-23.448046,-927.904785,1.0,991.6435599039515,481.4950579736021
1034,0.107422,-22.272242,-927.892151,1.0,991.1844539039515,485.71292297360213
1035,0.101562,-21.185884,-927.880493,1.0,986.6594909039516,490.70089897360214
1036,0.113281,-19.97327,-927.867859,1.0,984.5477349039516,494.77771197360215
1037,0.113281,-18.764244,-927.855713,1.0,984.9151059039515,492.98962597360213
1038,0.101562,-17.706755,-927.84552,1.0,982.3674369039516,491.6304339736021
1039,0.101562,-16.642447,-927.835815,1.0,983.7291319039515,485.62878597360213
1040,0.113281,-15.47296,-927.82605,1.0,983.9696099039516,485.3420729736021
1041,0.101562,-14.441339,-927.817993,1.0,984.7947449039515,484.66909997360216
1042,0.113281,-13.286419,-927.809814,1.0,987.1851249039515,482.54434397360217
1043,0.101562,-12.282238,-927.803223,1.0,997.9785819039515,479.81323397360217
1044,0.113281,-11.142886,-927.796631,1.0,1014.7857719039515,481.78808797360216
1045,0.101562,-10.154591,-927.791321,1.0,950.5741629039516,377.43136797360216
1046,0.103516,-9.146501,-927.78656,1.0,919.0850889039515,320.29196397360215
1047,0.105469,-8.121323,-927.782288,1.0,919.7296809039515,319.01785497360214
1048,0.101562,-7.142527,-927.778809,1.0,938.2757629039515,346.17596597360216
1049,0.101562,-6.172342,-927.775818,1.0,1002.3302669039515,467.44275097360213
1050,0.101562,-5.214763,-927.773499,1.0,1000.8258719039516,462.2410909736021
1051,0.101562,-4.279733,-927.771667,1.0,1005.7010559039516,458.01422297360216
1052,0.111328,-3.249492,-927.770325,1.0,1005.1398369039515,448.0857869736021
1053,0.101562,-2.347095,-927.769592,1.0,987.0479179039515,416.76275797360216
1054,0.113281,-1.357422,-927.769287,1.0,916.2894339039515,277.6726249736022
1055,0.113281,-0.383378,-927.769653,1.0,917.0783139039515,284.28737097360215
1056,0.101562,0.441537,-927.770386,1.0,916.5401059039515,283.8961809736021
1057,0.101562,1.212592,-927.771301,1.0,919.2491509039515,297.07925597360213
1058,0.101562,1.913485,-927.772583,1.0,925.0378479039515,314.48318697360213
1059,0.101562,2.53616,-927.773865,1.0,921.8056699039515,319.0176409736021
1060,0.101562,3.112276,-927.77533,1.0,920.2308409039515,315.10165597360213
1061,0.101562,3.62276,-927.776917,1.0,923.4697319039515,315.02804797360216
1062,0.111328,4.133081,-927.778687,1.0,956.8245299039515,371.1174639736021
1063,0.111328,4.590731,-927.780273,1.0,990.9000909039515,426.11038397360215
1064,0.113281,4.985693,-927.781616,1.0,991.1374569039515,421.91720797360216
1065,0.113281,5.314723,-927.782959,1.0,991.5968689039515,418.31472997360214
1066,0.113281,5.575356,-927.784058,1.0,915.4472099039515,314.79104797360213
1067,0.111328,5.768677,-927.784851,1.0,913.8361259039515,313.32623497360214
1068,0.113281,5.905006,-927.785461,1.0,909.7426819039515,310.42151097360215
1069,0.103516,5.985276,-927.785828,1.0,913.1477109039515,308.8898029736021
1070,0.103516,6.026282,-927.786011,1.0,910.0804499039515,307.4604509736021
1071,0.111328,6.037502,-927.786011,1.0,985.8056699039515,415.29763997360214
1072,0.109375,6.034404,-927.78595,1.0,988.4459899039515,408.31198297360214
1073,0.109375,6.030399,-927.78595,1.0,987.7397519039515,406.80487297360213
1074,0.109375,6.028987,-927.78595,1.0,923.4087579039515,299.71057297360215
1075,0.111328,6.029967,-927.78595,1.0,923.1427669039515,299.93585397360215
1076,0.111328,6.031515,-927.78595,1.0,920.7584289039515,303.16795497360215
1077,0.111328,6.032207,-927.785889,1.0,921.3154349039515,298.86503797360217
1078,0.111328,6.031939,-927.78595,1.0,938.9491629039516,398.18313797360213
1079,0.111328,6.031376,-927.78595,1.0,939.2692319039515,402.08746497360215
1080,0.111328,6.031078,-927.78595,1.0,949.4563049039515,406.90176597360215
1081,0.109375,6.031176,-927.785889,1.0,775.0920469039515,160.53642497360215
1082,0.111328,6.031393,-927.786011,1.0,979.5501769039515,365.82327497360217
1083,0.109375,6.031513,-927.785889,1.0,990.6351989039515,373.46884397360213
1084,0.113281,6.031488,-927.78595,1.0,930.0236869039516,293.5927299736021
1085,0.107422,6.031729,-927.78595,1.0,921.8123229039516,293.9171159736021
1086,0.109375,6.033986,-927.78595,1.0,925.7924249039515,293.32121497360214
1087,0.111328,6.038856,-927.78595,1.0,310.04985590395154,333.69598597360215
1088,0.109375,6.046223,-927.78595,1.0,327.3049979039515,326.50113097360213
1089,0.109375,6.055964,-927.78595,1.0,908.3094539039515,289.52609397360214
1090,0.109375,6.067996,-927.78595,1.0,915.7921199039515,284.5256059736022
1091,0.109375,6.082325,-927.785889,1.0,910.5553039039515,285.89759997360215
1092,0.113281,6.099414,-927.78595,1.0,908.0654959039515,292.5986199736021
1093,0.101562,6.11693,-927.78595,1.0,910.4657649039515,293.1773089736022
1094,0.113281,6.138367,-927.78595,1.0,910.6864069039515,295.89776797360213
1095,0.109375,6.16195,-927.78595,1.0,912.2963309039516,294.79367297360216
1096,0.111328,6.187797,-927.78595,1.0,913.7326719039515,293.11238297360217
1097,0.111328,6.215651,-927.78595,1.0,909.7356619039515,294.25236697360214
1098,0.109375,6.24577,-927.78595,1.0,909.5011039039515,294.20872697360215
1099,0.111328,6.278109,-927.786011,1.0,910.9737609039515,298.96899597360215
1100,0.111328,6.312586,-927.78595,1.0,913.0286919039515,295.55719197360213
1101,0.109375,6.349279,-927.786194,1.0,906.1831719039516,298.51861797360215
1102,0.111328,6.388344,-927.786499,1.0,905.4883479039515,297.10711897360216
1103,0.111328,6.429296,-927.786865,1.0,905.0308289039515,303.28413597360213
1104,0.111328,6.473286,-927.787231,1.0,907.6639459039516,299.78276297360213
1105,0.111328,6.522738,-927.787537,1.0,909.4191339039515,304.16005097360215
1106,0.111328,6.584308,-927.787842,1.0,912.4370169039515,303.71730197360216
1107,0.109375,6.673447,-927.788208,1.0,912.9640559039515,303.82319797360213
1108,0.109375,6.809818,-927.788879,1.0,914.7582459039515,306.53869797360215
1109,0.111328,6.998443,-927.789795,1.0,915.1297659039515,308.5566119736021
1110,0.109375,7.230416,-927.791016,1.0,956.0905209039515,510.7342239736021
1111,0.111328,7.499782,-927.792419,1.0,960.2548889039515,553.8799759736021
1112,0.111328,7.781897,-927.793884,1.0,956.7530579039516,549.1616839736021
1113,0.109375,8.067251,-927.795532,1.0,941.7394469039515,428.72781597360216
1114,0.113281,8.359399,-927.797302,1.0,927.0819759039515,323.2827469736021
1115,0.105469,8.637129,-927.798889,1.0,927.3297789039515,322.45166197360214
1116,0.113281,8.928964,-927.800537,1.0,929.9661919039515,322.53277797360215
1117,0.113281,9.226148,-927.802307,1.0,931.9030819039515,319.88675097360215
1118,0.109375,9.516383,-927.804016,1.0,1408.5815489039514,184.20694197360214
1119,0.113281,9.807975,-927.806091,1.0,1409.1361139039514,177.19555897360215
1120,0.113281,10.105337,-927.808105,1.0,1468.6605279039513,166.00751697360215
1121,0.113281,10.396336,-927.810181,1.0,1456.6298889039517,184.32690597360215
1122,0.111328,10.68561,-927.812256,1.0,967.4669859039515,528.5633259736021
1123,0.113281,10.977778,-927.814331,1.0,966.1493589039516,530.4815079736022
1124,0.113281,11.268495,-927.816406,1.0,914.8241019039515,319.2452109736021
1125,0.113281,11.555448,-927.818481,1.0,916.7120419039516,313.4569419736021
1126,0.101562,11.804067,-927.820312,1.0,913.9267029039515,315.98153897360214
1127,0.113281,12.079396,-927.822388,1.0,186.8758299039515,644.6142899736021
1128,0.113281,12.345057,-927.824524,1.0,298.7256989039515,599.6282059736022
1129,0.115234,12.600828,-927.82666,1.0,911.1309259039515,278.53512797360213
1130,0.113281,12.837586,-927.828674,1.0,911.6873229039516,282.59536897360215
1131,0.101562,13.030017,-927.830261,1.0,912.0743469039516,284.69239997360216
1132,0.115234,13.217026,-927.831787,1.0,916.7656309039515,277.74151797360213
1133,0.115234,13.361074,-927.833069,1.0,913.5150199039515,285.06425697360214
1134,0.113281,13.454544,-927.833862,1.0,913.7464659039515,283.8208029736021
1135,0.101562,13.489294,-927.834229,1.0,918.0258239039515,279.46379297360215
1136,0.113281,13.490335,-927.834106,1.0,920.6169489039515,283.8815169736022
1137,0.101562,13.483921,-927.834167,1.0,914.8050589039515,284.5170309736021
1138,0.101562,13.478739,-927.833984,1.0,915.2087459039515,285.74044997360215
1139,0.101562,13.477613,-927.834045,1.0,955.5261289039515,451.4592609736021
1140,0.115234,13.479785,-927.834045,1.0,977.6536919039515,565.2420979736021
1141,0.111328,13.482103,-927.834045,1.0,974.4699759039515,565.2340409736021
1142,0.111328,13.482818,-927.834106,1.0,916.7923639039515,285.4455739736021
1143,0.113281,13.482138,-927.834106,1.0,918.3230649039515,290.11358797360214
1144,0.115234,13.481237,-927.834045,1.0,956.4583799039515,498.5791949736021
1145,0.113281,13.480983,-927.834106,1.0,966.3490049039515,492.1915609736021
1146,0.115234,13.481274,-927.834045,1.0,963.6117609039516,509.9884359736021
1147,0.113281,13.481611,-927.834045,1.0,957.1138359039516,509.7768269736021
1148,0.115234,13.481709,-927.834106,1.0,960.2111869039516,506.9725669736021
1149,0.115234,13.481597,-927.834045,1.0,956.4672909039515,473.90298697360214
1150,0.113281,13.481465,-927.834045,1.0,954.2896179039515,451.18844797360214
1151,0.113281,13.481752,-927.834045,1.0,963.5251519039515,488.67572197360215
1152,0.115234,13.484286,-927.834106,1.0,926.3435119039515,488.0023519736021
1153,0.111328,13.489343,-927.833984,1.0,939.7521419039515,550.7946799736021
1154,0.109375,13.496861,-927.834106,1.0,963.7988949039516,568.135896973602
1155,0.109375,13.506743,-927.834045,1.0,1003.2907159039515,584.7095049736022
1156,0.109375,13.51889,-927.834045,1.0,1006.5261289039515,577.5180379736021
1157,0.109375,13.533305,-927.834106,1.0,1003.5548759039515,571.4909379736021
1158,0.109375,13.549926,-927.834045,1.0,1004.8520569039515,557.6720599736021
1159,0.109375,13.568849,-927.834229,1.0,957.2523249039515,426.31308197360215
1160,0.107422,13.589494,-927.834534,1.0,957.2996879039515,424.5712909736021
1161,0.111328,13.613408,-927.834839,1.0,952.7284599039515,422.54693797360216
1162,0.113281,13.64091,-927.835205,1.0,1000.6801819039515,551.8858359736021
1163,0.111328,13.674055,-927.835571,1.0,1004.5990049039515,553.3521439736021
1164,0.109375,13.720345,-927.835876,1.0,1003.9193169039515,556.2181109736022
1165,0.119141,13.806216,-927.836731,1.0,966.9158379039516,493.66763497360216
1166,0.111328,13.93915,-927.83783,1.0,962.1769469039515,485.03207597360216
1167,0.109375,14.119835,-927.839417,1.0,965.0760559039516,482.92813297360215
1168,0.109375,14.348845,-927.841492,1.0,968.1110289039515,482.22558797360216
1169,0.109375,14.629928,-927.844055,1.0,965.3203789039516,485.25375597360215
1170,0.111328,14.962852,-927.847229,1.0,920.7641049039515,274.1692519736022
1171,0.109375,15.345813,-927.850891,1.0,922.6701109039515,273.69598597360215
1172,0.111328,15.784828,-927.855164,1.0,977.9799859039515,489.11123897360216
1173,0.111328,16.268152,-927.859985,1.0,977.3710999039515,499.6442589736021
1174,0.109375,16.799757,-927.865417,1.0,972.0488949039516,500.91842797360215
1175,0.111328,17.383909,-927.87146,1.0,971.1567439039516,502.97235297360214
1176,0.109375,18.017992,-927.878174,1.0,994.5057429039515,526.2825949736022
1177,0.111328,18.704966,-927.885742,1.0,1015.4909729039515,557.4060989736022
1178,0.115234,19.472427,-927.894592,1.0,1015.7968809039515,553.7201859736022
1179,0.113281,20.27713,-927.90448,1.0,1010.2518369039515,551.0168779736022
1180,0.111328,21.109194,-927.915588,1.0,1009.2823539039515,546.3851639736022
1181,0.109375,21.997303,-927.928223,1.0,1006.9423889039515,546.9683859736022
1182,0.113281,22.951258,-927.943054,1.0,1008.1717589039515,549.3621239736021
1183,0.103516,23.885719,-927.958496,1.0,928.6617489039515,284.4457259736022
1184,0.111328,24.918474,-927.976929,1.0,934.3876399039515,279.68286297360214
1185,0.105469,25.948877,-927.996399,1.0,915.2421929039515,291.73872597360213
1186,0.103516,27.013742,-928.017273,1.0,915.6788999039516,293.38495097360214
1187,0.105469,28.152493,-928.040344,1.0,971.6138969039515,500.42099197360216
1188,0.105469,29.324869,-928.064514,1.0,969.2982849039515,502.82748597360217
1189,0.103516,30.515955,-928.089417,1.0,968.4337219039516,495.27023497360216
1190,0.115234,31.886642,-928.11792,1.0,946.0031799039515,398.5538649736021
1191,0.115234,33.338493,-928.147583,1.0,923.2772269039515,299.31080797360215
1192,0.111328,34.761131,-928.175842,1.0,945.9286559039515,381.2024559736021
1193,0.107422,36.186123,-928.203125,1.0,961.7997489039515,508.03735497360213
1194,0.107422,37.643543,-928.230286,1.0,965.3510799039515,512.9979879736022
1195,0.107422,39.142715,-928.256897,1.0,946.9559989039515,453.70190597360215
1196,0.107422,40.694393,-928.282227,1.0,911.4466609039515,289.8406089736021
1197,0.109375,42.278744,-928.304565,1.0,915.0865539039515,286.3235649736022
1198,0.107422,43.904243,-928.323425,1.0,912.3966729039515,292.9283769736021
1199,0.107422,45.55093,-928.337952,1.0,920.1684019039516,304.5386519736021
1200,0.109375,47.241669,-928.347839,1.0,948.7446349039515,379.63958897360214
1201,0.109375,48.984516,-928.353149,1.0,976.7219299039515,451.0603049736021
1202,0.113281,50.867592,-928.353821,1.0,1012.2905329039515,526.0730309736022
1203,0.109375,52.72744,-928.350342,1.0,1078.0578059039515,486.99701097360213
1204,0.111328,54.649281,-928.343445,1.0,1495.2230279039513,253.45434797360215
1205,0.113281,56.696171,-928.333069,1.0,1255.9008849039515,319.9429339736021
1206,0.103516,58.565876,-928.321045,1.0,977.2014219039515,410.0519729736021
1207,0.107422,60.592499,-928.306885,1.0,977.1042539039515,410.09768897360215
1208,0.107422,62.612724,-928.292358,1.0,985.7353569039515,510.55896197360215
1209,0.105469,64.646454,-928.277649,1.0,984.9700989039516,513.9677449736021
1210,0.107422,66.709435,-928.263245,1.0,915.5766049039515,307.97473297360216
1211,0.105469,68.782837,-928.249268,1.0,918.8775689039516,307.6957719736021
1212,0.105469,70.892929,-928.235657,1.0,910.5922909039515,312.93060497360216
1213,0.105469,73.048264,-928.221924,1.0,910.6726739039515,309.5940269736021
1214,0.107422,75.253181,-928.20813,1.0,907.4709529039516,310.3942589736021
1215,0.109375,77.514473,-928.194214,1.0,910.8952689039515,308.6381549736021
1216,0.107422,79.773018,-928.180664,1.0,934.9686339039515,370.75995097360214
1217,0.109375,82.0411,-928.167419,1.0,970.2880309039515,459.17263997360214
1218,0.109375,84.282616,-928.154663,1.0,970.9882869039516,459.98996197360214
1219,0.107422,86.492317,-928.1427,1.0,943.5830749039516,379.6467609736021
1220,0.107422,88.674126,-928.131226,1.0,919.6146909039516,296.59341597360213
1221,0.105469,90.844032,-928.120239,1.0,919.5270439039515,300.3538229736022
1222,0.109375,93.021324,-928.10968,1.0,920.0296689039516,301.2962059736021
1223,0.107422,95.186836,-928.09967,1.0,919.1751769039515,298.5386519736021
1224,0.107422,97.319695,-928.090271,1.0,970.5042779039516,409.93136797360216
1225,0.107422,99.424484,-928.081848,1.0,981.7562919039515,464.55658197360214
1226,0.107422,101.529793,-928.075439,1.0,981.9319519039515,461.56524897360214
1227,0.105469,103.613167,-928.071838,1.0,978.5910699039515,523.4420799736022
1228,0.107422,105.694809,-928.071533,1.0,974.8322199039516,521.2844559736021
1229,0.109375,107.772278,-928.074585,1.0,976.3042049039515,522.6423969736022
1230,0.111328,109.905846,-928.081238,1.0,1229.9146789039514,587.9941119736022
1231,0.107422,111.940102,-928.090454,1.0,1444.7865049039515,655.5387899736022
1232,0.105469,113.939232,-928.102234,1.0,1445.7456109039517,658.3033159736021
1233,0.103516,115.892685,-928.115967,1.0,1454.5806939039517,659.7259849736022
1234,0.107422,117.889984,-928.132385,1.0,1541.7150939039516,677.6302199736022
1235,0.105469,119.852158,-928.150879,1.0,1214.3136039039514,574.5054649736021
1236,0.107422,121.838928,-928.171997,1.0,981.5449889039515,487.35904097360213
1237,0.107422,123.802864,-928.194763,1.0,980.9135799039515,484.79379497360213
1238,0.103516,125.704346,-928.218262,1.0,962.6076719039515,545.3393569736022
1239,0.103516,127.598793,-928.242615,1.0,960.5731869039515,536.4805319736022
1240,0.105469,129.497314,-928.267761,1.0,960.3328299039515,537.4830039736021
1241,0.107422,131.447464,-928.293701,1.0,961.0438899039515,539.6807269736021
1242,0.109375,133.380432,-928.319214,1.0,922.8916069039515,366.55810697360215
1243,0.107422,135.300964,-928.344299,1.0,917.1606499039515,282.62931997360215
1244,0.103516,137.158005,-928.367737,1.0,923.0831359039515,336.85452497360217
1245,0.105469,139.01178,-928.389954,1.0,949.4431209039515,500.48779497360215
1246,0.103516,140.835175,-928.410217,1.0,949.4086969039515,503.7496969736021
1247,0.101562,142.640274,-928.428406,1.0,932.0266779039515,414.22534397360215
1248,0.103516,144.448196,-928.444458,1.0,922.7469539039515,281.53556997360215
1249,0.107422,146.300247,-928.45874,1.0,918.2340149039516,283.04687697360214
1250,0.105469,148.144135,-928.470398,1.0,932.2180839039515,336.3463459736021
1251,0.105469,149.964355,-928.479553,1.0,955.5476129039515,518.9863299736021
1252,0.111328,151.850037,-928.486511,1.0,953.7038629039515,522.3334369736021
1253,0.107422,153.70311,-928.491028,1.0,954.3341729039515,515.0137649736021
1254,0.105469,155.482758,-928.493103,1.0,956.6497859039515,512.2352919736022
1255,0.103516,157.23674,-928.49292,1.0,957.9278009039515,512.8330399736021
1256,0.103516,158.99968,-928.49054,1.0,961.8282529039515,514.0602739736021
1257,0.105469,160.761826,-928.486023,1.0,962.7215019039515,512.9550189736021
1258,0.107422,162.540436,-928.479736,1.0,961.4684509039515,515.5355849736021
1259,0.105469,164.307159,-928.472534,1.0,936.4682059039516,420.60128997360215
1260,0.105469,166.052917,-928.465271,1.0,932.5511529039516,413.85745397360216
1261,0.103516,167.76622,-928.458252,1.0,933.4819999039515,411.03125197360214
1262,0.105469,169.504181,-928.451843,1.0,932.8759819039515,406.1626299736021
1263,0.103516,171.214035,-928.446167,1.0,933.9084529039516,401.52728497360215
1264,0.103516,172.911163,-928.441223,1.0,936.9672909039515,402.88037297360216
1265,0.105469,174.624054,-928.437134,1.0,940.2606259039516,403.6795369736021
1266,0.109375,176.399002,-928.433777,1.0,939.2883359039515,402.6841759736021
1267,0.109375,178.173645,-928.431335,1.0,940.4320129039515,404.7416099736021
1268,0.109375,179.911743,-928.429993,1.0,941.0536559039515,398.61667097360214
1269,0.105469,181.633957,-928.429565,1.0,955.8811699039516,454.99017497360217
1270,0.107422,183.3367,-928.429993,1.0,968.7548279039515,503.0201129736021
1271,0.105469,185.021393,-928.431335,1.0,965.9738219039515,496.4430259736021
1272,0.103516,186.680878,-928.433533,1.0,965.4787039039516,493.95120397360216
1273,0.103516,188.319992,-928.43634,1.0,963.2288269039515,489.6762099736021
1274,0.105469,189.966339,-928.43988,1.0,965.7056329039515,480.3029189736021
1275,0.103516,191.592117,-928.444092,1.0,962.4407409039516,483.23043997360213
1276,0.103516,193.243073,-928.44928,1.0,970.6840269039516,542.6525289736021
1277,0.113281,195.011017,-928.455444,1.0,974.0830749039516,546.9447349736022
1278,0.109375,196.713593,-928.462158,1.0,973.5185599039515,554.3502519736021
1279,0.107422,198.400925,-928.46936,1.0,973.2150939039515,552.2035239736022
1280,0.109375,200.078156,-928.477234,1.0,972.0755059039515,554.0988479736021
1281,0.107422,201.741776,-928.485291,1.0,1095.5824639039515,436.14248897360216
1282,0.107422,203.407166,-928.494019,1.0,1000.6847589039515,550.0364089736022
1283,0.107422,205.058105,-928.503113,1.0,1009.8084159039515,529.3276079736022
1284,0.107422,206.733063,-928.512939,1.0,900.4687559039515,553.1480729736022
1285,0.109375,208.408585,-928.523438,1.0,900.4687559039515,553.1480729736022
1286,0.111328,210.099594,-928.534546,1.0,846.3221489039515,576.7911699736021
1287,0.109375,211.757812,-928.545898,1.0,846.3308769039515,571.085908973602
1288,0.107422,213.392593,-928.557617,1.0,855.4886529039516,562.9653029736021
1289,0.103516,214.986023,-928.569519,1.0,897.0917419039515,547.3406089736021
1290,0.105469,216.58313,-928.581909,1.0,894.2373709039515,555.2361769736021
1291,0.105469,218.190277,-928.595093,1.0,886.0202079039515,548.2792679736021
1292,0.105469,219.793945,-928.608521,1.0,887.7527519039515,540.8976769736021
1293,0.109375,221.445175,-928.622864,1.0,806.6019339039515,322.7740799736021
1294,0.103516,223.041656,-928.63739,1.0,922.7468319039515,298.36772397360215
1295,0.107422,224.644516,-928.652466,1.0,928.2780819039515,321.84021197360215
1296,0.109375,226.296814,-928.668335,1.0,952.1169489039515,408.47769397360213
1297,0.103516,227.879929,-928.683716,1.0,982.4961609039515,525.1219199736022
1298,0.103516,229.449036,-928.699097,1.0,986.1630309039515,521.5716569736021
1299,0.109375,231.096954,-928.715271,1.0,987.5171569039516,526.1836869736021
1300,0.111328,232.760849,-928.731445,1.0,976.3729309039516,558.8746049736021
1301,0.105469,234.335953,-928.746826,1.0,979.2360289039515,557.8280959736021
1302,0.103516,235.909851,-928.762085,1.0,980.4658869039515,555.6744399736021
1303,0.105469,237.474411,-928.777283,1.0,985.6447809039515,544.6273519736021
1304,0.101562,239.022919,-928.792358,1.0,986.7767389039515,553.1437699736022
1305,0.103516,240.584976,-928.807495,1.0,911.0806329039515,312.2301049736021
1306,0.101562,242.121811,-928.822449,1.0,918.0982719039515,304.1865409736022
1307,0.101562,243.645096,-928.837219,1.0,916.5056209039515,308.80603197360216
1308,0.113281,245.363678,-928.853821,1.0,958.5551209039515,510.2666949736021
1309,0.101562,246.898056,-928.868591,1.0,955.7901059039515,506.1482869736021
1310,0.103516,248.48497,-928.884155,1.0,952.0350399039515,511.66702497360217
1311,0.101562,250.034897,-928.899292,1.0,950.1308039039516,524.3144549736021
1312,0.103516,251.630127,-928.914856,1.0,948.9077209039515,525.1386429736021
1313,0.101562,253.199402,-928.930054,1.0,949.6914729039515,525.5393999736021
1314,0.103516,254.776596,-928.945435,1.0,950.9828549039515,525.1774309736022
1315,0.103516,256.384674,-928.960876,1.0,950.7661189039516,524.6632099736021
1316,0.101562,257.984131,-928.976562,1.0,945.5080009039515,528.4411029736021
1317,0.103516,259.597778,-928.99231,1.0,942.8504089039516,525.8498249736022
1318,0.103516,261.22168,-929.007996,1.0,946.4210259039515,524.2294329736021
1319,0.101562,262.829346,-929.023621,1.0,943.6171319039515,525.7509169736022
1320,0.101562,264.445587,-929.039429,1.0,972.7802789039515,517.1733719736021
1321,0.113281,266.265656,-929.057068,1.0,973.4087579039515,519.2664199736021
1322,0.101562,267.906891,-929.072937,1.0,972.6420349039515,519.6814899736021
1323,0.101562,269.554504,-929.08905,1.0,986.4045469039515,539.5308249736022
1324,0.105469,271.270325,-929.105774,1.0,998.9940239039515,564.9991169736022
1325,0.103516,272.956299,-929.122192,1.0,998.1510679039516,561.1086749736021
1326,0.103516,274.647736,-929.138855,1.0,994.6992859039515,551.7685569736021
1327,0.111328,276.429199,-929.156067,1.0,990.9802299039516,548.3875749736021
1328,0.111328,278.227478,-929.173523,1.0,991.6692559039515,551.0158099736021
1329,0.111328,279.988373,-929.190735,1.0,994.2843079039516,558.4449789736021
1330,0.111328,281.760834,-929.207947,1.0,995.4148619039515,548.5907309736021
1331,0.111328,283.533081,-929.225098,1.0,1308.2663629039516,295.56121997360214
1332,0.113281,285.284912,-929.242126,1.0,1459.6910459039514,172.82045897360214
1333,0.111328,287.040161,-929.259277,1.0,1433.3366759039513,171.86111597360212
1334,0.113281,288.766571,-929.276062,1.0,1404.7314509039516,171.64753897360214
1335,0.111328,290.482391,-929.292664,1.0,997.9096129039515,502.96865997360214
1336,0.107422,292.149017,-929.309021,1.0,995.1795099039515,496.9846519736021
1337,0.109375,293.80246,-929.324951,1.0,957.5038509039515,504.11468697360215
1338,0.109375,295.458923,-929.341003,1.0,911.2573299039515,495.0295729736021
1339,0.107422,297.066193,-929.35675,1.0,696.8449149039516,412.60867497360215
1340,0.109375,298.704315,-929.372681,1.0,344.02078790395154,233.08754197360213
1341,0.107422,300.293793,-929.388062,1.0,344.02078790395154,233.08754197360213
1342,0.109375,301.906708,-929.403748,1.0,344.02078790395154,233.08754197360213
1343,0.109375,303.49707,-929.419373,1.0,344.02078790395154,233.08754197360213
1344,0.107422,305.053894,-929.434387,1.0,344.02078790395154,233.08754197360213
1345,0.107422,306.609619,-929.449463,0.0,82.65320390395152,48.88461497360214
1346,0.113281,308.23465,-929.465271,1.0,899.2301079039515,300.63823097360216
1347,0.103516,309.71637,-929.479797,1.0,908.4032649039515,410.04040697360216
1348,0.111328,311.316864,-929.4953,1.0,908.9008239039515,408.6171279736021
1349,0.111328,312.894684,-929.510681,1.0,961.1268369039515,494.23172197360213
1350,0.107422,314.398682,-929.525696,1.0,956.5591489039515,494.78732497360215
1351,0.113281,315.970703,-929.541504,1.0,954.7965759039515,499.1365379736021
1352,0.111328,317.516724,-929.556152,1.0,954.9116879039515,504.33664097360213
1353,0.111328,319.061127,-929.568481,1.0,955.4104669039515,504.51928897360216
1354,0.113281,320.602325,-929.577209,1.0,952.3572449039515,500.8874839736021
1355,0.111328,322.128967,-929.580261,1.0,954.3972839039516,494.6406569736021
1356,0.111328,323.628876,-929.57605,1.0,854.8072569039515,465.12103497360215
1357,0.101562,325.000092,-929.56488,1.0,843.3121399039516,456.21502897360216
1358,0.103516,326.371094,-929.546143,1.0,843.5007379039515,447.12454397360216
1359,0.101562,327.736115,-929.519592,1.0,876.2330379039515,367.60809497360214
1360,0.103516,329.092773,-929.484985,1.0,909.5783139039515,287.71803497360213
1361,0.103516,330.458435,-929.441711,1.0,906.9752249039515,285.30745097360216
1362,0.105469,331.86377,-929.388611,1.0,863.3908749039515,455.5367759736021
1363,0.103516,333.234833,-929.328247,1.0,870.8781189039515,453.8386249736021
1364,0.103516,334.632812,-929.258423,1.0,879.0607359039515,451.34021197360215
1365,0.107422,336.090271,-929.177307,1.0,811.5206359039515,138.84118797360213
1366,0.101562,337.494385,-929.091736,1.0,811.5206359039515,138.84118797360213
1367,0.103516,338.893982,-928.999634,1.0,811.5206359039515,138.84118797360213
1368,0.101562,340.299316,-928.900757,1.0,811.5206359039515,138.84118797360213
1369,0.101562,341.71933,-928.794617,1.0,811.5206359039515,138.84118797360213
1370,0.113281,343.300598,-928.669312,0.0,82.65320390395152,48.88461497360214
1371,0.105469,344.761932,-928.547424,1.0,885.5550589039515,173.15577897360214
1372,0.103516,346.19397,-928.424072,1.0,928.0023859039516,414.5867329736021
1373,0.113281,347.783356,-928.285583,1.0,928.0224059039515,411.02090697360217
1374,0.111328,349.363281,-928.147949,1.0,929.7267509039515,407.22876197360216
1375,0.101562,350.787598,-928.024963,1.0,927.3852599039515,404.83737397360215
1376,0.101562,352.233429,-927.901245,1.0,925.7350519039516,405.82022297360214
1377,0.101562,353.664459,-927.779419,1.0,922.5199029039516,407.5390029736021
1378,0.101562,355.100098,-927.657532,1.0,923.8642639039515,409.98718497360215
1379,0.113281,356.722656,-927.519409,1.0,928.0774589039515,407.68664697360214
1380,0.113281,358.343658,-927.381165,1.0,931.2356619039515,403.51889197360214
1381,0.113281,359.969238,-927.242737,1.0,928.9011899039515,404.3067649736021
1382,0.103516,361.469238,-927.116638,1.0,928.0414489039515,398.3996599736021
1383,0.101562,362.930695,-926.996704,1.0,990.3731139039515,466.8818069736021
1384,0.113281,364.569,-926.867615,1.0,1015.9392759039515,510.0703449736021
1385,0.113281,366.220825,-926.744141,1.0,1017.1570489039515,508.61053697360217
1386,0.101562,367.707855,-926.63916,1.0,1016.3268489039515,509.2018759736021
1387,0.113281,369.390106,-926.527649,1.0,1014.3089049039515,504.7976699736021
1388,0.126953,371.269989,-926.412964,1.0,1011.3355159039515,506.92923197360216
1389,0.103516,372.819977,-926.326843,1.0,1012.4127249039515,498.7602559736021
1390,0.103516,374.377106,-926.248413,1.0,1014.1667539039515,505.4651809736021
1391,0.101562,375.887421,-926.180359,1.0,1009.9393979039515,503.70700297360213
1392,0.111328,377.575714,-926.113831,1.0,1010.1572319039515,504.5826129736021
1393,0.103516,379.173401,-926.060364,1.0,1348.0837459039517,214.28206097360214
1394,0.101562,380.727539,-926.016907,1.0,1441.6787169039517,152.35526497360215
1395,0.113281,382.454742,-925.978394,1.0,1438.8851379039515,153.99984197360214
1396,0.111328,384.18573,-925.950012,1.0,1073.6878719039514,426.72171197360217
1397,0.111328,385.942871,-925.931519,1.0,995.2401179039515,473.54116997360217
1398,0.101562,387.510773,-925.923157,1.0,996.1028499039516,472.0754109736021
1399,0.109375,389.259796,-925.922119,1.0,987.2540339039515,467.81689597360213
1400,0.111328,391.027466,-925.929199,1.0,925.3723199039515,461.33453597360216
1401,0.111328,392.811157,-925.94342,1.0,969.6072449039515,528.0359819736021
1402,0.111328,394.588562,-925.961304,1.0,963.8311829039516,528.6899129736021
1403,0.109375,396.368103,-925.980164,1.0,960.1903739039515,528.2544579736021
1404,0.111328,398.161865,-925.998779,1.0,926.3347229039515,456.82071097360216
1405,0.109375,399.928345,-926.015564,1.0,934.8915459039515,455.7270219736021
1406,0.111328,401.710968,-926.031616,1.0,951.9794979039515,480.32165697360216
1407,0.109375,403.461517,-926.046692,1.0,952.3890439039516,473.99588197360214
1408,0.111328,405.229889,-926.062256,1.0,945.9539849039516,492.23645197360213
1409,0.111328,406.96347,-926.077881,1.0,943.8013969039515,491.3848899736021
1410,0.109375,408.689636,-926.094238,1.0,943.5826469039515,491.30920597360216
1411,0.109375,410.391907,-926.110413,1.0,942.3951469039515,493.94778597360215
1412,0.111328,412.112762,-926.126892,1.0,944.0114189039515,493.20596497360214
1413,0.109375,413.813599,-926.142273,1.0,943.4587459039515,496.8103959736021
1414,0.109375,415.51297,-926.156555,1.0,945.3457699039516,496.31637797360213
1415,0.109375,417.190796,-926.169739,1.0,946.6536309039515,493.20205897360216
1416,0.115234,418.944427,-926.182983,1.0,942.2194269039516,492.80383497360214
1417,0.111328,420.669769,-926.196167,1.0,945.6552179039516,499.97610697360216
1418,0.109375,422.321136,-926.208984,1.0,959.9121149039515,552.3082299736021
1419,0.105469,423.933441,-926.22168,1.0,966.4002739039515,569.622163973602
1420,0.111328,425.589691,-926.234863,1.0,970.4550229039515,574.1326619736021
1421,0.111328,427.260925,-926.248352,1.0,959.3467459039515,539.3110069736022
1422,0.111328,428.923828,-926.261597,1.0,947.8989929039515,500.71927097360214
1423,0.111328,430.569397,-926.274414,1.0,949.0714779039515,500.0401329736021
1424,0.111328,432.22113,-926.287231,1.0,945.3375909039515,496.39343497360215
1425,0.111328,433.869019,-926.300049,1.0,875.6323299039515,492.24527197360214
1426,0.105469,435.444092,-926.312317,1.0,874.6041929039516,491.66232497360215
1427,0.107422,437.04303,-926.324707,1.0,871.5060479039515,489.99508897360215
1428,0.109375,438.680298,-926.337524,1.0,943.8918509039515,484.48059297360214
1429,0.109375,440.290558,-926.350159,1.0,943.0877739039515,487.0376299736021
1430,0.107422,441.875092,-926.362793,1.0,939.7562919039515,478.25006297360216
1431,0.111328,443.479828,-926.375427,1.0,937.0391289039516,473.53717197360214
1432,0.109375,445.075134,-926.387878,1.0,941.1171929039515,473.2797259736021
1433,0.109375,446.630493,-926.400085,1.0,938.0031799039515,466.7634299736021
1434,0.107422,448.175171,-926.412231,1.0,931.0731869039515,466.13458397360216
1435,0.107422,449.720642,-926.4245,1.0,933.3915459039515,462.8345049736021
1436,0.109375,451.240997,-926.43634,1.0,930.4252989039516,457.0505089736021
1437,0.109375,452.779633,-926.448486,1.0,925.1835379039516,454.7627279736021
1438,0.107422,454.289825,-926.460327,1.0,925.5577449039515,451.59057797360214
1439,0.105469,455.748383,-926.471619,1.0,925.2767389039515,445.5424519736021
1440,0.107422,457.240601,-926.481873,1.0,694.7839409039515,455.64584497360215
1441,0.111328,458.759888,-926.489746,1.0,680.7098449039515,455.59140197360216
1442,0.107422,460.24472,-926.491882,1.0,666.4423889039515,458.8913289736021
1443,0.107422,461.681549,-926.484924,1.0,822.4398859039516,573.6358359736021
1444,0.107422,463.120209,-926.462952,1.0,824.6718809039515,570.4866049736022
1445,0.107422,464.561676,-926.41626,1.0,835.3555359039515,540.6538409736022
1446,0.107422,465.967712,-926.33374,1.0,818.1276299039515,453.89999597360213
1447,0.107422,467.378998,-926.201294,1.0,818.1276299039515,453.89999597360213
1448,0.109375,468.783264,-926.004822,1.0,818.1276299039515,453.89999597360213
1449,0.111328,470.156677,-925.735535,1.0,476.49451290395155,442.96582197360215
1450,0.109375,471.486359,-925.383789,1.0,606.2684379039515,437.10550097360215
1451,0.107422,472.708618,-924.964355,1.0,728.7224789039515,436.6248489736021
1452,0.101562,473.791504,-924.503052,1.0,731.5764219039515,437.32699797360215
1453,0.105469,474.878265,-923.939636,1.0,773.4060119039515,432.70507997360215
1454,0.107422,475.898895,-923.296631,1.0,706.9054619039515,431.13342497360213
1455,0.109375,476.86618,-922.563171,1.0,731.7156429039516,431.6957719736021
1456,0.107422,477.741638,-921.768799,1.0,664.1500909039515,437.1111159736021
1457,0.109375,478.546936,-920.891418,1.0,642.8889219039515,432.72454997360217
1458,0.103516,479.224518,-920.003235,1.0,644.6126159039516,442.01672597360215
1459,0.105469,479.816711,-919.063477,1.0,679.7871759039515,431.18673897360213
1460,0.109375,480.341187,-918.033386,1.0,738.3947199039516,419.64712697360216
1461,0.111328,480.762299,-916.978088,1.0,779.1722469039515,424.3060019736021
1462,0.107422,481.079926,-915.915344,1.0,831.0552429039515,429.10934597360216
1463,0.109375,481.306,-914.851562,1.0,723.9148009039516,467.6233849736021
1464,0.103516,481.454315,-913.822449,1.0,765.5698909039515,473.90097197360217
1465,0.103516,481.549927,-912.80719,1.0,830.5821589039515,476.9949669736021
1466,0.103516,481.610687,-911.808289,1.0,872.3771419039515,476.58526797360213
1467,0.109375,481.65329,-910.745117,1.0,906.3383849039515,483.52679597360213
1468,0.111328,481.687531,-909.699158,1.0,925.7291929039516,488.9705829736021
1469,0.111328,481.729126,-908.647522,1.0,1016.6031549039516,467.64547897360217
1470,0.111328,481.786682,-907.614807,1.0,1027.8839169039516,461.12085197360216
1471,0.101562,481.855804,-906.694397,1.0,1034.2129569039516,455.7098409736021
1472,0.103516,481.943665,-905.766785,1.0,1032.0423029039516,451.71710397360215
1473,0.105469,482.054199,-904.84259,1.0,1026.8742119039516,446.94601597360213
1474,0.105469,482.191925,-903.928711,1.0,1015.0002499039515,441.7358719736021
1475,0.109375,482.366058,-902.992004,1.0,1134.8531549039517,497.58325397360215
1476,0.107422,482.564301,-902.103821,1.0,1118.3048149039514,500.39181697360215
1477,0.105469,482.78183,-901.253296,1.0,1077.5948539039514,99.30821797360214
1478,0.103516,483.007843,-900.458801,1.0,1077.5948539039514,99.30821797360214
1479,0.105469,483.241241,-899.706604,1.0,1077.5948539039514,99.30821797360214
1480,0.105469,483.478882,-898.991699,1.0,898.5471249039515,247.36081097360213
1481,0.115234,483.733917,-898.264648,1.0,952.8420469039515,493.04532097360214
1482,0.109375,483.972717,-897.613464,1.0,945.2677669039515,495.67520297360215
1483,0.113281,484.229034,-896.943298,1.0,926.7266899039515,481.65890697360214
1484,0.113281,484.489349,-896.290039,1.0,991.2362729039515,415.21154997360213
1485,0.113281,484.753265,-895.642639,1.0,1419.8598689039513,150.75656297360214
1486,0.101562,484.978088,-895.086487,1.0,1420.3607239039516,156.04318397360214
1487,0.107422,485.210999,-894.493469,1.0,908.8603569039515,390.91888597360213
1488,0.109375,485.43454,-893.89978,1.0,850.2175349039516,428.74560697360215
1489,0.109375,485.644714,-893.317139,1.0,853.3037169039516,428.63986397360213
1490,0.107422,485.839722,-892.7547,1.0,856.8867859039515,423.92089997360216
1491,0.105469,486.027405,-892.195618,1.0,904.2404229039515,454.8090839736021
1492,0.107422,486.209686,-891.638,1.0,957.0909479039515,491.03082497360214
1493,0.109375,486.389801,-891.072327,1.0,957.2748469039515,497.39456397360215
1494,0.107422,486.572784,-890.475464,1.0,796.0546319039515,472.52264597360215
1495,0.107422,486.759491,-889.830688,1.0,811.4422659039515,468.04443597360216
1496,0.105469,486.938171,-889.167969,1.0,821.8311829039516,459.38504197360214
1497,0.105469,487.111023,-888.473083,1.0,834.2526299039515,453.6926899736021
1498,0.107422,487.281677,-887.724854,1.0,845.4015559039515,447.18029997360213
1499,0.105469,487.445465,-886.935608,1.0,857.3613949039516,450.50686797360214
1500,0.109375,487.605499,-886.082153,1.0,868.4221859039516,455.64456397360215
1501,0.107422,487.754211,-885.190918,1.0,883.1790829039516,454.9858719736021
1502,0.103516,487.884613,-884.301514,1.0,893.5874079039515,452.79092597360216
1503,0.105469,488.007111,-883.331482,1.0,829.2506769039516,458.58728197360216
1504,0.107422,488.113129,-882.328674,1.0,846.1242729039516,450.60959097360217
1505,0.107422,488.202362,-881.289185,1.0,856.5252129039516,447.86056697360215
1506,0.105469,488.277039,-880.201477,1.0,898.4302429039515,477.55023397360213
1507,0.107422,488.33963,-879.062378,1.0,936.3399109039515,509.07675397360214
1508,0.109375,488.39389,-877.850525,1.0,952.6150569039515,510.16446097360216
1509,0.113281,488.443115,-876.530273,1.0,933.0463919039515,509.24792697360215
1510,0.109375,488.484314,-875.209473,1.0,884.9385429039515,492.0242329736021
1511,0.109375,488.520477,-873.843323,1.0,892.0168509039515,487.3016379736021
1512,0.111328,488.551941,-872.417969,1.0,980.9160209039516,531.642640973602
1513,0.111328,488.57785,-870.958191,1.0,998.4907279039516,539.2948929736021
1514,0.109375,488.597351,-869.487366,1.0,1006.1103569039515,545.7451499736021
1515,0.109375,488.610321,-867.993164,1.0,1006.6596129039515,555.7331559736022
1516,0.109375,488.617401,-866.472717,1.0,1008.1950129039515,553.1835649736022
1517,0.109375,488.619934,-864.914185,1.0,914.6603449039516,496.76339897360214
1518,0.107422,488.618683,-863.35199,1.0,912.8940489039516,495.0030229736021
1519,0.109375,488.614319,-861.781128,1.0,932.0545099039515,509.04855497360217
1520,0.109375,488.606903,-860.200745,1.0,932.9464779039515,517.9975299736021
1521,0.109375,488.5961,-858.62677,1.0,937.1428279039516,514.7592789736021
1522,0.107422,488.581696,-857.078003,1.0,936.9635069039515,517.2189659736022
1523,0.109375,488.563293,-855.530518,1.0,978.2863219039515,503.4985679736021
1524,0.109375,488.541809,-854.004578,1.0,981.7307189039515,500.0479449736021
1525,0.107422,488.519104,-852.505554,1.0,983.5238709039515,497.58816697360214
1526,0.109375,488.498322,-851.00769,1.0,985.5434019039516,496.21167197360217
1527,0.107422,488.484772,-849.537781,1.0,983.0189879039515,501.60772897360215
1528,0.109375,488.480743,-848.068054,1.0,985.1502129039516,494.54675497360216
1529,0.107422,488.488068,-846.617859,1.0,983.0829529039515,493.86422897360217
1530,0.109375,488.506927,-845.178833,1.0,978.3157409039516,488.85629497360213
1531,0.111328,488.536865,-843.725037,1.0,972.3958189039515,488.56933797360216
1532,0.105469,488.574158,-842.340698,1.0,972.9718689039515,482.84167697360215
1533,0.111328,488.618134,-840.919312,1.0,923.2758849039515,313.0738549736021
1534,0.109375,488.663879,-839.513123,1.0,923.5024469039515,311.02841397360214
1535,0.109375,488.708008,-838.139771,1.0,946.6306819039515,397.66446097360216
1536,0.107422,488.748749,-836.773621,1.0,966.6688289039515,478.6865859736021
1537,0.111328,488.783875,-835.405945,1.0,969.4635069039515,478.11596897360215
1538,0.109375,488.811462,-834.050659,1.0,977.2939509039516,472.95712497360216
1539,0.111328,488.830566,-832.695557,1.0,976.6949519039515,463.81176997360217
1540,0.115234,488.840271,-831.320129,1.0,942.7516539039515,471.80038597360215
1541,0.113281,488.839661,-829.950806,1.0,914.0738579039515,481.01913597360215
1542,0.113281,488.829041,-828.624146,1.0,918.5941219039515,482.15274197360213
1543,0.111328,488.810089,-827.391907,1.0,928.6792659039515,479.6603109736021
1544,0.109375,488.78476,-826.257935,1.0,938.5576839039516,477.01098797360214
1545,0.105469,488.755768,-825.249084,1.0,945.7800959039515,479.6324179736021
1546,0.111328,488.720703,-824.242615,1.0,939.3222709039516,385.95764397360216
1547,0.113281,488.683411,-823.324036,1.0,925.2562309039515,297.68390097360214
1548,0.111328,488.646423,-822.508362,1.0,927.5686699039516,299.38809397360217
1549,0.109375,488.611023,-821.793945,1.0,1014.6485649039515,487.25961497360214
1550,0.109375,488.578247,-821.181091,1.0,1042.6969049039517,487.32144397360213
1551,0.111328,488.548706,-820.661621,1.0,1062.7878479039514,485.10928497360214
1552,0.107422,488.523071,-820.233337,1.0,1072.7187559039517,481.81942897360216
1553,0.109375,488.501251,-819.883118,1.0,1079.2957819039516,482.1748979736021
1554,0.109375,488.483948,-819.613831,1.0,1079.9238949039516,477.19485697360216
1555,0.113281,488.471222,-819.420715,1.0,1090.0988219039514,472.89337397360214
1556,0.107422,488.464203,-819.315918,1.0,1232.6235409039514,523.1867699736022
1557,0.109375,488.462402,-819.290466,1.0,1253.0869199039516,521.8851339736021
1558,0.109375,488.462952,-819.297363,1.0,1265.3409479039515,517.9668599736021
1559,0.107422,488.463776,-819.307617,1.0,247.5057279039515,502.34021197360215
1560,0.107422,488.464325,-819.312134,1.0,250.99463490395152,506.2110619736021
1561,0.107422,488.464386,-819.310425,1.0,262.62041290395155,503.77600297360215
1562,0.107422,488.464111,-819.306641,1.0,661.9262749039515,435.87652797360215
1563,0.107422,488.463806,-819.304443,1.0,661.9262749039515,435.87652797360215
1564,0.107422,488.463715,-819.304565,1.0,983.9327449039515,407.5311909736021
1565,0.105469,488.463745,-819.305847,1.0,951.2849789039515,342.29336697360213
1566,0.109375,488.463776,-819.306946,1.0,785.5076959039516,322.17163297360213
1567,0.107422,488.463776,-819.307007,1.0,367.99667890395153,435.2475299736021
1568,0.109375,488.463806,-819.306519,1.0,371.1904049039515,443.3186359736021
1569,0.107422,488.463806,-819.305969,1.0,536.4613709039515,443.84658997360214
1570,0.109375,488.463837,-819.305908,1.0,536.4613709039515,443.84658997360214
1571,0.109375,488.463806,-819.305969,1.0,539.0908259039516,360.0705889736021
1572,0.109375,488.463806,-819.306091,1.0,549.6933039039516,356.78775197360216
1573,0.107422,488.463806,-819.306152,1.0,504.4860589039515,-187.62673802639787
1574,0.107422,488.463776,-819.306091,1.0,504.4860589039515,-187.62673802639787
1575,0.111328,488.463806,-819.30603,1.0,504.4860589039515,-187.62673802639787
1576,0.107422,488.463837,-819.30603,1.0,504.4860589039515,-187.62673802639787
1577,0.111328,488.463776,-819.30603,1.0,504.4860589039515,-187.62673802639787
1578,0.113281,488.463806,-819.306091,0.0,82.65320390395152,48.88461497360214
1579,0.107422,488.463806,-819.306091,0.0,82.65320390395152,48.88461497360214
1580,0.105469,488.463837,-819.306091,0.0,82.65320390395152,48.88461497360214
1581,0.109375,488.463806,-819.306091,1.0,798.5200249039515,493.07577697360216
1582,0.113281,488.463806,-819.306091,1.0,806.0837459039515,492.98339997360216
1583,0.113281,488.463806,-819.306091,1.0,807.5208799039515,498.1932699736021
1584,0.113281,488.463806,-819.306091,1.0,816.0940609039516,489.78921697360215
1585,0.113281,488.463837,-819.306091,1.0,1437.5374809039517,509.50094797360214
1586,0.113281,488.463837,-819.306091,1.0,1414.0367489039513,506.73025697360214
1587,0.113281,488.463776,-819.306091,1.0,1341.8448539039514,522.695954973602
1588,0.101562,488.463837,-819.306091,1.0,1273.1781059039517,533.7023639736021
1589,0.107422,488.463806,-819.306091,1.0,1155.3725639039517,533.3804039736021
1590,0.103516,488.463837,-819.306091,1.0,1120.6883599039516,532.1338219736022
1591,0.105469,488.463806,-819.306091,1.0,1110.1669979039516,533.9450399736022
1592,0.109375,488.463806,-819.306091,1.0,983.8375909039515,493.70977997360217
1593,0.105469,488.463806,-819.306091,1.0,981.9135189039515,497.68695297360216
1594,0.107422,488.463806,-819.306091,1.0,345.5589349039515,357.4166579736021
1595,0.107422,488.463806,-819.306091,1.0,343.3742119039515,354.93335197360216
1596,0.105469,488.463806,-819.306091,1.0,1267.8656059039517,421.36468697360215
1597,0.107422,488.463806,-819.306091,1.0,1499.7371879039515,408.6938799736021
1598,0.105469,488.463806,-819.306091,1.0,1464.0498099039514,420.9786399736021
1599,0.105469,488.463776,-819.306091,1.0,1114.6722469039514,512.7852499736022
1600,0.105469,488.463806,-819.306091,1.0,1124.2974909039517,506.36898997360214
1601,0.113281,488.463806,-819.306091,1.0,1135.8548639039514,507.6383379736021
1602,0.109375,488.463776,-819.306091,1.0,1145.4876769039515,504.54589997360216
1603,0.107422,488.463806,-819.306091,1.0,1158.2868709039517,501.2947709736021
1604,0.107422,488.463806,-819.306152,1.0,1167.8554749039517,504.9673179736021
1605,0.105469,488.463837,-819.306091,1.0,1075.3200129039515,490.15548897360213
1606,0.107422,488.463806,-819.306091,1.0,1075.4098569039515,491.67288397360215
1607,0.103516,488.463837,-819.306091,1.0,1074.4978079039515,489.32098597360215
1608,0.101562,488.463837,-819.305969,1.0,1189.7661189039513,474.9398519736021
1609,0.101562,488.463654,-819.304321,1.0,1263.6685849039513,465.68936397360216
1610,0.101562,488.46347,-819.300659,1.0,1260.4427549039515,466.0944539736021
1611,0.101562,488.463074,-819.2948,1.0,1260.3680479039517,472.54257397360215
1612,0.103516,488.462524,-819.286743,1.0,1261.6594299039516,466.3309039736021
1613,0.101562,488.461884,-819.276672,1.0,1262.1505179039514,461.43451097360213
1614,0.101562,488.461121,-819.264648,1.0,1256.4016169039514,464.25567797360213
1615,0.103516,488.460175,-819.25061,1.0,1288.2575739039517,466.7193009736021
1616,0.101562,488.459167,-819.234619,1.0,1456.6582089039516,503.30645897360216
1617,0.101562,488.457977,-819.216614,1.0,1480.9196829039515,502.11435097360214
1618,0.101562,488.456726,-819.196777,1.0,1120.6389219039515,455.06842197360214
1619,0.113281,488.455139,-819.172913,1.0,1098.1578429039514,464.81024397360216
1620,0.113281,488.45343,-819.146057,1.0,1095.1998959039515,467.76675597360213
1621,0.109375,488.451569,-819.117859,1.0,1453.8183649039515,633.567536973602
1622,0.109375,488.449585,-819.087708,1.0,1498.8973449039513,661.1998009736021
1623,0.111328,488.447449,-819.054565,1.0,1502.1839659039515,659.1775229736022
1624,0.105469,488.445129,-819.019836,1.0,1607.0279599039513,663.0422079736022
1625,0.103516,488.442688,-818.982178,1.0,1613.1606499039517,660.9847739736022
1626,0.101562,488.440002,-818.941284,1.0,1609.6860409039514,661.5907309736021
1627,0.103516,488.436829,-818.893188,1.0,1607.0272269039515,661.8116169736022
1628,0.103516,488.432892,-818.833618,1.0,1306.4379939039513,552.8612389736022
1629,0.103516,488.427643,-818.755005,1.0,1019.5004939039516,445.57757797360216
1630,0.101562,488.420624,-818.650391,1.0,1013.8436339039515,452.17050397360214
1631,0.111328,488.409912,-818.49115,1.0,1021.4225519039516,488.49990997360214
1632,0.101562,488.397125,-818.303467,1.0,1035.2604429039516,519.7111229736022
1633,0.101562,488.381439,-818.075806,1.0,1031.7250419039515,519.4644489736022
1634,0.101562,488.362366,-817.803101,1.0,916.2569639039515,303.21951497360214
1635,0.103516,488.340088,-817.489136,1.0,923.4317069039515,303.84437797360215
1636,0.101562,488.313995,-817.128784,1.0,980.4989069039515,407.12994597360216
1637,0.113281,488.281586,-816.688477,1.0,1029.0148369039516,484.59991697360215
1638,0.103516,488.247375,-816.233398,1.0,1032.0718439039515,484.61190997360217
1639,0.109375,488.207184,-815.711304,1.0,1034.8651789039516,489.91568197360215
1640,0.103516,488.164398,-815.163696,1.0,1047.3712829039514,517.1117569736022
1641,0.105469,488.117523,-814.570557,1.0,1049.1701109039514,515.3363669736021
1642,0.103516,488.067932,-813.940063,1.0,1050.3845269039516,518.7614159736022
1643,0.109375,488.014191,-813.245361,1.0,1038.1961729039515,465.57406797360215
1644,0.103516,487.962494,-812.56073,1.0,1028.5792899039516,402.07382397360215
1645,0.105469,487.9104,-811.842651,1.0,1029.8024349039515,402.2638569736021
1646,0.103516,487.860138,-811.102051,1.0,1032.8044489039517,406.09939797360215
1647,0.105469,487.81189,-810.323364,1.0,1027.2492119039516,400.50705197360213
1648,0.107422,487.766602,-809.498535,1.0,1036.5132499039514,452.23874097360215
1649,0.105469,487.727234,-808.670288,1.0,1040.6189019039516,534.5866719736022
1650,0.103516,487.692719,-807.811646,1.0,1034.9220029039516,529.7563499736021
1651,0.105469,487.663635,-806.925598,1.0,1027.0129449039514,526.2089249736022
1652,0.105469,487.640228,-806.015076,1.0,1019.4010069039515,524.4016129736021
1653,0.103516,487.622772,-805.086609,1.0,1017.6578429039515,520.7573259736021
1654,0.103516,487.611206,-804.139893,1.0,1027.8366759039516,419.15417697360215
1655,0.105469,487.605652,-803.163879,1.0,1022.5269829039515,419.9382039736021
1656,0.105469,487.606567,-802.14978,1.0,1021.4216369039515,419.26953297360217
1657,0.105469,487.614319,-801.109192,1.0,1020.4932309039515,415.8050559736021
1658,0.105469,487.627502,-800.032837,1.0,1018.6566219039515,415.88955897360216
1659,0.107422,487.645111,-798.891663,1.0,1015.7093559039515,409.45520197360213
1660,0.107422,487.666077,-797.695618,1.0,1016.1395929039516,410.97421497360216
1661,0.105469,487.689301,-796.472351,1.0,996.0690369039515,493.24133497360214
1662,0.107422,487.715942,-795.174622,1.0,990.3543149039515,500.4261189736021
1663,0.107422,487.745483,-793.86084,1.0,991.6098689039516,502.1518269736021
1664,0.101562,487.777252,-792.579224,1.0,992.2100889039515,500.43860097360215
1665,0.103516,487.812103,-791.276062,1.0,991.6996519039516,498.18179497360217
1666,0.103516,487.849854,-789.952942,1.0,990.3297789039515,492.8151879736021
1667,0.103516,487.890564,-788.587891,1.0,966.6210379039516,416.43390097360214
1668,0.103516,487.932861,-787.205872,1.0,967.8826959039516,412.00479297360215
1669,0.107422,487.977203,-785.760254,1.0,968.0142879039515,407.80151597360214
1670,0.103516,488.020355,-784.332397,1.0,968.7504939039516,410.67163297360213
1671,0.103516,488.062561,-782.898315,1.0,932.6513729039515,294.7733329736021
1672,0.111328,488.107208,-781.324768,1.0,927.7556819039515,288.59791797360214
1673,0.107422,488.148499,-779.813416,1.0,926.2650809039516,293.6645219736022
1674,0.103516,488.188019,-778.312134,1.0,957.7481749039515,490.61959997360213
1675,0.103516,488.22644,-776.801331,1.0,959.0650079039515,492.8600789736021
1676,0.101562,488.263489,-775.295532,1.0,961.6425229039515,547.5773029736022
1677,0.101562,488.299561,-773.774048,1.0,966.1391049039515,545.0403459736021
1678,0.103516,488.334991,-772.227417,1.0,972.0482849039515,539.1913779736021
1679,0.103516,488.369476,-770.656311,1.0,972.2966979039516,544.4967369736021
1680,0.103516,488.402557,-769.084534,1.0,976.0879569039515,548.8017599736022
1681,0.101562,488.434418,-767.496216,1.0,975.0657409039516,541.8964249736022
1682,0.103516,488.464966,-765.894043,1.0,977.1771909039516,547.0610979736022
1683,0.101562,488.493744,-764.303894,1.0,976.1537529039515,545.9029869736021
1684,0.103516,488.522003,-762.658203,1.0,978.6306209039515,547.2124649736022
1685,0.105469,488.549561,-760.960022,1.0,957.7643489039515,512.4974079736021
1686,0.103516,488.576416,-759.224304,1.0,960.9126639039515,509.5765099736021
1687,0.103516,488.603058,-757.4646,1.0,960.7010559039516,505.99313597360214
1688,0.103516,488.630157,-755.667358,1.0,961.5241759039516,505.48254597360216
1689,0.105469,488.657867,-753.847778,1.0,964.7156429039516,500.8094499736021
1690,0.105469,488.685547,-752.045471,1.0,914.6890929039515,295.5758839736021
1691,0.101562,488.712952,-750.282959,1.0,916.3898369039515,292.17668297360217
1692,0.105469,488.740875,-748.486877,1.0,954.6875669039515,420.06491297360213
1693,0.103516,488.76886,-746.690796,1.0,970.4589289039516,510.0387589736021
1694,0.105469,488.796661,-744.893555,1.0,973.4332939039515,510.90960897360213
1695,0.105469,488.823883,-743.127625,1.0,967.0112969039516,505.20233397360215
1696,0.107422,488.851959,-741.299805,1.0,980.5056209039515,546.3420119736022
1697,0.103516,488.878845,-739.550232,1.0,980.6616879039515,544.4795859736021
1698,0.103516,488.905762,-737.801208,1.0,977.7017879039515,543.9272179736022
1699,0.103516,488.932739,-736.056702,1.0,987.9486139039515,525.6172809736022
1700,0.105469,488.960022,-734.290405,1.0,981.4863949039516,545.1185929736021
1701,0.105469,488.987244,-732.530273,1.0,981.2482359039515,544.4577049736022
1702,0.107422,489.014496,-730.765198,1.0,978.1034599039515,546.4746719736022
1703,0.107422,489.042297,-728.961365,1.0,977.0956479039515,549.3804649736021
1704,0.109375,489.069855,-727.163574,1.0,974.3183039039516,547.2608359736021
1705,0.111328,489.097992,-725.331482,1.0,975.5324759039515,547.6427939736021
1706,0.109375,489.125671,-723.519226,1.0,976.1372739039515,557.1456009736021
1707,0.111328,489.153564,-721.695435,1.0,977.3465019039515,555.0039999736022
1708,0.111328,489.181305,-719.878662,1.0,977.2642269039516,555.5185869736022
1709,0.111328,489.209167,-718.056763,1.0,974.2897399039515,556.9127519736021
1710,0.111328,489.236816,-716.24585,1.0,976.1855529039515,555.8799149736021
1711,0.111328,489.264526,-714.434021,1.0,977.5698299039515,558.9182449736022
1712,0.115234,489.292908,-712.574219,1.0,978.7859549039515,557.7701129736022
1713,0.103516,489.318634,-710.88623,1.0,924.4818779039515,487.40304797360216
1714,0.107422,489.34491,-709.166382,1.0,931.5786189039516,481.3527849736021
1715,0.105469,489.370911,-707.464539,1.0,963.0544489039515,534.3453689736021
1716,0.113281,489.398407,-705.654541,1.0,963.3245299039515,536.6513079736021
1717,0.113281,489.425049,-703.871704,1.0,960.9839539039515,534.7755449736021
1718,0.113281,489.450775,-702.093689,1.0,959.3671319039515,533.1360489736021
1719,0.107422,489.474213,-700.406677,1.0,962.2714899039515,528.5740379736021
1720,0.101562,489.495605,-698.806213,1.0,962.5651909039515,525.8397849736021
1721,0.113281,489.517517,-697.060913,1.0,960.2424369039516,529.7867449736021
1722,0.101562,489.535858,-695.476868,1.0,923.5457209039515,315.66012797360213
1723,0.101562,489.552307,-693.927551,1.0,926.0535949039515,312.65985297360214
1724,0.103516,489.566986,-692.369019,1.0,979.3216609039515,506.3771689736021
1725,0.101562,489.57959,-690.826111,1.0,978.8833069039515,535.1060509736021
1726,0.101562,489.590088,-689.297058,1.0,1166.0795959039515,383.92978097360213
1727,0.115234,489.599579,-687.562683,1.0,1423.5233209039516,177.96251097360215
1728,0.101562,489.605835,-686.0401,1.0,1052.7288269039514,442.6214309736021
1729,0.103516,489.610168,-684.518494,1.0,985.3777519039515,492.63656797360215
1730,0.103516,489.61261,-682.994629,1.0,986.9181579039515,492.45416497360213
1731,0.103516,489.613251,-681.481323,1.0,971.4147399039515,503.9679279736021
1732,0.101562,489.612183,-680.00824,1.0,972.1376399039515,501.3036819736021
1733,0.103516,489.609283,-678.504761,1.0,974.9646049039516,507.03405997360215
1734,0.103516,489.604767,-677.021973,1.0,949.7569639039515,398.4577959736021
1735,0.103516,489.598389,-675.546936,1.0,921.0054379039515,296.39125297360215
1736,0.101562,489.590515,-674.089417,1.0,920.3830619039516,294.7994099736021
1737,0.103516,489.58078,-672.625916,1.0,991.2221739039516,499.39062697360214
1738,0.103516,489.569489,-671.175049,1.0,992.4631409039515,500.8332229736021
1739,0.103516,489.556702,-669.743164,1.0,991.6603449039516,499.89261097360213
1740,0.101562,489.542511,-668.332397,1.0,994.5075129039515,498.88376097360214
1741,0.115234,489.524506,-666.734436,1.0,996.9048519039516,499.79940997360217
1742,0.115234,489.504822,-665.163513,1.0,996.5213679039515,494.05209497360215
1743,0.105469,489.484802,-663.708801,1.0,994.4094299039515,491.6363549736021
1744,0.103516,489.464417,-662.33728,1.0,998.6419119039515,483.06594997360213
1745,0.103516,489.442627,-660.974915,1.0,921.6145689039515,285.7607749736021
1746,0.101562,489.420654,-659.689575,1.0,910.7838189039516,255.31764397360215
1747,0.101562,489.398682,-658.479492,1.0,917.3255059039515,301.58645797360214
1748,0.103516,489.376709,-657.334717,1.0,917.6535699039515,301.41415597360213
1749,0.101562,489.355103,-656.258728,1.0,1023.2461609039515,470.54599197360216
1750,0.101562,489.334198,-655.26532,1.0,1026.2069759039514,473.1789569736021
1751,0.115234,489.311188,-654.216919,1.0,1020.8444269039516,462.3295309736021
1752,0.113281,489.289124,-653.248169,1.0,916.0114189039515,303.7456839736021
1753,0.113281,489.268616,-652.376587,1.0,914.3416809039516,299.52301197360214
1754,0.115234,489.248932,-651.566895,1.0,913.7084409039516,300.8943039736022
1755,0.113281,489.230896,-650.842773,1.0,911.0018979039515,299.20355397360214
1756,0.113281,489.214935,-650.215698,1.0,910.6048639039515,294.99849097360215
1757,0.111328,489.200958,-649.676758,1.0,996.2913879039515,407.31112897360214
1758,0.113281,489.189056,-649.223633,1.0,1002.8197689039515,427.00351097360215
1759,0.113281,489.179077,-648.851501,1.0,1008.3543759039516,414.86328297360217
1760,0.115234,489.171356,-648.563965,1.0,923.4328059039515,291.89895797360214
1761,0.113281,489.165894,-648.362122,1.0,924.3992369039515,288.27778797360213
1762,0.101562,489.162842,-648.251648,1.0,923.4030209039515,288.1738449736022
1763,0.115234,489.16153,-648.204224,1.0,925.0263119039515,286.57159597360214
1764,0.103516,489.161591,-648.20575,1.0,925.9791929039516,286.85955997360213
1765,0.101562,489.161896,-648.214478,1.0,1205.9343319039517,573.3972489736022
1766,0.105469,489.16214,-648.220947,1.0,1211.0595759039516,621.2669389736022
1767,0.101562,489.16214,-648.22168,1.0,1213.5147759039514,626.4707969736021
1768,0.101562,489.162079,-648.218933,1.0,1245.4063779039516,598.0674149736021
1769,0.113281,489.162018,-648.21582,1.0,1301.9898739039513,538.1506059736021
1770,0.111328,489.162018,-648.214905,1.0,1296.5686089039514,544.0032669736022
1771,0.111328,489.161987,-648.215881,1.0,1292.1825009039517,541.7785659736021
1772,0.111328,489.162079,-648.217102,1.0,1285.8212949039516,544.5499589736021
1773,0.109375,489.162079,-648.217468,1.0,1281.0737359039517,540.6571979736021
1774,0.113281,489.162048,-648.217102,1.0,1239.2955379039513,547.7278459736021
1775,0.111328,489.162048,-648.216492,1.0,911.0384579039516,368.4816609736021
1776,0.101562,489.162048,-648.216431,1.0,1002.1105399039516,457.89270197360213
1777,0.113281,489.162048,-648.216492,1.0,1049.5368709039515,512.6011979736022
1778,0.111328,489.162048,-648.216431,1.0,1210.5028129039515,534.9200459736021
1779,0.109375,489.161987,-648.214478,1.0,1255.8645079039516,555.0175189736021
1780,0.111328,489.161835,-648.2099,1.0,1253.2524469039513,552.9698809736021
1781,0.111328,489.161652,-648.202759,1.0,1262.9050349039517,562.9511429736021
1782,0.113281,489.161407,-648.192871,1.0,1262.4082089039516,572.8966389736022
1783,0.111328,489.161041,-648.180603,1.0,1256.0039119039516,566.4522419736022
1784,0.113281,489.160675,-648.166077,1.0,1044.3259949039516,398.3679829736021
1785,0.113281,489.160187,-648.149109,1.0,1036.2971859039517,396.55258397360217
1786,0.111328,489.159668,-648.129822,1.0,1035.2844909039516,420.0189229736021
1787,0.111328,489.159088,-648.108337,1.0,1025.6378229039515,440.86041497360213
1788,0.111328,489.158417,-648.084229,1.0,1033.9134579039514,443.49408197360214
1789,0.101562,489.157776,-648.060852,1.0,1024.6148739039515,451.52649097360217
1790,0.111328,489.157013,-648.032959,1.0,1021.9430599039515,448.4748859736021
1791,0.107422,489.156158,-648.003235,1.0,996.7457939039515,452.7311419736021
1792,0.107422,489.155365,-647.972046,1.0,859.8049979039515,524.7883019736021
1793,0.107422,489.154449,-647.938721,1.0,859.1901909039515,518.1211869736021
1794,0.111328,489.153442,-647.902527,1.0,858.9268859039515,521.5544449736021
1795,0.109375,489.152435,-647.864197,1.0,860.6353819039515,515.2646499736022
1796,0.109375,489.151306,-647.823853,1.0,867.0039729039515,513.8904129736022
1797,0.111328,489.150116,-647.780701,1.0,867.7689269039515,509.2582719736021
1798,0.109375,489.148773,-647.731506,1.0,887.7597099039515,446.14911097360215
1799,0.111328,489.147003,-647.666504,1.0,922.1026059039515,316.3792439736021
1800,0.111328,489.144257,-647.568542,1.0,917.8001159039516,315.85861397360213
1801,0.109375,489.140198,-647.421448,1.0,995.2738709039515,401.50387797360213
1802,0.111328,489.134552,-647.220093,1.0,1038.5702569039515,476.67743097360216
1803,0.101562,489.128265,-646.996155,1.0,1037.6167659039515,465.7484759736021
1804,0.107422,489.120239,-646.710571,1.0,1034.9027159039515,465.6155109736021
1805,0.107422,489.11084,-646.378662,1.0,1032.4973809039516,468.0614029736021
1806,0.109375,489.099976,-645.997803,1.0,1031.8918509039515,466.37661897360215
1807,0.109375,489.087341,-645.559204,1.0,1032.1803649039516,461.49820097360214
1808,0.111328,489.073242,-645.073975,1.0,1325.5506649039517,88.57935897360214
1809,0.109375,489.057404,-644.536255,1.0,1084.7965149039514,414.09478997360213
1810,0.113281,489.039673,-643.939819,1.0,1091.8449759039515,462.83349797360216
1811,0.115234,489.019684,-643.276794,1.0,1096.3625549039516,455.99630897360214
1812,0.111328,488.998413,-642.582703,1.0,1055.6441099039516,477.55749697360216
1813,0.101562,488.978119,-641.927246,1.0,986.2587339039516,494.8771689736021
1814,0.101562,488.956604,-641.24408,1.0,982.8156799039515,501.07226797360215
1815,0.115234,488.931061,-640.443237,1.0,981.3407649039515,495.91336297360215
1816,0.113281,488.903748,-639.601685,1.0,979.3303279039516,497.71634097360214
1817,0.113281,488.874695,-638.721863,1.0,977.3761649039516,491.6855489736021
1818,0.115234,488.843536,-637.795288,1.0,969.1522269039515,489.02343897360214
1819,0.115234,488.810486,-636.825378,1.0,992.1095639039515,513.8330399736021
1820,0.113281,488.775848,-635.82251,1.0,987.2893119039516,511.24276897360215
1821,0.113281,488.739899,-634.79541,1.0,986.6345269039515,513.8132039736022
1822,0.113281,488.702393,-633.741516,1.0,991.0969909039516,505.2617819736021
1823,0.101562,488.667908,-632.785889,1.0,995.0238709039515,501.81060997360214
1824,0.105469,488.629974,-631.748108,1.0,988.3218439039515,501.0689719736021
1825,0.115234,488.5867,-630.580383,1.0,990.9802299039516,499.27597197360217
1826,0.113281,488.541168,-629.371094,1.0,992.8706109039515,496.57339697360214
1827,0.111328,488.49353,-628.123169,1.0,989.7419489039515,495.43737997360216
1828,0.113281,488.442963,-626.819702,1.0,994.7343199039515,484.68802097360214
1829,0.113281,488.391083,-625.500061,1.0,995.8555359039515,488.7297689736021
1830,0.113281,488.338501,-624.16803,1.0,997.6782279039516,492.63461497360214
1831,0.101562,488.291779,-622.987244,1.0,998.2742369039515,492.5346389736021
1832,0.101562,488.244904,-621.800903,1.0,1004.9675349039516,500.66085997360216
1833,0.113281,488.192596,-620.474304,1.0,1007.4103449039516,495.49398997360214
1834,0.105469,488.145111,-619.26532,1.0,1012.4530699039515,497.88510297360216
1835,0.113281,488.094482,-617.973877,1.0,1015.5208799039515,490.0631429736021
1836,0.113281,488.044312,-616.695496,1.0,1008.7680719039515,472.75738697360214
1837,0.113281,487.994812,-615.436462,1.0,1000.9241389039515,448.31271597360217
1838,0.111328,487.946167,-614.199646,1.0,1000.3458309039515,474.09637597360216
1839,0.111328,487.897919,-612.973572,1.0,997.4651549039515,492.24081597360214
1840,0.111328,487.850098,-611.758362,1.0,993.3013969039515,481.8114949736021
1841,0.113281,487.801849,-610.532959,1.0,921.4958549039516,301.5402239736021
1842,0.111328,487.754883,-609.338257,1.0,835.8374079039515,26.09983297360214
1843,0.113281,487.708008,-608.149963,1.0,835.8374079039515,26.09983297360214
1844,0.111328,487.661621,-606.975098,1.0,835.8374079039515,26.09983297360214
1845,0.111328,487.616364,-605.831177,1.0,835.8374079039515,26.09983297360214
1846,0.109375,487.57135,-604.695984,1.0,835.8374079039515,26.09983297360214
1847,0.111328,487.52713,-603.58136,0.0,82.65320390395152,48.88461497360214
1848,0.109375,487.482849,-602.464661,1.0,980.3563289039515,358.37677197360216
1849,0.113281,487.43808,-601.34082,1.0,977.4903009039515,357.17007597360214
1850,0.115234,487.39267,-600.202271,1.0,981.5477349039516,356.4545309736021
1851,0.113281,487.347931,-599.083313,1.0,978.1226859039515,354.52548397360215
1852,0.115234,487.30368,-597.977844,1.0,975.4971979039515,355.65487897360214
1853,0.111328,487.259949,-596.890442,1.0,954.4014949039515,449.51785497360214
1854,0.111328,487.217072,-595.835815,1.0,957.5126399039515,447.9928299736021
1855,0.101562,487.177185,-594.875732,1.0,959.0962579039515,445.4916099736021
1856,0.111328,487.133087,-593.839966,1.0,957.9188289039515,444.15194897360215
1857,0.109375,487.088715,-592.829224,1.0,935.4032039039515,330.3739029736021
1858,0.113281,487.04184,-591.793213,1.0,935.0985159039515,295.0416579736021
1859,0.105469,486.996826,-590.828857,1.0,995.1196959039515,395.6181659736021
1860,0.113281,486.947479,-589.796814,1.0,1024.8318539039515,447.75525097360213
1861,0.111328,486.896515,-588.75415,1.0,1027.9003349039515,448.05294997360215
1862,0.111328,486.843506,-587.695435,1.0,1029.6714539039515,444.53662297360216
1863,0.113281,486.787048,-586.59259,1.0,1404.9901179039516,177.77932897360213
1864,0.101562,486.735657,-585.606384,1.0,1407.9866999039514,181.97812097360213
1865,0.113281,486.675049,-584.454163,1.0,1133.5112359039517,363.76217797360215
1866,0.101562,486.62088,-583.424011,1.0,1014.3744559039516,448.80233997360216
1867,0.101562,486.565918,-582.376587,1.0,1010.8048759039515,447.93222197360217
1868,0.101562,486.510986,-581.31958,1.0,1016.9005789039516,447.16531597360216
1869,0.113281,486.448456,-580.096375,1.0,1089.8331969039514,496.18252797360213
1870,0.101562,486.394287,-579.004761,1.0,1091.3374689039515,492.03936997360216
1871,0.101562,486.341034,-577.896973,1.0,1092.6214659039515,491.74905597360214
1872,0.101562,486.288788,-576.766235,1.0,935.4591729039515,288.2335069736022
1873,0.101562,486.238434,-575.625549,1.0,937.2738089039515,291.5193039736022
1874,0.101562,486.189087,-574.456421,1.0,936.0493219039515,291.52845997360214
1875,0.101562,486.141907,-573.282166,1.0,934.5955869039515,293.5202959736022
1876,0.101562,486.096649,-572.096985,1.0,1086.0114189039514,452.04834197360213
1877,0.115234,486.047516,-570.730164,1.0,1111.2470759039516,487.4935019736021
1878,0.113281,486.001312,-569.34967,1.0,1111.7838189039517,483.20053297360215
1879,0.115234,485.95813,-567.948608,1.0,1110.5897269039515,485.9573689736021
1880,0.103516,485.921661,-566.655151,1.0,1023.6403259039515,478.85547097360217
1881,0.115234,485.884888,-565.214172,1.0,1023.2896179039515,481.5775469736021
1882,0.115234,485.851868,-563.756897,1.0,1023.7504329039515,480.86303897360216
1883,0.113281,485.822723,-562.285645,1.0,1071.9468439039515,474.87582597360216
1884,0.115234,485.79718,-560.780212,1.0,1128.0355279039513,480.79721297360214
1885,0.101562,485.778107,-559.442871,1.0,1128.8319149039517,483.4899009736021
1886,0.115234,485.760254,-557.897644,1.0,1126.7907769039516,486.09500297360216
1887,0.101562,485.74823,-556.525574,1.0,1122.6720029039516,490.94220197360215
1888,0.115234,485.738922,-554.938232,1.0,1121.9654599039513,486.27429397360214
1889,0.101562,485.734711,-553.524414,1.0,938.4887749039515,312.72973797360214
1890,0.101562,485.734436,-552.090698,1.0,937.7412169039516,311.62658897360217
1891,0.101562,485.73819,-550.660278,1.0,939.1272639039515,312.50439597360213
1892,0.115234,485.747437,-549.004028,1.0,1060.9287169039517,429.69815297360213
1893,0.101562,485.760193,-547.524414,1.0,1094.5976619039516,461.0065629736021
1894,0.101562,485.777374,-546.027283,1.0,1092.0330869039515,459.42990297360217
1895,0.101562,485.799042,-544.523376,1.0,1096.6624199039516,480.01562697360214
1896,0.101562,485.8255,-542.992493,1.0,1090.1555229039516,502.66983197360213
1897,0.101562,485.856842,-541.455017,1.0,1085.6170099039514,504.6818559736021
1898,0.101562,485.893646,-539.899963,1.0,1083.3147029039515,502.4392409736021
1899,0.101562,485.93631,-538.329102,1.0,1077.2428039039514,502.21023797360215
1900,0.103516,485.98584,-536.724121,1.0,1072.1387389039514,497.31601097360215
1901,0.103516,486.041199,-535.130615,1.0,1067.1832329039516,500.4874899736021
1902,0.101562,486.102173,-533.550171,1.0,1064.9169979039516,501.68783797360214
1903,0.115234,486.177948,-531.773865,1.0,1063.9541069039515,494.8658469736021
1904,0.113281,486.259308,-530.040894,1.0,1364.8442439039513,251.22583197360214
1905,0.101562,486.339111,-528.473083,1.0,1330.3953919039513,282.46014597360215
1906,0.101562,486.424133,-526.915771,1.0,1070.8098199039514,493.50662397360213
1907,0.103516,486.5159,-525.341614,1.0,1059.7655699039515,493.18567097360216
1908,0.101562,486.610748,-523.81427,1.0,1050.7841239039515,488.59518597360216
1909,0.115234,486.726288,-522.062317,1.0,1047.7675839039516,487.0345479736021
1910,0.113281,486.847748,-520.331787,1.0,1041.7443289039516,482.44186597360215
1911,0.115234,486.976288,-518.602173,1.0,1036.1770689039515,478.3694479736021
1912,0.113281,487.112152,-516.871704,1.0,1028.6904959039516,481.01580997360213
1913,0.113281,487.254547,-515.149841,1.0,1020.2132019039515,477.8443929736021
1914,0.115234,487.4039,-513.429077,1.0,1014.8103079039515,475.61148297360216
1915,0.113281,487.561584,-511.69455,1.0,1006.1535089039515,469.67144997360214
1916,0.109375,487.718964,-510.029907,1.0,1000.2724669039516,469.78125197360214
1917,0.111328,487.881165,-508.36084,1.0,995.1743829039515,468.94641297360215
1918,0.109375,488.045227,-506.693878,1.0,990.1436829039516,466.14599797360216
1919,0.109375,488.210938,-505.010315,1.0,984.8582209039515,472.07559397360217
1920,0.103516,488.362701,-503.441559,1.0,974.6063289039515,471.59887897360215
1921,0.103516,488.512299,-501.843414,1.0,943.4776059039515,471.36450397360215
1922,0.111328,488.663391,-500.149628,1.0,928.1138359039516,476.99200597360215
1923,0.107422,488.802246,-498.481598,1.0,928.1170099039515,471.15857097360214
1924,0.107422,488.926544,-496.830383,1.0,927.8068909039515,467.64135897360217
1925,0.109375,489.038208,-495.146851,1.0,928.3638969039515,474.41449197360214
1926,0.109375,489.133484,-493.451752,1.0,934.1194519039515,467.2407549736021
1927,0.101562,489.205994,-491.88974,1.0,933.7430479039515,464.16876397360215
1928,0.111328,489.269135,-490.16217,1.0,940.4591729039515,469.31875797360215
1929,0.103516,489.312042,-488.557159,1.0,943.3021909039516,462.01486397360213
1930,0.111328,489.342224,-486.832611,1.0,947.3900809039516,465.34304997360215
1931,0.105469,489.357056,-485.166351,1.0,967.9158989039515,497.9802879736021
1932,0.105469,489.359619,-483.49234,1.0,976.1907409039516,499.29333697360215
1933,0.105469,489.350708,-481.787323,1.0,983.1256159039515,496.79815897360214
1934,0.107422,489.330505,-480.025421,1.0,989.2622739039515,494.3386249736021
1935,0.109375,489.299591,-478.212128,1.0,992.9860289039515,492.17236497360216
1936,0.105469,489.26004,-476.414062,1.0,995.6536309039515,492.59286697360216
1937,0.105469,489.212189,-474.613434,1.0,1002.5959529039516,489.78589097360214
1938,0.107422,489.155273,-472.778687,1.0,1001.3353329039516,490.81576697360214
1939,0.107422,489.091705,-470.96698,1.0,1009.7515319039516,491.28219797360214
1940,0.105469,489.022003,-469.122803,1.0,1014.4805969039516,489.25842497360213
1941,0.109375,488.948486,-467.266632,1.0,1018.5744079039515,485.82638697360215
1942,0.107422,488.872345,-465.390472,1.0,1020.8615169039515,481.62246897360217
1943,0.109375,488.794159,-463.480835,1.0,1024.0585379039517,481.94702297360215
1944,0.107422,488.717407,-461.61615,1.0,1025.3004819039515,486.8108849736021
1945,0.105469,488.641754,-459.776398,1.0,1021.5751399039515,492.07727197360214
1946,0.105469,488.564606,-457.902588,1.0,992.4605769039515,481.4206259736021
1947,0.105469,488.488312,-456.049469,1.0,996.5908869039515,475.66861197360214
1948,0.109375,488.408112,-454.102966,1.0,995.4759579039516,479.02771197360215
1949,0.107422,488.331268,-452.203705,1.0,996.5392509039515,477.14727997360217
1950,0.115234,488.251556,-450.140472,1.0,999.6989799039516,468.48657397360216
1951,0.109375,488.181519,-448.179321,1.0,1001.3237969039516,470.5582299736021
1952,0.107422,488.119202,-446.244049,1.0,999.7083799039515,467.13253997360215
1953,0.107422,488.063721,-444.287933,1.0,1004.1256159039515,468.39758497360214
1954,0.105469,488.016541,-442.363678,1.0,981.5279599039516,350.70428697360217
1955,0.105469,487.976959,-440.462189,1.0,1067.2357849039515,403.0973839736021
1956,0.101562,487.944153,-438.577301,1.0,1032.2943779039515,481.5630509736021
1957,0.101562,487.917847,-436.712555,1.0,1034.2964539039515,477.81533997360214
1958,0.103516,487.8974,-434.822174,1.0,1035.8218439039515,484.79556497360215
1959,0.111328,487.882111,-432.733032,1.0,1030.1484429039515,480.45404197360216
1960,0.111328,487.874756,-430.666962,1.0,1024.6907409039516,484.44879297360217
1961,0.101562,487.874908,-428.786224,1.0,1024.6458799039515,482.70248597360217
1962,0.101562,487.881714,-426.879578,1.0,1024.7038019039514,481.2604999736021
1963,0.111328,487.897034,-424.764526,1.0,1019.9199279039515,480.50537297360216
1964,0.101562,487.917572,-422.874969,1.0,1019.2721619039515,482.7169819736021
1965,0.113281,487.948822,-420.717773,1.0,970.4776059039515,342.3889479736021
1966,0.101562,487.983582,-418.781799,1.0,971.2370659039515,341.15744197360215
1967,0.101562,488.024536,-416.82605,1.0,1021.6386779039515,492.2908959736021
1968,0.107422,488.072205,-414.787506,1.0,1018.8904479039516,491.40783897360217
1969,0.101562,488.121368,-412.820007,1.0,1012.2514709039515,493.67572197360215
1970,0.105469,488.173676,-410.775787,1.0,1003.8084159039515,498.01974697360214
1971,0.103516,488.224823,-408.767303,1.0,1005.7839409039515,488.28799597360216
1972,0.103516,488.273499,-406.77597,1.0,1002.0137999039515,493.5764479736021
1973,0.103516,488.319702,-404.76239,1.0,887.4954279039515,228.63504197360214
1974,0.105469,488.362366,-402.745697,1.0,942.7433529039515,317.80911497360216
1975,0.103516,488.399719,-400.780212,1.0,943.0062309039515,321.53622597360214
1976,0.101562,488.432098,-398.85672,1.0,1020.7412779039515,492.0626239736021
1977,0.101562,488.459503,-396.968781,1.0,1019.6469779039516,489.40210197360216
1978,0.111328,488.484436,-394.89682,1.0,1025.1412409039515,493.02319497360213
1979,0.101562,488.502075,-393.030731,1.0,1024.5238089039515,426.10440297360213
1980,0.101562,488.515198,-391.159119,1.0,1024.5238089039515,426.10440297360213
1981,0.113281,488.524445,-389.088531,1.0,1015.7232109039516,462.9028339736021
1982,0.111328,488.528107,-387.032166,1.0,1019.9848689039516,467.36013997360214
1983,0.101562,488.526978,-385.210388,1.0,1024.6077939039515,468.9911819736021
1984,0.111328,488.520905,-383.203125,1.0,1036.0067809039515,481.97149897360214
1985,0.113281,488.509857,-381.198456,1.0,1051.5687919039515,452.68844797360214
1986,0.113281,488.493744,-379.19928,1.0,903.2019099039516,195.67164797360215
1987,0.111328,488.47287,-377.227203,1.0,948.4721739039516,375.9233719736021
1988,0.113281,488.446777,-375.248474,1.0,923.0929619039515,309.00256497360215
1989,0.101562,488.419342,-373.491913,1.0,929.4901789039516,309.08954097360214
1990,0.101562,488.387726,-371.730408,1.0,923.0796569039516,305.05307197360213
1991,0.103516,488.352264,-369.961853,1.0,922.8349059039515,309.8570879736021
1992,0.113281,488.310822,-368.024445,1.0,1025.0678159039517,455.14895797360214
1993,0.111328,488.269775,-366.131927,1.0,1024.6607109039514,453.41146997360215
1994,0.111328,488.230225,-364.246552,1.0,1034.4872489039515,451.92776697360216
1995,0.111328,488.194183,-362.366669,1.0,1037.2144219039515,453.87610097360215
1996,0.101562,488.166107,-360.677063,1.0,921.8663389039515,294.79272697360216
1997,0.111328,488.141174,-358.858948,1.0,919.5559139039515,285.69455197360213
1998,0.101562,488.12323,-357.170898,1.0,917.7539119039516,288.6710529736022
1999,0.113281,488.109406,-355.336884,1.0,1025.9103449039517,440.30081397360215
2000,0.109375,488.101501,-353.545868,1.0,1018.9774229039515,443.43969897360216
2001,0.111328,488.098969,-351.75,1.0,1012.3022519039515,444.99020597360214
2002,0.111328,488.101837,-349.961792,1.0,1009.3131159039515,448.80435397360213
2003,0.111328,488.110016,-348.17511,1.0,1004.2474419039515,449.23675697360216
2004,0.113281,488.123413,-346.406677,1.0,1004.5180719039515,448.00949297360216
2005,0.109375,488.141907,-344.661346,1.0,971.2037409039515,386.16885597360215
2006,0.111328,488.165619,-342.920258,1.0,927.2317559039515,310.22964697360214
2007,0.111328,488.194489,-341.188202,1.0,931.2673399039516,311.46548697360214
2008,0.101562,488.224762,-339.632843,1.0,928.1890929039515,309.47320797360214
2009,0.103516,488.260162,-338.037628,1.0,994.0612239039515,430.4928299736021
2010,0.103516,488.2995,-336.450256,1.0,993.8328919039516,463.1981829736021
2011,0.103516,488.341736,-334.869598,1.0,992.5346739039516,463.23962597360213
2012,0.101562,488.383972,-333.33847,1.0,989.4358579039515,459.0344559736021
2013,0.103516,488.427063,-331.779755,1.0,978.9004569039515,441.39651697360216
2014,0.103516,488.467651,-330.261047,1.0,925.8827569039515,286.6330279736021
2015,0.113281,488.510101,-328.580872,1.0,922.4126639039515,283.2343159736022
2016,0.113281,488.549438,-326.903412,1.0,921.0328429039515,281.08992197360215
2017,0.101562,488.582153,-325.39975,1.0,920.8532159039515,281.97068997360213
2018,0.101562,488.612213,-323.922882,1.0,921.3389949039515,281.2362079736022
2019,0.111328,488.642975,-322.30957,1.0,920.6634579039516,288.7131519736022
2020,0.107422,488.670258,-320.774261,1.0,921.5354059039515,287.51498597360217
2021,0.101562,488.69455,-319.305969,1.0,949.3833679039515,363.60241897360214
2022,0.103516,488.71701,-317.834564,1.0,990.3038389039515,474.89029097360213
2023,0.103516,488.737213,-316.38324,1.0,992.1249449039515,478.8664569736021
2024,0.101562,488.755188,-314.945343,1.0,1008.2334039039515,396.37466597360213
2025,0.101562,488.771057,-313.525543,1.0,1053.7927909039515,418.22390897360214
2026,0.113281,488.786346,-311.950897,1.0,991.5901549039515,478.66299597360216
2027,0.113281,488.799438,-310.376801,1.0,991.0303399039515,485.65280297360215
2028,0.111328,488.81012,-308.83432,1.0,990.0372369039516,484.2178359736021
2029,0.113281,488.818573,-307.303741,1.0,988.0375419039515,487.69949497360216
2030,0.109375,488.824829,-305.803253,1.0,1502.9462949039516,645.1626299736022
2031,0.101562,488.828766,-304.441132,1.0,1500.5119689039516,642.037141973602
2032,0.101562,488.830963,-303.077667,1.0,1499.9025939039516,640.4098839736021
2033,0.111328,488.831451,-301.583374,1.0,1459.3153129039515,666.3269979736021
2034,0.101562,488.830109,-300.238251,1.0,1465.6735899039513,671.9051229736021
2035,0.103516,488.827271,-298.883698,1.0,1464.1980039039513,671.3066119736022
2036,0.103516,488.822754,-297.514221,1.0,1321.7414609039515,596.0282919736021
2037,0.103516,488.816956,-296.154785,1.0,991.5767879039515,393.17849897360213
2038,0.103516,488.809967,-294.811859,1.0,993.1787779039515,387.4020709736021
2039,0.103516,488.801971,-293.499512,1.0,992.1014459039516,386.08316197360216
2040,0.101562,488.79306,-292.219025,1.0,992.1908019039515,385.33212497360216
2041,0.107422,488.782684,-290.902679,1.0,949.3355159039515,328.14508297360214
2042,0.111328,488.770874,-289.570251,1.0,926.3197079039516,287.4841179736021
2043,0.105469,488.758514,-288.306702,1.0,996.3746399039516,502.4608779736021
2044,0.101562,488.745667,-287.099396,1.0,997.3736629039515,501.5838949736021
2045,0.111328,488.730896,-285.799561,1.0,999.1173149039515,501.0655229736021
2046,0.107422,488.715698,-284.53244,1.0,999.2525079039515,508.1956809736021
2047,0.105469,488.700287,-283.287048,1.0,1000.6440489039516,503.35122897360213
2048,0.103516,488.684998,-282.067444,1.0,987.6532039039515,499.98703197360214
2049,0.101562,488.669952,-280.866455,1.0,967.4480039039515,505.96273997360214
2050,0.101562,488.655212,-279.676727,1.0,970.7725279039515,509.34814597360213
2051,0.103516,488.640381,-278.473419,1.0,969.6217709039515,507.94616897360214
2052,0.107422,488.625397,-277.241119,1.0,980.4648499039515,501.31598097360217
2053,0.103516,488.610748,-276.040466,1.0,993.9897519039515,505.55664297360215
2054,0.101562,488.596405,-274.867249,1.0,998.8241019039515,514.2052629736022
2055,0.101562,488.582306,-273.7117,1.0,994.4246879039515,511.36288597360215
2056,0.103516,488.568085,-272.540222,1.0,996.0626279039515,517.2950459736021
2057,0.103516,488.554016,-271.377228,1.0,996.9781549039516,515.4290789736021
2058,0.103516,488.540161,-270.224304,1.0,996.3048759039515,516.4882529736021
2059,0.105469,488.526245,-269.054413,1.0,998.3036559039515,515.2691979736021
2060,0.107422,488.512665,-267.896088,1.0,976.5050719039515,526.6503009736022
2061,0.103516,488.499268,-266.759888,1.0,977.2070979039515,526.9734519736021
2062,0.107422,488.485931,-265.618744,1.0,978.8158629039515,527.9663719736021
2063,0.103516,488.473267,-264.528748,1.0,998.1526549039515,502.30224797360216
2064,0.107422,488.46109,-263.476715,1.0,1002.7880309039515,503.19116397360216
2065,0.105469,488.449829,-262.495911,1.0,1001.7678279039516,500.9192519736021
2066,0.109375,488.43927,-261.577972,1.0,1001.9990289039515,501.86090297360215
2067,0.107422,488.429932,-260.76535,1.0,903.1101129039515,260.76013397360214
2068,0.105469,488.421814,-260.054413,1.0,909.5314389039515,266.8886129736021
2069,0.103516,488.414948,-259.449249,1.0,920.0195369039516,290.8588429736021
2070,0.103516,488.40918,-258.941925,1.0,953.4287779039515,354.9489459736021
2071,0.103516,488.404449,-258.52533,1.0,1014.0217339039515,490.76001197360216
2072,0.103516,488.400604,-258.189545,1.0,1016.6333069039515,494.9035359736021
2073,0.103516,488.397736,-257.936768,1.0,1014.5372979039515,494.18240597360216
2074,0.103516,488.395782,-257.761536,1.0,1020.3497979039515,484.16183697360214
2075,0.103516,488.394714,-257.668091,1.0,1024.0177669039515,485.75521997360215
2076,0.101562,488.394501,-257.649109,1.0,1022.2478079039515,491.73770297360215
2077,0.103516,488.394531,-257.656738,1.0,1024.9876769039515,486.97348197360213
2078,0.105469,488.394623,-257.667358,1.0,993.8409479039515,520.5917069736022
2079,0.103516,488.394653,-257.672272,1.0,974.6353819039515,554.9787919736021
2080,0.103516,488.394653,-257.670776,1.0,975.1051689039515,552.5198989736022
2081,0.103516,488.394623,-257.66687,1.0,988.2630669039515,503.67974997360216
2082,0.105469,488.394592,-257.664185,1.0,1001.4984799039515,444.9233719736021
2083,0.103516,488.394592,-257.66394,1.0,1009.7138119039515,451.61178797360213
2084,0.101562,488.394623,-257.665192,1.0,1017.6710869039515,448.92923197360216
2085,0.103516,488.394623,-257.666443,1.0,1014.8988709039515,454.46038997360216
2086,0.105469,488.394623,-257.666809,1.0,1072.6129819039515,500.71756197360213
2087,0.101562,488.394623,-257.666412,1.0,1079.9011289039515,503.6566179736021
2088,0.103516,488.394623,-257.665894,1.0,1080.0155699039515,507.9995139736021
2089,0.103516,488.394653,-257.665527,1.0,1089.5553039039514,508.82657097360214
2090,0.101562,488.394623,-257.663788,1.0,1087.3882499039514,509.82614297360215
2091,0.103516,488.394623,-257.660034,1.0,1086.3268489039515,512.1416339736022
2092,0.111328,488.394562,-257.65332,1.0,1087.2391419039516,509.70404197360216
2093,0.107422,488.39444,-257.64444,1.0,1037.2663019039514,474.02099797360216
2094,0.103516,488.394257,-257.633636,1.0,975.6433769039515,440.6060509736021
2095,0.101562,488.394104,-257.621155,1.0,975.3370419039516,445.17395197360213
2096,0.103516,488.393951,-257.606628,1.0,1001.4787039039516,473.3733849736021
2097,0.103516,488.393768,-257.589966,1.0,1030.8475399039517,508.00103997360213
2098,0.101562,488.393616,-257.571533,1.0,1025.2534849039516,508.07452597360214
2099,0.103516,488.393433,-257.550598,1.0,1040.9044249039516,508.6160909736021
2100,0.105469,488.39328,-257.527283,1.0,1049.8702449039515,508.25521997360215
2101,0.105469,488.393127,-257.501251,1.0,1051.2060599039514,510.54419097360216
2102,0.103516,488.392975,-257.470062,1.0,1047.7820489039514,504.79394697360215
2103,0.103516,488.392639,-257.431366,1.0,1047.1840879039514,513.2312639736022
2104,0.101562,488.392365,-257.379486,1.0,1048.6476499039516,529.4678669736022
2105,0.103516,488.391876,-257.306396,1.0,1048.7049619039515,527.3646259736022
2106,0.103516,488.391296,-257.204254,1.0,1047.8532769039516,530.6740129736022
2107,0.101562,488.390503,-257.063995,1.0,1047.3789729039515,523.6406569736021
2108,0.101562,488.389557,-256.881592,1.0,1053.9175469039515,523.0885029736021
2109,0.101562,488.38855,-256.659424,1.0,1050.8320979039515,526.1593039736022
2110,0.103516,488.387604,-256.393158,1.0,1046.2128349039515,529.4296589736022
2111,0.101562,488.38681,-256.085388,1.0,1049.4439139039514,524.8807999736022
2112,0.101562,488.386261,-255.733826,1.0,1053.2893729039515,524.0550859736022
2113,0.101562,488.385956,-255.340637,1.0,1049.8390559039515,524.3161949736021
2114,0.103516,488.38623,-254.904465,1.0,1050.6408139039515,521.7798179736021
2115,0.101562,488.387177,-254.428894,1.0,1051.7148499039515,525.2403579736022
2116,0.107422,488.389069,-253.871994,1.0,1033.6187189039515,509.20819297360214
2117,0.105469,488.391968,-253.295593,1.0,959.9810849039516,419.97723597360215
2118,0.103516,488.396118,-252.673431,1.0,956.0183769039515,412.8328879736021
2119,0.105469,488.401459,-252.024216,1.0,958.8734189039516,410.0347919736021
2120,0.101562,488.407715,-251.362518,1.0,959.5020199039516,412.4467179736021
2121,0.103516,488.414734,-250.670074,1.0,980.2171079039515,505.60199197360214
2122,0.103516,488.422485,-249.947205,1.0,981.9534969039515,510.29116997360217
2123,0.101562,488.430542,-249.211624,1.0,978.3146419039515,510.17282297360214
2124,0.101562,488.438965,-248.445557,1.0,982.4647879039516,507.0362569736021
2125,0.105469,488.448181,-247.627014,1.0,982.1496639039515,506.93396197360215
2126,0.103516,488.45752,-246.805832,1.0,926.8195249039516,283.0598769736022
2127,0.101562,488.467194,-245.970367,1.0,922.8734799039515,281.1015029736021
2128,0.101562,488.477417,-245.115372,1.0,925.5567069039515,277.47631997360213
2129,0.101562,488.488098,-244.238953,1.0,920.9281669039515,279.9090289736022
2130,0.101562,488.499481,-243.332932,1.0,959.7602599039515,438.36422897360217
2131,0.101562,488.511444,-242.401611,1.0,964.1034599039515,488.4727189736021
2132,0.101562,488.523987,-241.449921,1.0,960.2111869039516,491.53235097360215
2133,0.101562,488.537079,-240.478928,1.0,953.9536189039516,102.72284897360214
2134,0.107422,488.551758,-239.416367,1.0,976.8296569039516,468.12277397360214
2135,0.101562,488.56662,-238.366943,1.0,981.2661799039515,457.26242297360216
2136,0.103516,488.58252,-237.267868,1.0,973.4852349039516,509.42099197360216
2137,0.101562,488.599304,-236.140457,1.0,968.1350769039515,502.8551959736021
2138,0.101562,488.617523,-234.958344,1.0,969.0986999039516,507.8057579736021
2139,0.109375,488.638641,-233.647385,1.0,971.8779959039515,500.93579297360213
2140,0.103516,488.660492,-232.36821,1.0,977.9752249039515,504.74670597360216
2141,0.101562,488.682983,-231.116837,1.0,977.8668879039515,506.41604797360213
2142,0.113281,488.710266,-229.687683,1.0,969.6986139039515,504.31945997360214
2143,0.101562,488.736542,-228.374969,1.0,975.0725159039515,516.0530719736021
2144,0.105469,488.764832,-227.0112,1.0,972.2661189039516,509.16497997360216
2145,0.101562,488.793335,-225.661011,1.0,966.6405089039515,511.3043839736021
2146,0.103516,488.822571,-224.277344,1.0,918.2455499039515,306.31332597360216
2147,0.101562,488.851746,-222.889404,1.0,905.8995419039516,265.1560989736021
2148,0.101562,488.880829,-221.494476,1.0,911.2183899039516,260.13295197360213
2149,0.101562,488.909851,-220.091309,1.0,964.6646789039515,485.63470697360214
2150,0.101562,488.939331,-218.664566,1.0,968.7168029039515,506.7836019736021
2151,0.111328,488.972015,-217.081512,1.0,970.9687559039515,514.1278709736021
2152,0.107422,489.003754,-215.552368,1.0,972.6251279039515,510.23919897360213
2153,0.111328,489.036896,-213.95842,1.0,968.1522269039515,503.1705339736021
2154,0.101562,489.067139,-212.505722,1.0,968.7233329039515,510.0365929736021
2155,0.105469,489.099213,-210.967865,1.0,970.1047419039515,505.29516797360213
2156,0.101562,489.130402,-209.470581,1.0,926.4013729039515,299.2619649736022
2157,0.107422,489.163391,-207.881119,1.0,923.9151669039516,304.93463297360216
2158,0.105469,489.195709,-206.327148,1.0,923.2059379039515,299.6015949736021
2159,0.101562,489.22757,-204.792633,1.0,921.2466489039515,298.47131497360215
2160,0.105469,489.260101,-203.225891,1.0,962.5263119039515,491.91757397360215
2161,0.109375,489.294495,-201.569626,1.0,965.6370909039515,515.2872329736022
2162,0.111328,489.328888,-199.891342,1.0,963.7830259039515,516.4871849736021
2163,0.113281,489.363281,-198.16803,1.0,965.5817929039515,513.3594989736021
2164,0.105469,489.394348,-196.551117,1.0,964.7423149039515,514.2754539736022
2165,0.111328,489.425507,-194.84201,1.0,966.7918759039516,511.0565209736021
2166,0.111328,489.454803,-193.128113,1.0,971.6184139039515,501.86108597360214
2167,0.101562,489.479828,-191.575027,1.0,970.4213309039516,505.0442519736021
2168,0.111328,489.506073,-189.839218,1.0,971.9634459039515,500.0101639736021
2169,0.113281,489.531006,-188.08252,1.0,974.0311339039515,506.73553697360217
2170,0.111328,489.554565,-186.301544,1.0,972.6655329039515,501.79983697360217
2171,0.111328,489.576721,-184.498367,1.0,974.9906059039515,500.2048659736021
2172,0.109375,489.597076,-182.666016,1.0,976.6146299039515,493.68017797360216
2173,0.111328,489.615479,-180.794876,1.0,973.5571349039515,493.8994159736021
2174,0.111328,489.631287,-178.889832,1.0,976.4799859039515,492.8503129736021
2175,0.109375,489.643738,-176.994629,1.0,976.4734549039515,511.9273089736021
2176,0.105469,489.65271,-175.162811,1.0,978.4299369039516,514.3175369736022
2177,0.105469,489.6586,-173.344986,1.0,977.5570739039515,511.65231497360213
2178,0.101562,489.661438,-171.617935,1.0,979.7593439039515,513.3130209736021
2179,0.101562,489.661621,-169.870651,1.0,980.8979549039515,511.71118397360215
2180,0.101562,489.659271,-168.172653,1.0,984.4219419039515,524.0313739736021
2181,0.109375,489.653748,-166.313217,1.0,988.8367369039515,553.9784259736022
2182,0.109375,489.645264,-164.468231,1.0,994.0661679039515,552.9481219736022
2183,0.101562,489.634979,-162.794601,1.0,993.3352719039515,558.8811049736021
2184,0.103516,489.621826,-161.082489,1.0,995.0811829039516,563.2091389736022
2185,0.101562,489.606201,-159.385254,1.0,932.7064269039515,404.8473839736021
2186,0.101562,489.588593,-157.745636,1.0,910.0129449039515,312.72265797360217
2187,0.111328,489.566132,-155.909866,1.0,909.2072809039515,307.0851149736021
2188,0.105469,489.542816,-154.222534,1.0,976.0657409039516,523.4810509736021
2189,0.107422,489.516357,-152.498215,1.0,974.2899839039516,530.8464379736022
2190,0.103516,489.488403,-150.838593,1.0,979.9624079039515,522.2047139736021
2191,0.105469,489.457581,-149.156219,1.0,978.8634699039516,523.6410539736021
2192,0.105469,489.424622,-147.490753,1.0,980.0458429039516,518.3465289736021
2193,0.105469,489.38916,-145.82077,1.0,979.0335749039515,519.0880449736021
2194,0.105469,489.352539,-144.178879,1.0,979.4951229039515,510.6690689736021
2195,0.107422,489.315216,-142.525024,1.0,876.2987729039515,516.7638869736022
2196,0.103516,489.279663,-140.922958,1.0,863.3586479039516,519.6637589736022
2197,0.105469,489.24527,-139.308105,1.0,819.0933899039516,540.4389669736022
2198,0.107422,489.212524,-137.666397,1.0,816.8665219039515,547.439515973602
2199,0.107422,489.182251,-136.041519,1.0,816.0092219039515,555.9074119736022
2200,0.107422,489.154266,-134.432632,1.0,902.1594909039516,556.9185509736021
2201,0.107422,489.127838,-132.820206,1.0,901.7257139039515,559.8251969736021
2202,0.105469,489.103241,-131.23114,1.0,899.4849909039515,558.8182089736022
2203,0.107422,489.080139,-129.660217,1.0,901.2363339039515,562.2030959736021
2204,0.107422,489.058258,-128.0784,1.0,975.7741149039515,519.1536579736021
2205,0.109375,489.037445,-126.462357,1.0,977.3538269039515,512.3692949736021
2206,0.101562,489.019989,-125.000221,1.0,979.7979789039515,510.45910797360216
2207,0.107422,489.002869,-123.432678,1.0,989.6860409039515,505.84280597360214
2208,0.107422,488.98761,-121.890297,1.0,1041.6587579039515,521.8159499736021
2209,0.109375,488.973816,-120.345573,1.0,1042.2329159039514,524.6762099736021
2210,0.109375,488.961426,-118.798332,1.0,1028.4846859039517,523.7691359736021
2211,0.105469,488.950775,-117.289803,1.0,1030.4122979039516,522.5144979736021
2212,0.105469,488.941681,-115.821609,1.0,1032.0590879039514,523.4516619736021
2213,0.103516,488.93396,-114.374298,1.0,1030.7431699039516,520.8278829736021
2214,0.103516,488.927551,-112.929779,1.0,1008.8049979039515,512.6696489736021
2215,0.103516,488.922485,-111.501152,1.0,986.5485899039516,495.51284997360216
2216,0.107422,488.918671,-110.048775,1.0,981.7498839039515,498.23898497360216
2217,0.103516,488.916138,-108.622787,1.0,903.9781549039516,250.60485997360215
2218,0.103516,488.914886,-107.227875,1.0,977.8133599039516,461.5475179736021
2219,0.103516,488.914856,-105.890617,1.0,932.9355529039515,286.92642397360214
2220,0.101562,488.915924,-104.618492,1.0,930.9165099039515,285.31170897360215
2221,0.103516,488.917877,-103.398605,1.0,931.6123099039515,290.47273497360214
2222,0.101562,488.920654,-102.267754,1.0,1287.4165099039515,192.11410697360213
2223,0.103516,488.924011,-101.189705,1.0,1395.3957579039516,172.01709197360213
2224,0.103516,488.92804,-100.157265,1.0,1010.0948539039515,271.78254897360216
2225,0.101562,488.932465,-99.172791,1.0,915.5116629039516,303.77258497360214
2226,0.103516,488.937531,-98.187271,1.0,940.8532159039515,392.06524897360214
2227,0.105469,488.943298,-97.17775,1.0,983.1010799039515,508.53637897360215
2228,0.105469,488.949738,-96.158287,1.0,984.6820739039515,501.0497459736021
2229,0.107422,488.956726,-95.150688,1.0,983.5366879039515,503.5382399736021
2230,0.105469,488.96405,-94.175903,1.0,975.5572569039515,496.96270897360216
2231,0.103516,488.971802,-93.214401,1.0,918.3560849039516,288.2306689736022
2232,0.105469,488.97998,-92.240364,1.0,915.3809869039516,289.48304897360214
2233,0.105469,488.98822,-91.289291,1.0,966.4500179039516,478.6071799736021
2234,0.111328,488.996735,-90.291573,1.0,965.8100639039516,497.59903197360217
2235,0.103516,489.004608,-89.36087,1.0,958.5860649039515,492.2696859736021
2236,0.103516,489.012238,-88.442368,1.0,1057.9986019039516,171.98149297360214
2237,0.109375,489.019989,-87.497101,1.0,976.2934629039515,497.53885097360217
2238,0.107422,489.02774,-86.552559,1.0,987.2083799039515,496.17358597360214
2239,0.103516,489.035156,-85.654427,1.0,984.4186459039515,496.61923397360215
2240,0.105469,489.042572,-84.760185,1.0,983.8701229039515,498.12521597360217
2241,0.103516,489.049988,-83.875198,1.0,983.1674859039515,496.8505569736021
2242,0.101562,489.057251,-83.005951,1.0,849.5072689039515,484.09597997360214
2243,0.103516,489.064545,-82.128593,1.0,836.5321099039516,494.0063799736021
2244,0.103516,489.07193,-81.24736,1.0,829.8579159039515,496.95691097360213
2245,0.105469,489.079559,-80.331978,1.0,815.7933409039515,494.86160497360214
2246,0.107422,489.087219,-79.409935,1.0,811.7487849039516,500.5578019736021
2247,0.109375,489.095032,-78.466255,1.0,936.4096739039516,338.2498489736021
2248,0.105469,489.102753,-77.539246,1.0,937.1436829039516,342.94824397360213
2249,0.103516,489.110352,-76.619415,1.0,931.9199279039515,338.4537679736021
2250,0.103516,489.118317,-75.664169,1.0,950.3320979039515,396.8435989736021
2251,0.103516,489.126526,-74.677048,1.0,972.7210139039515,481.69119497360214
2252,0.103516,489.135132,-73.639137,1.0,970.8847709039516,480.72928097360216
2253,0.107422,489.144501,-72.518425,1.0,968.8730529039515,473.6866779736021
2254,0.103516,489.153992,-71.376221,1.0,972.5312559039515,476.5909439736021
2255,0.103516,489.163818,-70.194099,1.0,974.7837579039515,480.38025097360213
2256,0.109375,489.174347,-68.927071,1.0,974.6182919039516,487.01812897360213
2257,0.105469,489.185211,-67.624489,1.0,974.9310969039515,478.61340497360214
2258,0.111328,489.196869,-66.219261,1.0,970.9819389039516,499.37790097360215
2259,0.105469,489.208374,-64.833656,1.0,967.6359919039515,538.5948199736022
2260,0.107422,489.220062,-63.434044,1.0,968.8490049039515,541.1744709736022
2261,0.105469,489.231476,-62.065365,1.0,973.1217099039516,538.0964379736022
2262,0.103516,489.242584,-60.734627,1.0,973.0642759039515,541.3352379736021
2263,0.111328,489.254272,-59.329063,1.0,968.9602109039515,545.8502829736021
2264,0.107422,489.26535,-57.995827,1.0,990.3689629039516,484.8074669736021
2265,0.105469,489.276276,-56.683884,1.0,995.8880059039515,487.53555497360213
2266,0.105469,489.287109,-55.382175,1.0,999.8560239039515,479.9615799736021
2267,0.103516,489.297607,-54.115829,1.0,982.2907159039515,482.1718159736021
2268,0.103516,489.308075,-52.856167,1.0,974.1812189039515,481.78885097360217
2269,0.103516,489.31839,-51.618122,1.0,977.3904479039516,487.18798997360216
2270,0.101562,489.328491,-50.406116,1.0,979.2441459039516,518.0411699736021
2271,0.103516,489.338501,-49.202457,1.0,979.4047299039515,520.3146989736022
2272,0.111328,489.349518,-47.884872,1.0,982.0440119039515,522.9554159736022
2273,0.107422,489.359802,-46.643951,1.0,980.5609799039515,519.3296219736021
2274,0.109375,489.3703,-45.38398,1.0,980.5666559039515,511.1511249736021
2275,0.105469,489.38028,-44.184799,1.0,937.0492609039516,387.10608097360216
2276,0.105469,489.390472,-42.9534,1.0,910.3131159039515,292.85765297360217
2277,0.111328,489.401428,-41.606087,1.0,962.1402039039515,527.1011069736021
2278,0.103516,489.410431,-40.325493,1.0,964.9162659039515,526.0058609736021
2279,0.101562,489.417694,-39.019077,1.0,966.5766049039515,525.8580039736021
2280,0.111328,489.423004,-37.551159,1.0,969.9848079039515,525.7569899736021
2281,0.109375,489.425293,-36.073944,1.0,943.5853939039515,423.71347197360217
2282,0.109375,489.424408,-34.529602,1.0,906.9064389039515,286.3564319736021
2283,0.105469,489.420624,-33.005146,1.0,909.0087949039515,287.9029259736021
2284,0.105469,489.413849,-31.446981,1.0,975.3808649039515,452.0100729736021
2285,0.107422,489.404175,-29.828789,1.0,977.0998589039515,461.64230497360217
2286,0.103516,489.391846,-28.186396,1.0,978.2747249039516,464.71249597360213
2287,0.105469,489.377106,-26.510311,1.0,980.7725889039515,463.74594297360215
2288,0.103516,489.360352,-24.773504,1.0,981.5165459039515,465.26321597360214
2289,0.103516,489.342377,-23.017923,1.0,973.1306819039515,486.58169797360216
2290,0.103516,489.323364,-21.222448,1.0,965.3946589039515,514.9540729736021
2291,0.111328,489.301666,-19.208424,1.0,964.5870419039516,513.3809529736021
2292,0.101562,489.281342,-17.359535,1.0,959.2735649039515,513.9752519736021
2293,0.111328,489.257996,-15.283131,1.0,962.3595639039515,509.51034697360217
2294,0.109375,489.233612,-13.180147,1.0,963.4017999039515,513.0063189736022
2295,0.109375,489.207947,-11.044175,1.0,966.2451229039515,504.59698697360216
2296,0.111328,489.18042,-8.834061,1.0,1014.3281919039515,545.7193929736021
2297,0.101562,489.153992,-6.781755,1.0,1014.8989319039515,545.1918959736022
2298,0.101562,489.126465,-4.69715,1.0,1018.5419979039515,547.9380209736021
2299,0.101562,489.098328,-2.588477,1.0,926.3383239039515,328.15548897360213
2300,0.113281,489.066193,-0.187232,1.0,926.5855769039515,320.22845697360214
2301,0.111328,489.034302,2.210836,1.0,930.8032279039516,316.30639797360215
2302,0.107422,489.00293,4.581804,1.0,936.5705619039516,337.85757597360214
2303,0.111328,488.970276,7.062087,1.0,980.5209409039516,485.97155997360215
2304,0.101562,488.940216,9.343941,1.0,974.1422179039515,491.76962497360216
2305,0.109375,488.907471,11.827785,1.0,978.2757019039515,491.33609197360215
2306,0.103516,488.875336,14.258251,1.0,977.0122739039515,489.6888139736021
2307,0.109375,488.842194,16.787584,1.0,973.6951959039516,493.1861589736021
2308,0.103516,488.810303,19.284451,1.0,967.3529109039515,505.0985129736021
2309,0.103516,488.78006,21.740934,1.0,967.7371269039515,509.7210099736021
2310,0.101562,488.750397,24.248526,1.0,968.3745169039515,506.73459097360217
2311,0.105469,488.7211,26.843281,1.0,968.9799859039515,502.37017997360215
2312,0.101562,488.693298,29.42115,1.0,965.8985649039515,504.15655697360216
2313,0.103516,488.666046,32.052078,1.0,967.9057669039515,501.8687759736021
2314,0.101562,488.639862,34.681835,1.0,967.4835869039515,494.78509697360215
2315,0.105469,488.613922,37.403454,1.0,965.2605649039515,494.18039097360213
2316,0.103516,488.588898,40.155655,1.0,966.1377009039516,499.64834797360214
2317,0.109375,488.564178,43.0313,1.0,967.6580869039515,503.32718097360214
2318,0.107422,488.541077,45.898685,1.0,926.2912659039515,289.70974897360213
2319,0.105469,488.519775,48.747688,1.0,925.4088799039515,291.26580997360213
2320,0.107422,488.500092,51.566692,1.0,921.9039359039515,302.6402299736021
2321,0.105469,488.481964,54.36517,1.0,923.2475639039516,322.2665119736021
2322,0.103516,488.465668,57.106392,1.0,959.5221619039515,510.32718097360214
2323,0.107422,488.450592,59.87392,1.0,961.8499809039515,510.1176469736021
2324,0.103516,488.437256,62.577507,1.0,960.8513239039515,506.59167697360215
2325,0.105469,488.425201,65.292969,1.0,961.4126029039516,502.67202997360215
2326,0.105469,488.41452,68.014191,1.0,961.4350029039515,497.36401597360214
2327,0.107422,488.405212,70.734566,1.0,957.9736999039516,497.70440897360214
2328,0.109375,488.397034,73.530846,1.0,923.7016659039515,275.17294497360217
2329,0.111328,488.390411,76.301903,1.0,923.7469539039515,276.07937797360216
2330,0.109375,488.385315,79.031624,1.0,946.4080259039515,377.48184397360217
2331,0.109375,488.381561,81.754013,1.0,961.7361509039515,494.2371539736021
2332,0.109375,488.379181,84.477425,1.0,965.6698059039516,494.11090297360215
2333,0.107422,488.378265,87.134445,1.0,965.4478209039515,487.02575897360214
2334,0.107422,488.378754,89.778709,1.0,965.3328919039516,492.61462597360213
2335,0.111328,488.380554,92.452133,1.0,927.4345149039515,360.61941697360214
2336,0.109375,488.38382,95.135635,1.0,913.9766289039516,299.6781029736021
2337,0.107422,488.388153,97.690147,1.0,911.1389829039515,306.43222197360217
2338,0.111328,488.394135,100.382553,1.0,907.2030089039515,302.5095079736021
2339,0.113281,488.401306,103.061234,1.0,905.0208799039515,304.94876297360213
2340,0.109375,488.409637,105.699043,1.0,904.4406189039515,297.4671349736021
2341,0.109375,488.419281,108.348808,1.0,913.9092459039515,306.51214797360217
2342,0.107422,488.429993,110.938423,1.0,914.6373959039515,299.47996697360213
2343,0.103516,488.44165,113.460251,1.0,911.0038509039515,483.71991197360217
2344,0.103516,488.454254,115.954094,1.0,911.6808529039515,478.77777297360217
2345,0.107422,488.468506,118.524704,1.0,910.9241389039515,475.50274897360214
2346,0.111328,488.483612,121.080238,1.0,908.9082089039515,472.77884097360214
2347,0.107422,488.493408,123.511192,1.0,911.3938659039516,466.26336897360216
2348,0.107422,488.480652,125.922424,1.0,910.5595149039515,470.72775497360215
2349,0.111328,488.431702,128.305725,1.0,913.4570979039515,464.10946897360213
2350,0.109375,488.338989,130.634567,1.0,902.3418029039515,465.66824497360216
2351,0.107422,488.201111,132.889435,1.0,881.3593809039515,476.2269309736021
2352,0.101562,488.029724,134.978271,1.0,888.5560969039515,473.3793349736021
2353,0.109375,487.805511,137.168793,1.0,890.8541929039516,467.56228797360217
2354,0.107422,487.542053,139.305298,1.0,902.1096249039515,459.32046697360215
2355,0.105469,487.25238,141.31134,1.0,907.0706839039515,289.70602597360215
2356,0.103516,486.928802,143.262802,1.0,906.3444269039516,278.83224697360214
2357,0.105469,486.566986,145.185883,1.0,908.0714779039515,278.27520897360216
2358,0.105469,486.171478,147.060806,1.0,903.6799369039516,284.52134897360213
2359,0.107422,485.74704,148.883774,1.0,827.1764579039515,473.39270197360213
2360,0.105469,485.302612,150.643188,1.0,829.5141659039515,470.69329997360217
2361,0.101562,484.859222,152.287094,1.0,844.3545589039516,471.0813309736021
2362,0.103516,484.406647,153.880981,1.0,879.3198299039515,385.11010897360217
2363,0.101562,483.957031,155.402802,1.0,909.6553399039515,304.8217489736021
2364,0.109375,483.46347,157.020172,1.0,911.2113089039515,304.18589997360215
2365,0.103516,482.98999,158.528336,1.0,907.8687799039516,305.94641297360215
2366,0.105469,482.503113,160.039551,1.0,837.5645809039515,487.4732379736021
2367,0.103516,482.007935,161.53627,1.0,839.7190609039516,490.02258497360214
2368,0.103516,481.515167,162.987289,1.0,837.9385429039515,487.15191797360217
2369,0.111328,480.960358,164.577301,1.0,855.2678889039515,527.0489519736021
2370,0.101562,480.462402,165.967697,1.0,857.7141779039515,530.0254539736022
2371,0.113281,479.887482,167.533707,1.0,863.0733699039515,532.3021569736022
2372,0.109375,479.317108,169.049576,1.0,865.7648369039515,538.5537429736021
2373,0.103516,478.783783,170.435013,1.0,900.1641289039516,288.7895529736021
2374,0.101562,478.242432,171.812088,1.0,902.6643729039515,281.88620197360217
2375,0.103516,477.684387,173.202133,1.0,902.9956719039516,277.10057297360214
2376,0.109375,477.098419,174.630844,1.0,835.3149469039515,479.37042397360216
2377,0.101562,476.5383,175.96814,1.0,856.9943289039516,473.53964397360215
2378,0.107422,475.939911,177.367447,1.0,862.2220519039515,468.10171697360215
2379,0.109375,475.327301,178.770798,1.0,944.1903129039515,345.96026797360213
2380,0.105469,474.722778,180.127747,1.0,887.9514829039515,421.4338399736021
2381,0.105469,474.123138,181.448029,1.0,902.8878839039515,442.9541949736021
2382,0.107422,473.505188,182.783173,1.0,904.5119689039515,449.0469989736021
2383,0.109375,472.862549,184.145554,1.0,911.7417659039515,446.79773097360214
2384,0.109375,472.212524,185.49762,1.0,910.7361509039515,444.80233997360216
2385,0.109375,471.562714,186.824112,1.0,908.6455749039516,445.4642349736021
2386,0.109375,470.908997,188.134506,1.0,945.3968559039515,336.41775697360214
2387,0.107422,470.256226,189.419952,1.0,932.9044249039515,197.35377697360215
2388,0.107422,469.595428,190.698486,1.0,932.9044249039515,197.35377697360215
2389,0.109375,468.918823,191.985291,1.0,932.9044249039515,197.35377697360215
2390,0.111328,468.23703,193.259598,1.0,816.1895809039515,91.58896497360215
2391,0.105469,467.578705,194.469894,1.0,891.0314999039515,341.4242269736021
2392,0.107422,466.905426,195.687698,1.0,813.9240779039516,344.13015897360214
2393,0.107422,466.227112,196.895248,1.0,883.2052669039515,456.3284929736021
2394,0.109375,465.548981,198.083237,1.0,857.3305719039515,491.15475697360216
2395,0.109375,464.874512,199.246185,1.0,839.8523619039515,518.6350729736021
2396,0.109375,464.206604,200.38028,1.0,836.8130549039515,514.7962969736021
2397,0.107422,463.559998,201.461945,1.0,840.6921439039515,515.9906939736022
2398,0.107422,462.911926,202.530685,1.0,843.3906919039515,511.83877797360213
2399,0.103516,462.28717,203.547058,1.0,795.2280329039515,506.2032489736021
2400,0.111328,461.622742,204.61351,1.0,790.4909119039515,504.50167997360217
2401,0.111328,460.942932,205.68956,1.0,796.5586609039515,498.8491839736021
2402,0.101562,460.329163,206.648117,1.0,809.4710139039515,504.14645597360214
2403,0.111328,459.664948,207.671524,1.0,812.1282409039516,505.3711569736021
2404,0.111328,458.991821,208.694382,1.0,813.3913629039515,512.6950089736022
2405,0.101562,458.368774,209.628616,1.0,815.2682549039515,514.2319969736021
2406,0.103516,457.748688,210.546616,1.0,815.0568289039516,510.00451897360216
2407,0.101562,457.128693,211.452896,1.0,776.4254819039515,503.43844797360214
2408,0.103516,456.513123,212.341675,1.0,777.3028009039515,505.31173897360213
2409,0.109375,455.843414,213.296112,1.0,778.3198909039515,507.24356297360214
2410,0.101562,455.238007,214.147995,1.0,777.0965629039515,513.6721819736022
2411,0.105469,454.59436,215.042313,1.0,782.8018249039516,504.72601497360216
2412,0.103516,453.973938,215.893463,1.0,787.9145569039515,506.7774979736021
2413,0.111328,453.305847,216.798019,1.0,789.4533749039515,505.47567897360216
2414,0.109375,452.643188,217.683273,1.0,792.5457819039515,510.73712397360214
2415,0.101562,452.024353,218.499451,1.0,793.2409119039515,508.0537739736021
2416,0.101562,451.42453,219.280731,1.0,799.5444389039516,507.53262497360214
2417,0.101562,450.804718,220.077667,1.0,807.0199639039515,511.14239697360216
2418,0.111328,450.136292,220.920013,1.0,807.3822079039516,505.9024069736021
2419,0.101562,449.520691,221.676376,1.0,807.7937679039516,509.9953019736021
2420,0.109375,448.863922,222.462784,1.0,926.0972349039515,434.57022297360214
2421,0.109375,448.185883,223.251511,1.0,876.8763489039516,468.01941097360213
2422,0.109375,447.517212,224.011871,1.0,886.7829039039515,459.33831997360215
2423,0.111328,446.8255,224.792633,1.0,890.9564879039515,458.01168997360213
2424,0.111328,446.150116,225.557587,1.0,894.5029349039515,459.96420497360214
2425,0.107422,445.512726,226.283203,1.0,895.0967459039515,457.79821997360216
2426,0.105469,444.886627,227.000626,1.0,896.0566459039516,456.07251197360216
2427,0.105469,444.271179,227.70491,1.0,899.5762389039515,450.88672097360217
2428,0.107422,443.648468,228.409149,1.0,903.1575369039515,447.31283797360214
2429,0.107422,443.023193,229.101227,1.0,822.1870169039515,478.9930739736021
2430,0.103516,442.414154,229.757309,1.0,823.2123469039515,475.02523997360214
2431,0.103516,441.801331,230.398849,1.0,828.2561699039516,475.25015497360215
2432,0.105469,441.168549,231.043091,1.0,863.3170219039515,476.8925499736021
2433,0.103516,440.549347,231.656906,1.0,867.0476739039515,482.0985129736021
2434,0.107422,439.931702,232.253891,1.0,774.8480279039516,500.81833097360214
2435,0.105469,439.337372,232.813721,1.0,778.5230769039515,494.44616897360214
2436,0.107422,438.75824,233.34552,1.0,782.0278989039515,483.37259097360214
2437,0.107422,438.199432,233.846024,1.0,805.9355529039515,477.22223097360217
2438,0.107422,437.667603,234.310989,1.0,900.6795099039515,416.77813897360215
2439,0.109375,437.117096,234.781158,1.0,901.3046319039515,415.4565139736021
2440,0.101562,436.605835,235.208633,1.0,920.7883359039515,408.5941179736021
2441,0.101562,436.092499,235.628922,1.0,942.9474539039516,402.71444897360215
2442,0.111328,435.54837,236.06369,1.0,947.9338439039515,405.39969097360216
2443,0.109375,435.011383,236.481598,1.0,812.3482109039516,480.20523297360216
2444,0.109375,434.472961,236.889633,1.0,818.9965269039516,482.89938597360214
2445,0.109375,433.934631,237.287216,1.0,912.2576349039515,294.38765097360215
2446,0.105469,433.435211,237.64679,1.0,903.1879329039515,292.33271997360214
2447,0.111328,432.901672,238.021957,1.0,875.3454039039515,407.65014797360215
2448,0.107422,432.38739,238.375305,1.0,855.7958429039516,492.53787397360213
2449,0.111328,431.870575,238.722702,1.0,867.1579649039516,490.5834679736021
2450,0.111328,431.353699,239.063385,1.0,887.9221859039516,439.6053789736021
2451,0.109375,430.851105,239.38945,1.0,891.8890439039516,449.29376397360215
2452,0.109375,430.362244,239.703323,1.0,890.2894959039515,445.71142797360216
2453,0.111328,429.86795,240.018646,1.0,896.4359799039515,440.77301197360214
2454,0.109375,429.383759,240.326508,1.0,902.5721489039515,438.13989497360217
2455,0.109375,428.907166,240.629227,1.0,906.5188049039515,435.5244159736021
2456,0.111328,428.437439,240.929611,1.0,902.3905089039515,433.6853049736021
2457,0.111328,427.964661,241.232086,1.0,964.2748469039515,375.43826497360214
2458,0.111328,427.50415,241.523926,1.0,944.0827079039515,333.48773397360213
2459,0.109375,427.053162,241.804733,1.0,927.1494809039515,302.43950097360215
2460,0.109375,426.60849,242.080765,1.0,930.7099669039516,298.96733297360214
2461,0.101562,426.208008,242.329453,1.0,932.4824889039515,300.43493797360213
2462,0.109375,425.774261,242.596588,1.0,931.5806329039515,303.85696597360214
2463,0.111328,425.342194,242.861282,1.0,934.0476739039515,298.99022097360216
2464,0.107422,424.925629,243.116531,1.0,934.9115049039515,303.09375197360214
2465,0.109375,424.501801,243.377991,1.0,938.1131649039515,301.17527997360213
2466,0.109375,424.085297,243.635651,1.0,908.9337829039515,444.92419597360214
2467,0.105469,423.672607,243.88974,1.0,905.3684139039515,446.6683059736021
2468,0.105469,423.262604,244.141281,1.0,918.7767389039515,330.08429197360215
2469,0.109375,422.836853,244.402008,1.0,923.6651059039515,290.5229359736021
2470,0.101562,422.439941,244.644867,1.0,922.0653129039515,290.29664797360215
2471,0.111328,421.991089,244.919006,1.0,922.1854309039516,291.19604697360217
2472,0.109375,421.533966,245.197479,1.0,918.9835869039515,293.8884299736021
2473,0.109375,421.070496,245.478836,1.0,920.5915579039515,288.8737509736021
2474,0.109375,420.587769,245.77066,1.0,911.9900569039515,289.3471849736021
2475,0.107422,420.093231,246.06842,1.0,915.3389339039516,290.4181079736021
2476,0.107422,419.559723,246.388428,1.0,915.9343929039516,293.3474139736021
2477,0.105469,419.002075,246.72168,1.0,912.0861869039516,289.2374439736021
2478,0.107422,418.409546,247.074524,1.0,910.9517269039516,292.23574997360214
2479,0.107422,417.786255,247.444168,1.0,889.9037529039515,361.7665119736021
2480,0.107422,417.130585,247.830887,1.0,857.9807189039515,478.6332719736021
2481,0.105469,416.449371,248.229965,1.0,861.1717589039515,478.57089397360215
2482,0.105469,415.729492,248.648575,1.0,861.0702569039515,480.0945449736021
2483,0.105469,414.996216,249.07135,1.0,929.4201109039515,452.1490799736021
2484,0.107422,414.22229,249.51355,1.0,937.0426079039515,440.82452597360214
2485,0.103516,413.448273,249.951508,1.0,938.0203299039515,443.1998009736021
2486,0.105469,412.623077,250.413452,1.0,867.2337089039515,154.40510797360213
2487,0.103516,411.809113,250.864014,1.0,867.2337089039515,154.40510797360213
2488,0.107422,410.91925,251.350739,1.0,903.1403259039515,353.68661697360216
2489,0.105469,410.024139,251.834061,1.0,906.6471619039515,342.84796297360214
2490,0.107422,409.079285,252.337799,1.0,1114.9467829039513,474.02627797360213
2491,0.107422,408.087769,252.859924,1.0,1119.6633359039515,473.44214097360214
2492,0.101562,407.113007,253.367081,1.0,1117.2214409039516,470.23730697360213
2493,0.105469,406.052277,253.912521,1.0,1108.5343079039517,465.13333297360214
2494,0.103516,404.974426,254.459656,1.0,1100.0828299039515,462.88397397360217
2495,0.105469,403.827972,255.032623,1.0,1083.3200739039517,461.9701559736021
2496,0.105469,402.637909,255.617035,1.0,1079.0874689039515,463.18670897360215
2497,0.109375,401.386322,256.219818,1.0,1065.9830379039515,464.31994797360215
2498,0.103516,400.166168,256.795776,1.0,1060.0433409039515,463.94839697360214
2499,0.109375,398.91153,257.375793,1.0,1046.8767149039516,451.06823897360215
2500,0.107422,397.653168,257.945526,1.0,1031.3295349039515,456.3351149736021
2501,0.111328,396.38739,258.506653,1.0,1023.8715269039516,456.19076697360214
2502,0.111328,395.126648,259.053833,1.0,1004.5289359039515,456.4658529736021
2503,0.103516,393.955688,259.551697,1.0,980.9688169039515,459.95858997360216
2504,0.101562,392.798492,260.033997,1.0,963.3361259039515,448.51815997360217
2505,0.103516,391.690216,260.486755,1.0,955.3235529039515,448.24182297360215
2506,0.101562,390.628784,260.911835,1.0,950.2150939039515,439.3149429736021
2507,0.103516,389.614685,261.309875,1.0,949.2467099039516,438.72146797360216
2508,0.103516,388.654694,261.679474,1.0,906.8259949039515,423.43225297360215
2509,0.101562,387.746735,262.022583,1.0,864.8597469039515,406.9031999736021
2510,0.103516,386.883057,262.343231,1.0,861.7923639039515,404.1810019736021
2511,0.103516,386.051422,262.646851,1.0,912.7648369039515,360.22799897360215
2512,0.103516,385.226135,262.943573,1.0,911.4525809039516,360.41668897360216
2513,0.103516,384.41275,263.231384,1.0,912.5142269039516,356.97412297360216
2514,0.105469,383.624786,263.504974,1.0,902.8240409039515,401.49511897360213
2515,0.103516,382.875122,263.75946,1.0,884.4768729039515,454.4741839736021
2516,0.107422,382.129303,264.006165,1.0,885.0973569039515,457.4212969736021
2517,0.103516,381.446564,264.226013,1.0,888.5548149039515,456.69632197360215
2518,0.109375,380.766449,264.439178,1.0,279.5459959039515,330.8394799736021
2519,0.103516,380.110718,264.639282,1.0,255.3361719039515,311.0875259736021
2520,0.105469,379.443848,264.837677,1.0,241.64311790395152,293.5188769736021
2521,0.105469,378.78241,265.029694,1.0,242.96433090395152,310.96927097360214
2522,0.103516,378.127502,265.214935,1.0,335.33002290395154,340.74673697360214
2523,0.103516,377.461334,265.398376,1.0,882.9765069039515,469.8030109736021
2524,0.105469,376.779083,265.580841,1.0,885.0847839039516,468.74649197360213
2525,0.105469,376.098907,265.757263,1.0,886.6759699039516,465.15466497360217
2526,0.103516,375.425385,265.926514,1.0,308.78891590395153,303.5265519736022
2527,0.105469,374.731323,266.095367,1.0,265.96861790395155,304.91079897360214
2528,0.113281,373.967133,266.275024,1.0,267.2771509039515,303.2472399736022
2529,0.111328,373.205444,266.447632,1.0,272.35356690395156,324.25042897360214
2530,0.109375,372.437561,266.615356,1.0,266.63751790395156,331.9663719736021
2531,0.107422,371.65213,266.780701,1.0,891.9533139039515,478.41266097360216
2532,0.107422,370.848785,266.943726,1.0,892.6804259039516,477.51699997360214
2533,0.109375,370.028992,267.104309,1.0,897.4130309039515,473.38858197360213
2534,0.107422,369.195038,267.261993,1.0,526.7706359039515,369.81143397360216
2535,0.107422,368.337708,267.418396,1.0,339.7506769039515,338.91879497360213
2536,0.109375,367.441833,267.575714,1.0,293.99513790395156,336.39618097360216
2537,0.111328,366.531372,267.729248,1.0,301.77243590395153,338.44763397360214
2538,0.107422,365.611572,267.877869,1.0,296.5846459039515,339.8615439736021
2539,0.113281,364.641541,268.027679,1.0,300.95380190395156,338.73248497360214
2540,0.107422,363.681122,268.169037,1.0,875.6383109039515,469.14016897360216
2541,0.109375,362.694458,268.307068,1.0,875.0841729039515,471.0508439736021
2542,0.107422,361.707367,268.438141,1.0,879.0302789039515,470.9096389736021
2543,0.105469,360.701965,268.564972,1.0,882.5841729039515,468.2380089736021
2544,0.107422,359.66037,268.689697,1.0,883.5498709039515,465.79342797360215
2545,0.107422,358.564484,268.814331,1.0,858.0861869039516,19.49821297360214
2546,0.105469,357.427368,268.937073,1.0,1030.3571829039515,331.53766097360216
2547,0.101562,356.300659,269.052429,1.0,923.2711239039515,349.2631549736021
2548,0.107422,355.05426,269.172821,1.0,916.6449029039516,487.34604097360216
2549,0.109375,353.75,269.290009,1.0,917.6059019039516,485.22033897360217
2550,0.107422,352.425873,269.400024,1.0,914.3280089039515,488.7686479736021
2551,0.105469,351.105682,269.501465,1.0,919.1094419039515,485.8770159736021
2552,0.105469,349.7547,269.597351,1.0,921.9905449039516,481.90960897360213
2553,0.107422,348.365723,269.688232,1.0,934.8194029039515,311.6133439736021
2554,0.109375,346.946838,269.773682,1.0,929.1260429039515,307.66610897360215
2555,0.107422,345.514038,269.852631,1.0,929.3644469039515,312.29001097360214
2556,0.107422,344.035004,269.926636,1.0,935.2803399039515,387.3600789736021
2557,0.109375,342.534149,269.994232,1.0,933.9636289039515,460.1932699736021
2558,0.109375,340.999298,270.057343,1.0,932.4286559039515,463.41104297360215
2559,0.105469,339.469238,270.116486,1.0,935.1048639039515,454.06472997360214
2560,0.107422,337.913452,270.175629,1.0,937.2180229039516,503.76004197360214
2561,0.107422,336.325958,270.237671,1.0,941.3532769039515,503.0303359736021
2562,0.107422,334.732849,270.303802,1.0,939.2448179039516,511.14267197360215
2563,0.105469,333.110901,270.376038,1.0,927.9179749039515,514.9376239736021
2564,0.113281,331.369049,270.45929,1.0,983.8280089039515,566.2816489736022
2565,0.111328,329.638794,270.546875,1.0,992.0481009039515,568.5408039736021
2566,0.109375,327.857971,270.63916,1.0,998.1597959039515,596.6157549736022
2567,0.109375,326.066284,270.730865,1.0,997.7050839039515,596.4858109736022
2568,0.107422,324.236725,270.818207,1.0,1004.4379939039516,598.9313069736022
2569,0.107422,322.38855,270.894226,1.0,1004.6980649039515,599.7865929736022
2570,0.113281,320.366211,270.959198,1.0,1020.1509459039515,605.4020709736021
2571,0.103516,318.529297,270.99939,1.0,943.8543149039515,481.25982897360217
2572,0.103516,316.682617,271.020935,1.0,949.1726129039515,486.15881497360215
2573,0.103516,314.834442,271.023987,1.0,1036.6851859039516,510.58108697360217
2574,0.101562,312.989197,271.009644,1.0,1078.5824639039515,525.3521439736021
2575,0.103516,311.164825,270.979736,1.0,1098.2246759039515,537.0709249736021
2576,0.103516,309.337555,270.93515,1.0,1119.1164609039515,545.9890159736021
2577,0.101562,307.540283,270.878601,1.0,1128.4633849039515,545.6842669736021
2578,0.103516,305.733459,270.81012,1.0,1154.5205139039517,540.4669509736021
2579,0.101562,303.958038,270.73233,1.0,1170.6215879039514,539.2010209736021
2580,0.105469,302.170349,270.644958,1.0,950.1627249039515,345.14981297360214
2581,0.109375,300.269318,270.543701,1.0,916.7686829039516,291.26114097360215
2582,0.107422,298.446228,270.439758,1.0,949.6472229039515,351.79342797360215
2583,0.107422,296.634125,270.331482,1.0,1007.3024349039515,504.1148089736021
2584,0.105469,294.850891,270.22229,1.0,1011.5094659039515,503.8657549736021
2585,0.105469,293.080841,270.113647,1.0,1016.0103209039515,499.12851097360215
2586,0.111328,291.259064,270.006073,1.0,1017.5419979039515,496.80099697360214
2587,0.105469,289.512085,269.910156,1.0,1021.5526179039515,493.99438697360216
2588,0.105469,287.779663,269.824432,1.0,1021.6240289039515,496.22378697360216
2589,0.103516,286.086029,269.751617,1.0,1019.0721489039515,497.22116297360213
2590,0.103516,284.406006,269.690979,1.0,1016.0978449039516,489.7969989736021
2591,0.103516,282.718018,269.641907,1.0,1012.5241759039516,496.08825897360214
2592,0.107422,280.985077,269.603821,1.0,1010.2794859039515,491.74008397360217
2593,0.107422,279.28717,269.577209,1.0,1007.5266779039515,489.93359597360217
2594,0.105469,277.648193,269.559723,1.0,955.4664969039516,445.9259359736021
2595,0.105469,276.086151,269.548615,1.0,990.0956479039515,383.65634397360213
2596,0.105469,274.607819,269.541229,1.0,987.5670219039515,462.3533039736021
2597,0.103516,273.218597,269.535339,1.0,986.7782649039515,465.70840697360217
2598,0.111328,271.850342,269.529449,1.0,1216.0878959039514,169.51013397360214
2599,0.109375,270.615479,269.523529,1.0,1216.0878959039514,169.51013397360214
2600,0.111328,269.442688,269.517059,1.0,1155.6925109039516,327.7512229736021
2601,0.107422,268.426544,269.510254,1.0,1270.6178039039514,253.61393897360213
2602,0.107422,267.513672,269.502838,1.0,1022.6377009039516,477.33499297360214
2603,0.105469,266.700897,269.494965,1.0,1018.2687439039515,484.67794997360215
2604,0.105469,265.963409,269.486542,1.0,1014.8205619039516,482.8726219736021
2605,0.105469,265.289215,269.477722,1.0,1061.6396539039515,312.90683197360215
2606,0.105469,264.679504,269.468872,1.0,1061.6396539039515,312.90683197360215
2607,0.105469,264.12738,269.460114,1.0,1061.6396539039515,312.90683197360215
2608,0.105469,263.605225,269.451385,1.0,994.8699399039515,384.39578397360214
2609,0.105469,263.100159,269.442566,1.0,924.6281799039515,328.5858779736021
2610,0.109375,262.585449,269.433289,1.0,924.6281799039515,328.5858779736021
2611,0.105469,262.095367,269.424042,1.0,924.6281799039515,328.5858779736021
2612,0.105469,261.628448,269.414825,1.0,924.6281799039515,328.5858779736021
2613,0.105469,261.180817,269.40564,1.0,924.6281799039515,328.5858779736021
2614,0.103516,260.755096,269.396484,0.0,82.65320390395152,48.88461497360214
2615,0.103516,260.338165,269.387146,0.0,82.65320390395152,48.88461497360214
2616,0.103516,259.928223,269.377747,0.0,82.65320390395152,48.88461497360214
2617,0.103516,259.523651,269.368164,0.0,82.65320390395152,48.88461497360214
2618,0.103516,259.123383,269.358459,0.0,82.65320390395152,48.88461497360214
2619,0.103516,258.730438,269.348633,0.0,82.65320390395152,48.88461497360214
2620,0.103516,258.345367,269.338745,0.0,82.65320390395152,48.88461497360214
2621,0.103516,257.968414,269.328827,0.0,82.65320390395152,48.88461497360214
2622,0.103516,257.594788,269.318756,1.0,1060.9279229039516,501.89407497360213
2623,0.103516,257.22171,269.30838,1.0,1077.5188659039516,462.8551959736021
2624,0.105469,256.852509,269.297943,1.0,1425.8735409039514,124.13060197360214
2625,0.105469,256.48526,269.287292,1.0,1167.1897029039515,309.57019197360216
2626,0.107422,256.121948,269.276489,1.0,982.5225279039515,462.52087597360213
2627,0.107422,255.760818,269.265656,1.0,982.4510559039516,460.2682209736021
2628,0.107422,255.409164,269.255371,1.0,1004.4365289039515,520.8104879736022
2629,0.107422,255.058197,269.246216,1.0,1004.6362969039516,524.8708519736022
2630,0.105469,254.717316,269.239075,1.0,1003.4476989039515,526.4045729736022
2631,0.105469,254.384171,269.233948,1.0,1021.2289489039515,485.60873597360217
2632,0.107422,254.045807,269.230408,1.0,1015.1596739039516,489.4642349736021
2633,0.113281,253.696609,269.22818,1.0,1013.8940489039516,496.97482497360215
2634,0.109375,253.360565,269.227112,1.0,1011.0410819039515,496.85354797360213
2635,0.107422,253.034866,269.226715,1.0,1007.7678279039516,501.51815997360217
2636,0.109375,252.710999,269.226898,1.0,1008.8840999039516,504.1748979736021
2637,0.109375,252.38237,269.227814,1.0,1003.8892879039515,500.11303897360216
2638,0.111328,252.054733,269.229645,1.0,951.2025809039516,469.66150097360213
2639,0.111328,251.729385,269.232483,1.0,948.2944999039515,471.62051597360215
2640,0.111328,251.405624,269.236328,1.0,947.2140559039515,469.69644397360213
2641,0.109375,251.086868,269.241089,1.0,902.4141899039515,310.78125197360214
2642,0.111328,250.766357,269.246643,1.0,903.4777889039515,307.65686197360213
2643,0.109375,250.446548,269.253113,1.0,905.6452689039515,310.55716097360215
2644,0.107422,250.134979,269.259979,1.0,904.4245049039515,308.88839897360214
2645,0.107422,249.821915,269.267181,1.0,784.2346859039516,8.536389973602141
2646,0.105469,249.505692,269.274475,1.0,784.2346859039516,8.536389973602141
2647,0.107422,249.180374,269.281799,1.0,784.2346859039516,8.536389973602141
2648,0.107422,248.850357,269.289185,1.0,935.7946829039515,422.70025797360216
2649,0.105469,248.510406,269.296875,1.0,932.2039849039516,416.58773997360214
2650,0.105469,248.159912,269.305023,1.0,966.1705379039515,496.42529497360215
2651,0.105469,247.794189,269.313965,1.0,968.1705989039515,495.31045697360213
2652,0.103516,247.406494,269.323914,1.0,966.9583799039515,492.70871197360214
2653,0.105469,246.989197,269.335266,1.0,962.8731749039515,497.63504197360214
2654,0.105469,246.539001,269.348145,1.0,962.3134209039515,501.58798397360215
2655,0.107422,246.059357,269.362305,1.0,954.9391539039515,510.69702297360215
2656,0.107422,245.551544,269.377563,1.0,954.0451719039515,507.85037397360213
2657,0.107422,245.015625,269.393555,1.0,952.5632379039515,502.35629497360213
2658,0.109375,244.441101,269.410522,1.0,953.4505669039515,494.80603197360216
2659,0.109375,243.841141,269.427887,1.0,953.0438899039515,497.95663597360215
2660,0.111328,243.210556,269.44519,1.0,908.3460749039515,491.89480797360216
2661,0.109375,242.573914,269.460968,1.0,864.2162529039515,495.29489297360215
2662,0.107422,241.918411,269.47467,1.0,863.1320859039515,492.75607497360215
2663,0.107422,241.243149,269.485748,1.0,866.2983459039515,489.03006197360213
2664,0.109375,240.537354,269.493927,1.0,869.3491269039515,488.58377297360215
2665,0.109375,239.807938,269.49881,1.0,873.5615899039515,485.35272397360217
2666,0.107422,239.064484,269.500092,1.0,894.5108089039516,485.50641097360216
2667,0.109375,238.29538,269.497345,1.0,915.5394959039515,486.07519697360215
2668,0.111328,237.496719,269.490265,1.0,921.2196709039515,487.25073397360217
2669,0.111328,236.681366,269.478027,1.0,925.7459769039515,481.81582797360215
2670,0.109375,235.856552,269.460022,1.0,932.0664119039516,484.0715349736021
2671,0.107422,235.021057,269.435699,1.0,937.3168389039515,479.17221297360214
2672,0.109375,234.170914,269.404419,1.0,950.2945609039515,125.84004397360214
2673,0.107422,233.301056,269.36554,1.0,948.1011409039515,449.5004599736021
2674,0.109375,232.419968,269.319153,1.0,953.8984429039515,464.34668197360213
2675,0.109375,231.515594,269.264252,1.0,956.8411919039515,471.16424797360213
2676,0.111328,230.598114,269.201019,1.0,969.1132259039515,465.89199997360214
2677,0.109375,229.682266,269.130981,1.0,974.8465629039515,460.07641797360213
2678,0.111328,228.776169,269.056091,1.0,976.2855279039516,470.35299897360215
2679,0.101562,227.965271,268.985992,1.0,978.7863829039516,468.25161897360215
2680,0.113281,227.076508,268.907715,1.0,952.8208679039515,453.5184959736021
2681,0.109375,226.222961,268.832855,1.0,955.4978079039515,457.59777997360214
2682,0.103516,225.42717,268.764618,1.0,956.0489559039515,445.6064779736021
2683,0.105469,224.642609,268.699127,1.0,959.9253599039515,447.1634849736021
2684,0.103516,223.869263,268.636108,1.0,993.6562559039515,462.73239297360215
2685,0.105469,223.104858,268.575043,1.0,1011.2166199039515,472.0607319736021
2686,0.103516,222.361008,268.516449,1.0,1009.8476009039515,471.70944397360216
2687,0.103516,221.629684,268.459473,1.0,1083.9304869039515,491.17840797360213
2688,0.103516,220.909515,268.403931,1.0,1089.9068659039515,491.02368397360215
2689,0.105469,220.185349,268.348724,1.0,1101.9690609039517,482.10962097360215
2690,0.103516,219.481094,268.295807,1.0,1106.9950009039517,475.69366697360215
2691,0.105469,218.774292,268.2435,1.0,988.8527889039515,444.39123697360213
2692,0.107422,218.076508,268.192719,1.0,982.4818779039515,456.48471297360214
2693,0.105469,217.385773,268.143005,1.0,984.1050469039516,456.20361497360216
2694,0.107422,216.705826,268.094116,1.0,988.4003959039516,451.0232869736021
2695,0.107422,216.035873,268.045776,1.0,1047.6724299039515,454.53354097360216
2696,0.107422,215.375885,267.997955,1.0,1171.6283019039515,470.6199669736021
2697,0.107422,214.731689,267.950989,1.0,1180.4868219039513,472.2781999736021
2698,0.109375,214.085159,267.903717,1.0,1186.8198299039514,473.05948097360215
2699,0.105469,213.470169,267.858795,1.0,1047.3375299039517,434.7655659736021
2700,0.107422,212.871338,267.815094,1.0,1050.7046569039517,431.04464897360214
2701,0.107422,212.284821,267.772461,1.0,1049.8567559039516,424.88372997360216
2702,0.109375,211.713379,267.730865,1.0,1058.1787169039517,421.9479079736021
2703,0.105469,211.168228,267.69046,1.0,1222.1660209039514,459.60067897360216
2704,0.113281,210.615738,267.648407,1.0,1240.0267389039514,452.77850497360214
2705,0.113281,210.078522,267.606323,1.0,1010.4323789039515,389.48178297360215
2706,0.107422,209.589966,267.567017,1.0,1004.2704529039515,400.77459897360217
2707,0.109375,209.125458,267.528992,1.0,1009.5761779039515,401.96820297360216
2708,0.107422,208.697891,267.494354,1.0,1011.1031549039516,399.6311359736021
2709,0.107422,208.299377,267.462769,1.0,1011.0450499039515,399.8248919736021
2710,0.107422,207.942215,267.435211,1.0,1202.3182429039516,-67.56465002639786
2711,0.107422,207.622604,267.411041,1.0,913.7760069039515,311.32226797360215
2712,0.105469,207.35202,267.3909,1.0,917.3981379039515,318.19238497360215
2713,0.109375,207.136887,267.374939,1.0,915.5733699039515,307.6678789736021
2714,0.105469,206.986618,267.363708,1.0,1052.0716609039514,403.42767497360217
2715,0.107422,206.904404,267.357391,1.0,1058.1984309039515,409.39969097360216
2716,0.107422,206.886703,267.355957,1.0,1162.8341119039515,254.59132597360215
2717,0.105469,206.893173,267.356201,1.0,1162.8341119039515,254.59132597360215
2718,0.107422,206.901917,267.35675,1.0,1162.8341119039515,254.59132597360215
2719,0.105469,206.90567,267.356964,1.0,1162.8341119039515,254.59132597360215
2720,0.107422,206.904099,267.356903,1.0,1162.8341119039515,254.59132597360215
2721,0.103516,206.900879,267.356812,0.0,82.65320390395152,48.88461497360214
2722,0.103516,206.898865,267.356781,0.0,82.65320390395152,48.88461497360214
2723,0.103516,206.898895,267.356812,0.0,82.65320390395152,48.88461497360214
2724,0.103516,206.899979,267.356842,0.0,82.65320390395152,48.88461497360214
2725,0.107422,206.900955,267.356873,0.0,82.65320390395152,48.88461497360214
2726,0.111328,206.901093,267.356873,1.0,944.6620539039516,525.6532919736021
2727,0.107422,206.900696,267.356842,1.0,1056.8823299039514,471.52841397360214
2728,0.107422,206.900284,267.356812,1.0,1078.2601379039515,453.1572289736021
2729,0.105469,206.900192,267.356812,1.0,1050.2398129039516,440.52563697360216
2730,0.105469,206.90033,267.356842,1.0,1137.0091609039514,427.00515897360214
2731,0.105469,206.900513,267.356842,1.0,1508.9148009039513,436.56506497360215
2732,0.109375,206.900558,267.356842,1.0,1509.7978569039515,443.62841997360215
2733,0.105469,206.900543,267.356842,1.0,1479.3604789039514,448.9219069736021
2734,0.105469,206.900497,267.356842,1.0,1417.2489069039516,454.67468497360215
2735,0.107422,206.900482,267.356842,1.0,1418.7502499039515,453.29251297360213
2736,0.105469,206.900497,267.356842,1.0,1425.9835259039514,451.77823097360215
2737,0.105469,206.900513,267.356842,1.0,1588.9609429039515,649.2949539736021
2738,0.107422,206.900497,267.356842,1.0,1595.8988089039517,672.7253129736021
2739,0.107422,206.900513,267.356842,1.0,1604.9390929039514,680.9772659736022
2740,0.105469,206.900497,267.356842,1.0,1241.2246149039515,569.238374973602
2741,0.105469,206.900513,267.356842,1.0,1086.1149349039515,527.5655539736022
2742,0.107422,206.900482,267.356842,1.0,1084.6995299039515,527.7646199736021
2743,0.105469,206.900528,267.356842,1.0,1085.1771299039515,531.0721759736022
2744,0.105469,206.900513,267.356842,1.0,1088.6466729039516,523.9929829736021
2745,0.107422,206.900497,267.356842,1.0,1084.3855039039515,520.7972429736021
2746,0.105469,206.900513,267.356842,1.0,919.1122489039515,307.1994649736021
2747,0.105469,206.900513,267.356842,1.0,913.2976129039515,298.5451069736022
2748,0.109375,206.900513,267.356842,1.0,809.3442439039516,373.43338197360214
2749,0.109375,206.900497,267.356842,1.0,461.9210869039515,620.1145339736022
2750,0.109375,206.900513,267.356842,1.0,465.1136229039515,619.5304279736022
2751,0.105469,206.900513,267.356842,1.0,466.0359249039515,634.6123369736022
2752,0.101562,206.900513,267.356842,1.0,471.8259329039515,657.2804279736022
2753,0.111328,206.900513,267.356842,1.0,1086.9585629039516,547.1282669736022
2754,0.111328,206.900528,267.356842,1.0,1088.2429869039515,548.8421649736022
2755,0.109375,206.900513,267.356842,1.0,1088.1656549039517,550.6503319736021
2756,0.113281,206.900497,267.356842,1.0,1089.2548279039515,551.5893569736022
2757,0.109375,206.900513,267.356842,1.0,1447.3273979039514,466.8101219736021
2758,0.109375,206.900528,267.356842,1.0,1444.0867979039517,471.09216497360217
2759,0.109375,206.900085,267.356812,1.0,1436.3486389039517,476.8110679736021
2760,0.109375,206.897583,267.356598,1.0,1425.4880429039517,485.60019097360214
2761,0.111328,206.892578,267.356262,1.0,1420.1604059039514,489.0285359736021
2762,0.111328,206.884827,267.355652,1.0,1408.5179499039514,492.98901597360214
2763,0.101562,206.875809,267.35498,1.0,1338.3355769039517,482.12719897360216
2764,0.111328,206.862961,267.354004,1.0,1329.8991759039513,488.44369697360213
2765,0.113281,206.842499,267.352478,1.0,1202.5161189039513,504.80081397360215
2766,0.113281,206.799835,267.349243,1.0,1108.9340879039514,507.4983229736021
2767,0.115234,206.709869,267.342468,1.0,1111.4671689039515,505.42495897360214
2768,0.111328,206.569717,267.33197,1.0,1084.0295469039515,500.8345049736021
2769,0.101562,206.399475,267.319214,1.0,1060.3273369039516,496.89087097360215
2770,0.113281,206.156036,267.301056,1.0,1084.2630669039515,488.3759789736021
2771,0.113281,205.862518,267.279205,1.0,1335.8319149039517,471.57293897360216
2772,0.101562,205.555893,267.2565,1.0,1335.6015679039515,487.30819897360215
2773,0.115234,205.150925,267.226624,1.0,1071.0169739039516,513.2044089736021
2774,0.113281,204.699173,267.193481,1.0,1071.9581359039516,506.28982697360215
2775,0.113281,204.196701,267.156891,1.0,1075.5369929039516,497.27786497360216
2776,0.101562,203.706589,267.121368,1.0,1367.3822079039514,475.1397109736021
2777,0.111328,203.108582,267.07843,1.0,1379.4213919039516,470.22760197360213
2778,0.111328,202.471375,267.03302,1.0,1057.2106989039517,489.7674579736021
2779,0.111328,201.775055,266.983917,1.0,1046.9033869039515,484.3285849736021
2780,0.109375,201.047211,266.933044,1.0,1046.6244559039515,501.31924597360216
2781,0.105469,200.294937,266.881042,1.0,1048.8273979039516,497.7507039736021
2782,0.109375,199.481369,266.825439,1.0,1264.7777159039515,515.3292869736022
2783,0.107422,198.613342,266.766815,1.0,1272.4505669039513,518.2941299736021
2784,0.109375,197.691391,266.705414,1.0,1029.9707699039516,496.6159379736021
2785,0.109375,196.718628,266.64151,1.0,1030.3530939039515,497.13382197360215
2786,0.111328,195.684128,266.574707,1.0,1029.0880789039516,494.8211079736021
2787,0.111328,194.599472,266.506378,1.0,1031.9471489039515,488.61261197360216
2788,0.109375,193.472031,266.437592,1.0,1030.7824149039516,489.07766897360216
2789,0.107422,192.315262,266.369568,1.0,1032.1723689039516,483.7401449736021
2790,0.109375,191.111053,266.301605,1.0,1032.8112849039517,480.58041597360216
2791,0.105469,189.873093,266.234955,1.0,1031.3682919039516,481.3705769736021
2792,0.111328,188.531281,266.166443,1.0,1030.6120049039514,475.75485397360217
2793,0.113281,187.126862,266.098969,1.0,1030.6626639039514,471.7011739736021
2794,0.111328,185.672653,266.033905,1.0,1032.1270809039515,473.32281697360213
2795,0.113281,184.152451,265.972046,1.0,1036.2685599039514,470.51123197360215
2796,0.101562,182.757645,265.921417,1.0,1032.1687679039514,467.06155597360214
2797,0.103516,181.306335,265.87619,1.0,1071.0558529039515,480.51614597360214
2798,0.103516,179.864258,265.840546,1.0,1074.2302299039516,480.2850669736021
2799,0.101562,178.44841,265.816254,1.0,1077.0958919039515,480.93618997360215
2800,0.115234,176.819794,265.803101,1.0,1076.9510559039516,481.1599749736021
2801,0.111328,175.21225,265.807068,1.0,1076.1782279039517,476.05569697360215
2802,0.113281,173.595657,265.828033,1.0,1064.7017269039516,510.5482809736021
2803,0.111328,171.971054,265.866272,1.0,1063.8058529039515,504.92108397360215
2804,0.113281,170.32428,265.922302,1.0,1053.0860649039514,504.13839897360214
2805,0.111328,168.673126,265.995575,1.0,1052.1512509039517,497.8874839736021
2806,0.115234,166.989395,266.088104,1.0,1047.6250059039517,492.70947497360214
2807,0.105469,165.407547,266.191467,1.0,1045.7884579039514,490.0534379736021
2808,0.101562,163.888351,266.305664,1.0,1039.9954279039516,489.8992329736021
2809,0.101562,162.361694,266.434631,1.0,1036.1721249039515,482.58844197360213
2810,0.103516,160.838364,266.576447,1.0,1059.9802299039516,465.30999997360215
2811,0.101562,159.298416,266.73111,1.0,1419.0882629039515,201.35157997360213
2812,0.101562,157.75592,266.894714,1.0,1443.1322079039514,181.10769797360214
2813,0.103516,156.213303,267.064331,1.0,1480.4708309039515,161.12415497360215
2814,0.101562,154.66777,267.238159,1.0,1002.9934139039515,436.4918839736021
2815,0.111328,152.967987,267.431152,1.0,1003.5555479039515,432.43008597360216
2816,0.111328,151.270737,267.623566,1.0,1002.8804379039515,424.39621197360214
2817,0.113281,149.551239,267.817108,1.0,1001.5014709039515,420.6473409736021
2818,0.115234,147.777542,268.013977,1.0,998.0976619039516,417.16583397360216
2819,0.101562,146.204651,268.183533,1.0,999.6599179039515,414.7291579736021
2820,0.111328,144.449051,268.363556,1.0,994.2641659039515,417.7726149736021
2821,0.101562,142.852097,268.516693,1.0,959.1627249039515,470.08883897360215
2822,0.113281,140.993408,268.680298,1.0,964.1361749039515,460.2146629736021
2823,0.101562,139.333603,268.812744,1.0,958.4332939039515,441.26974697360214
2824,0.115234,137.401428,268.950928,1.0,957.5236869039516,398.42614897360215
2825,0.101562,135.668091,269.061127,1.0,950.4500789039515,474.54788397360215
2826,0.115234,133.695221,269.170685,1.0,949.8367369039515,470.45767397360214
2827,0.115234,131.70993,269.262634,1.0,959.3661559039515,464.7675499736021
2828,0.115234,129.718231,269.333801,1.0,965.7365169039515,463.28280797360213
2829,0.101562,127.961067,269.37738,1.0,968.0579279039515,462.80267497360217
2830,0.101562,126.171394,269.40274,1.0,971.0100769039515,463.00290097360215
2831,0.101562,124.397881,269.4104,1.0,976.1799369039516,459.7143269736021
2832,0.101562,122.623734,269.403107,1.0,980.1033989039515,457.9209609736021
2833,0.101562,120.816101,269.382263,1.0,987.1603449039516,459.7920859736021
2834,0.101562,119.0093,269.350067,1.0,990.4215759039515,456.6401389736021
2835,0.101562,117.192932,269.308594,1.0,998.2221739039516,455.7642839736021
2836,0.101562,115.382721,269.261414,1.0,1000.5966239039515,457.51611497360216
2837,0.115234,113.294128,269.204407,1.0,1006.3485159039515,454.05011197360216
2838,0.101562,111.472435,269.156128,1.0,1007.3523009039516,453.42660697360213
2839,0.113281,109.413353,269.106934,1.0,1007.7309629039515,451.57388497360216
2840,0.113281,107.340347,269.065674,1.0,1012.1185969039515,444.50653297360213
2841,0.113281,105.265701,269.033447,1.0,1008.8376519039515,483.1119709736021
2842,0.113281,103.181015,269.009949,1.0,1003.3205009039515,486.21426597360215
2843,0.125,100.862953,268.99353,1.0,999.5324149039516,480.83737397360215
2844,0.107422,98.854881,268.986969,1.0,996.8767149039516,478.7768269736021
2845,0.103516,96.921288,268.987152,1.0,996.9000909039515,480.19659597360214
2846,0.101562,95.013916,268.9935,1.0,928.0023249039515,293.15748797360214
2847,0.115234,92.865921,269.007233,1.0,921.7525079039515,293.79388597360213
2848,0.113281,90.723701,269.026245,1.0,921.4843809039515,291.77111997360214
2849,0.113281,88.574432,269.049103,1.0,978.1654719039515,484.46658497360215
2850,0.115234,86.393318,269.074921,1.0,975.7805839039515,482.27865797360215
2851,0.113281,84.201157,269.102814,1.0,988.5658019039515,512.4861769736021
2852,0.101562,82.25724,269.128357,1.0,1003.8377129039516,545.2853109736021
2853,0.101562,80.310081,269.153809,1.0,1000.9249939039515,544.8915419736022
2854,0.115234,78.116112,269.180298,1.0,968.4173639039515,486.19375797360215
2855,0.113281,75.897377,269.203278,1.0,967.6939749039515,477.57956097360216
2856,0.113281,73.688904,269.221069,1.0,958.7085019039515,523.5936909736022
2857,0.115234,71.476479,269.233215,1.0,961.8407039039515,524.9473589736021
2858,0.113281,69.242317,269.239746,1.0,983.9637509039516,491.22577097360215
2859,0.113281,67.022179,269.240784,1.0,1150.0026909039516,418.20086897360216
2860,0.113281,64.798409,269.236694,1.0,987.1939749039515,486.9869709736021
2861,0.113281,62.554741,269.2276,1.0,983.6519219039516,488.74966597360213
2862,0.113281,60.309479,269.213654,1.0,975.1956229039515,521.3098769736021
2863,0.115234,58.044407,269.194519,1.0,974.7923029039515,516.2613849736022
2864,0.103516,55.966175,269.172882,1.0,972.7262019039515,518.5578939736022
2865,0.113281,53.708302,269.146362,1.0,987.5969299039515,510.56607297360216
2866,0.113281,51.422047,269.118286,1.0,979.7078299039515,513.2351399736021
2867,0.113281,49.165417,269.09079,1.0,981.1741999039515,515.4552329736022
2868,0.111328,46.908699,269.06424,1.0,981.9397639039515,507.50296197360217
2869,0.101562,44.832771,269.041992,1.0,980.6136529039516,405.81121997360214
2870,0.113281,42.567913,269.021851,1.0,983.4736999039516,398.36136097360213
2871,0.113281,40.242832,269.007904,1.0,983.5175229039515,390.77414097360213
2872,0.113281,37.913605,269.003326,1.0,982.2159479039515,385.41467497360213
2873,0.113281,35.591671,269.010834,1.0,989.1973929039515,500.9392409736021
2874,0.113281,33.2868,269.032104,1.0,985.1384329039515,499.72836497360214
2875,0.111328,30.971767,269.067963,1.0,980.5708679039515,494.8486649736021
2876,0.111328,28.674263,269.118042,1.0,974.3442439039516,493.7301959736021
2877,0.113281,26.338614,269.183655,1.0,972.3837949039515,492.77597197360217
2878,0.113281,23.974957,269.264374,1.0,1038.4291439039516,462.4285909736021
2879,0.113281,21.610344,269.357269,1.0,1037.6046809039515,458.66339297360213
2880,0.111328,19.274393,269.456055,1.0,993.1076109039515,468.1496599736021
2881,0.111328,16.914064,269.558258,1.0,945.8533379039516,482.16851997360214
2882,0.113281,14.535515,269.660339,1.0,941.7141779039515,479.42682097360216
2883,0.113281,12.168205,269.759094,1.0,941.6778619039516,477.40838797360215
2884,0.111328,9.788359,269.854309,1.0,945.9662529039515,472.80764997360217
2885,0.113281,7.392459,269.945831,1.0,946.2807059039516,471.36789097360213
2886,0.113281,4.985381,270.032806,1.0,943.2356619039515,496.55218697360215
2887,0.111328,2.582302,270.113037,1.0,940.5459039039515,512.8269979736021
2888,0.113281,0.15481,270.185089,1.0,941.1292779039516,511.0799579736021
2889,0.103516,-2.059893,270.240784,1.0,943.1731619039515,508.14792097360214
2890,0.111328,-4.470046,270.288177,1.0,994.5688529039516,432.1116349736021
2891,0.109375,-6.865754,270.320068,1.0,978.4741879039515,400.7884849736021
2892,0.113281,-9.296173,270.336426,1.0,937.1823179039516,321.3072829736021
2893,0.111328,-11.734474,270.336792,1.0,937.9723569039515,423.67303697360217
2894,0.111328,-14.162728,270.323608,1.0,942.1795709039516,500.42581397360215
2895,0.113281,-16.62315,270.300842,1.0,948.4402519039515,499.36251997360216
2896,0.107422,-18.999111,270.275391,1.0,951.2507379039515,499.4635329736021
2897,0.107422,-21.349379,270.252441,1.0,952.1247619039515,495.11956997360215
2898,0.105469,-23.707855,270.235291,1.0,950.8626769039515,500.1763629736021
2899,0.109375,-26.122437,270.225647,1.0,953.5766659039515,497.73959497360215
2900,0.111328,-28.563049,270.224243,1.0,959.7969419039515,501.6121539736021
2901,0.109375,-30.990332,270.230408,1.0,970.8671929039515,508.84933697360214
2902,0.109375,-33.451908,270.243195,1.0,963.4603939039515,509.8184529736021
2903,0.111328,-35.932407,270.261963,1.0,962.0392509039515,504.83334497360215
2904,0.109375,-38.363857,270.284729,1.0,919.8779959039515,336.4885269736021
2905,0.109375,-40.832939,270.309998,1.0,920.4661309039515,335.34417897360214
2906,0.109375,-43.298504,270.335663,1.0,921.0486509039515,335.72998197360215
2907,0.109375,-45.743679,270.360718,1.0,955.5353449039516,499.47888397360214
2908,0.109375,-48.242489,270.385468,1.0,955.6364189039515,498.91256897360216
2909,0.115234,-50.828823,270.410278,1.0,953.3016419039516,499.74371497360215
2910,0.107422,-53.268181,270.432404,1.0,953.4005789039516,495.5831319736021
2911,0.107422,-55.709846,270.450226,1.0,957.2997489039515,498.25625797360215
2912,0.107422,-58.177937,270.461212,1.0,959.9737609039515,495.98797797360214
2913,0.111328,-60.706844,270.462433,1.0,1036.6807919039516,304.3822649736021
2914,0.109375,-63.210911,270.452209,1.0,944.2723449039515,471.8100299736021
2915,0.113281,-65.81707,270.430176,1.0,967.9868829039515,490.64703597360216
2916,0.109375,-68.327385,270.401917,1.0,966.6672419039515,493.94992297360216
2917,0.107422,-70.815338,270.371765,1.0,972.3000549039515,491.25799797360213
2918,0.105469,-73.264473,270.343048,1.0,969.4417779039516,490.6307699736021
2919,0.105469,-75.724419,270.316467,1.0,939.5935729039516,283.42315897360214
2920,0.107422,-78.201057,270.29187,1.0,939.8642029039515,281.5794389736021
2921,0.109375,-80.748627,270.267761,1.0,936.2233939039515,276.20536997360216
2922,0.111328,-83.332542,270.243073,1.0,935.3432669039515,277.0099199736021
2923,0.109375,-85.903061,270.217438,1.0,937.6630919039516,271.8013629736022
2924,0.107422,-88.41687,270.191345,1.0,914.7194879039515,301.6643239736021
2925,0.105469,-90.899429,270.16507,1.0,915.9730279039516,297.0035269736021
2926,0.107422,-93.424271,270.138367,1.0,918.6853699039515,292.4448259736022
2927,0.107422,-95.937492,270.112122,1.0,915.5938779039515,293.6201039736021
2928,0.107422,-98.450203,270.086365,1.0,908.5476129039515,295.24594297360215
2929,0.105469,-100.956947,270.061005,1.0,945.6754819039515,517.6514609736021
2930,0.105469,-103.465057,270.035675,1.0,953.5186829039516,512.7394119736022
2931,0.107422,-106.001648,270.009857,1.0,950.2520199039516,515.8590109736022
2932,0.107422,-108.566071,269.983551,1.0,988.7559259039515,524.8768939736021
2933,0.107422,-111.112503,269.957306,1.0,983.9337829039515,524.1956809736021
2934,0.105469,-113.638939,269.931183,1.0,987.9049739039515,526.8396929736022
2935,0.113281,-116.345383,269.903259,1.0,989.2056939039516,530.8854689736022
2936,0.109375,-118.958496,269.876465,1.0,985.7889459039516,528.5908829736022
2937,0.107422,-121.520485,269.85025,1.0,983.7268119039516,527.2024559736021
2938,0.109375,-124.144577,269.823364,1.0,980.2915099039515,534.1429159736022
2939,0.107422,-126.760704,269.797455,1.0,973.2683159039515,536.3845839736022
2940,0.103516,-129.324646,269.774689,1.0,978.6870789039515,535.7448139736022
2941,0.105469,-131.915222,269.75589,1.0,1022.4979919039515,379.84277497360216
2942,0.105469,-134.553452,269.742676,1.0,1026.1399589039515,319.8859269736021
2943,0.107422,-137.210342,269.736267,1.0,907.4865779039516,303.06393597360216
2944,0.105469,-139.83493,269.737091,1.0,905.5144099039516,302.0015889736021
2945,0.103516,-142.402649,269.744232,1.0,910.3759209039515,299.60052697360214
2946,0.105469,-145.009262,269.756439,1.0,912.7777159039515,300.4001789736021
2947,0.101562,-147.58075,269.77182,1.0,962.9337829039515,499.9669819736021
2948,0.107422,-150.238525,269.789795,1.0,961.8946589039515,494.66797097360217
2949,0.107422,-152.922119,269.808868,1.0,963.3898979039516,501.23291197360214
2950,0.105469,-155.546829,269.827423,1.0,968.7221739039516,499.28766097360216
2951,0.105469,-158.182983,269.845795,1.0,961.9437309039515,500.43292397360216
2952,0.105469,-160.821365,269.8638,1.0,976.4487969039516,538.8222979736022
2953,0.101562,-163.416794,269.881287,1.0,978.1816459039516,538.5114159736022
2954,0.105469,-166.036789,269.899017,1.0,988.7085019039515,535.1961079736021
2955,0.103516,-168.66597,269.916992,1.0,1003.9279229039515,523.0332969736021
2956,0.111328,-171.458054,269.936279,1.0,999.9201109039515,528.5883499736021
2957,0.105469,-174.131119,269.954834,1.0,1002.8853209039515,526.2576919736022
2958,0.105469,-176.745987,269.972931,1.0,1004.5992489039515,528.8982259736022
2959,0.103516,-179.367828,269.991058,1.0,1016.5764219039515,515.8455829736022
2960,0.103516,-181.98204,270.009064,1.0,1004.9785819039515,506.59237897360214
2961,0.105469,-184.604279,270.027039,1.0,1111.6209769039515,483.31271597360217
2962,0.105469,-187.191086,270.044769,1.0,850.7879089039516,546.2530839736021
2963,0.111328,-189.970612,270.063843,1.0,999.2503109039516,475.49929997360215
2964,0.113281,-192.701263,270.082642,1.0,989.3341729039515,514.3410359736022
2965,0.109375,-195.38298,270.101135,1.0,990.3304499039515,519.4741539736021
2966,0.109375,-198.040207,270.119446,1.0,984.6283629039515,534.6913469736021
2967,0.105469,-200.575317,270.136902,1.0,984.7461609039515,539.5592669736021
2968,0.103516,-203.037048,270.153839,1.0,986.8314269039515,544.0906389736022
2969,0.105469,-205.565643,270.171234,1.0,986.3872739039515,549.0646079736022
2970,0.107422,-208.101456,270.18869,1.0,983.2053889039515,550.2505819736022
2971,0.105469,-210.591553,270.205811,1.0,982.8747009039515,548.1078509736021
2972,0.105469,-213.04393,270.222687,1.0,984.1872619039515,533.6835649736022
2973,0.105469,-215.460205,270.23938,1.0,987.0487729039515,531.6291219736022
2974,0.109375,-217.877426,270.256012,1.0,986.5315609039516,529.9357009736021
2975,0.107422,-220.209854,270.272034,1.0,988.9491019039515,527.4387229736021
2976,0.105469,-222.415924,270.285858,1.0,990.2229059039515,536.1483479736021
2977,0.103516,-224.51506,270.296204,1.0,998.9853569039515,542.3839129736022
2978,0.105469,-226.574554,270.302002,1.0,1003.2335869039515,546.0765099736021
2979,0.101562,-228.511337,270.302246,1.0,1001.4321959039515,543.6872269736022
2980,0.111328,-230.553635,270.296448,1.0,1007.2657529039515,540.9410109736021
2981,0.107422,-232.475006,270.285217,1.0,933.7674009039515,350.42880397360216
2982,0.111328,-234.385437,270.269135,1.0,913.1524109039515,298.59068497360215
2983,0.105469,-236.131882,270.250671,1.0,942.2460999039515,399.83920497360214
2984,0.107422,-237.886612,270.229218,1.0,985.2143609039515,538.3777789736021
2985,0.105469,-239.598297,270.205902,1.0,989.3820859039515,547.8015159736021
2986,0.101562,-241.231903,270.181458,1.0,994.7570859039515,555.7832969736021
2987,0.111328,-242.996918,270.152588,1.0,994.4803519039515,549.3488179736021
2988,0.111328,-244.757278,270.121063,1.0,995.9241389039515,546.2009299736021
2989,0.111328,-246.510117,270.087341,1.0,999.2691709039515,548.964326973602
2990,0.107422,-248.203918,270.05304,1.0,998.7502499039515,552.4185509736021
2991,0.107422,-249.863144,270.018219,1.0,1001.0255179039515,557.3341389736022
2992,0.107422,-251.526642,269.982666,1.0,979.8468079039516,489.5638139736021
2993,0.109375,-253.183289,269.94693,1.0,980.9855399039516,482.33590897360216
2994,0.105469,-254.797684,269.911987,1.0,987.2188169039515,527.0256979736021
2995,0.103516,-256.382233,269.877686,1.0,986.4808409039515,528.2554039736021
2996,0.103516,-257.947083,269.844177,1.0,988.5239929039515,526.0741599736021
2997,0.105469,-259.506653,269.81134,1.0,988.9311579039515,524.0132159736022
2998,0.103516,-261.065002,269.779327,1.0,989.5397399039515,525.0167869736022
2999,0.103516,-262.605042,269.748535,1.0,919.3031059039515,291.19740497360215
3000,0.103516,-264.103851,269.719452,1.0,922.2275449039515,280.7934589736021
3001,0.103516,-265.640991,269.690491,1.0,1105.1898249039514,522.1632099736021
3002,0.103516,-267.133209,269.663086,1.0,1111.3815979039514,530.0633869736021
3003,0.107422,-268.69635,269.63504,1.0,1120.8078669039514,537.1542989736022
3004,0.103516,-270.171204,269.609344,1.0,1172.2359679039514,551.5056169736022
3005,0.105469,-271.685211,269.58371,1.0,1195.5549369039513,548.1243609736022
3006,0.105469,-273.186005,269.559326,1.0,1171.6859189039515,551.1502709736021
3007,0.103516,-274.659119,269.53653,1.0,1008.6045589039516,536.2975479736021
3008,0.103516,-276.124695,269.515045,1.0,1012.3651789039516,532.3482689736022
3009,0.105469,-277.585632,269.494904,1.0,1010.0592099039516,527.9842849736021
3010,0.101562,-278.991058,269.476593,1.0,1003.4199889039515,560.3844319736022
3011,0.109375,-280.512085,269.458038,1.0,1004.8411919039515,557.5565819736021
3012,0.101562,-281.905579,269.442047,1.0,1008.1649229039515,556.9557819736021
3013,0.109375,-283.415649,269.425842,1.0,1005.4321349039515,556.4268509736021
3014,0.109375,-284.920349,269.410828,1.0,1002.8865409039515,559.4545309736021
3015,0.105469,-286.330231,269.397797,1.0,937.3555359039515,328.75421297360214
3016,0.101562,-287.710785,269.386017,1.0,922.0578059039515,310.36657897360215
3017,0.101562,-289.099976,269.375214,1.0,958.0803279039516,414.23416297360217
3018,0.101562,-290.451172,269.365692,1.0,981.5311339039515,521.0659809736021
3019,0.105469,-291.871643,269.35675,1.0,983.7493949039515,520.2006549736021
3020,0.101562,-293.21521,269.349274,1.0,983.4075369039515,520.2690139736021
3021,0.101562,-294.574432,269.342621,1.0,979.1760309039515,518.6798729736022
3022,0.103516,-295.925323,269.336975,1.0,983.7382869039516,516.9953329736022
3023,0.103516,-297.290283,269.332184,1.0,983.3070129039515,519.3916649736021
3024,0.105469,-298.661163,269.328369,1.0,1011.2118589039516,568.1902179736021
3025,0.105469,-300.038452,269.3255,1.0,1011.2502499039515,573.1466389736022
3026,0.101562,-301.381989,269.323669,1.0,1011.4665579039515,569.6100179736022
3027,0.107422,-302.74649,269.322784,1.0,1012.4580139039515,573.6441979736021
3028,0.103516,-304.066986,269.322845,1.0,1012.2210139039515,571.3873619736021
3029,0.111328,-305.451569,269.323914,1.0,1016.0266169039515,576.2582109736022
3030,0.103516,-306.727417,269.325745,1.0,998.8508969039515,547.8945639736021
3031,0.105469,-307.997772,269.328491,1.0,986.8283749039515,519.3581259736021
3032,0.105469,-309.247009,269.332001,1.0,986.1797539039516,525.5813309736021
3033,0.103516,-310.488434,269.336334,1.0,987.5351009039515,521.5639059736021
3034,0.103516,-311.731903,269.341461,1.0,916.2771659039515,297.88174597360216
3035,0.103516,-312.970764,269.34729,1.0,919.5388239039515,287.93058997360214
3036,0.101562,-314.172333,269.353729,1.0,919.6802429039515,289.94105697360214
3037,0.109375,-315.474121,269.361542,1.0,919.1833549039516,314.6544819736021
3038,0.107422,-316.767853,269.370239,1.0,919.1833549039516,314.6544819736021
3039,0.109375,-318.074432,269.379913,1.0,1003.7951719039515,500.2507039736021
3040,0.107422,-319.347198,269.390198,1.0,994.8740289039515,490.90759497360216
3041,0.105469,-320.602692,269.401184,1.0,1003.7268729039515,487.26077497360217
3042,0.103516,-321.847198,269.412842,1.0,973.9475769039515,491.55648997360214
3043,0.103516,-323.106018,269.425446,1.0,977.8259329039515,494.67303697360217
3044,0.109375,-324.417786,269.439484,1.0,913.6428889039515,300.9235249736021
3045,0.111328,-325.761414,269.454742,1.0,913.9807189039515,292.08775497360216
3046,0.105469,-327.035187,269.470032,1.0,909.4632629039515,290.7325459736021
3047,0.101562,-328.284271,269.48587,1.0,908.0543269039515,293.78158797360214
3048,0.101562,-329.51236,269.502197,1.0,985.8346619039515,443.34246997360214
3049,0.101562,-330.762848,269.519684,1.0,1007.4217589039515,520.7303789736021
3050,0.101562,-332.0177,269.537994,1.0,1010.8664609039515,516.3558669736021
3051,0.103516,-333.324768,269.557922,1.0,1008.9094909039516,513.4851399736021
3052,0.101562,-334.599426,269.578217,1.0,1055.3223929039514,598.971894973602
3053,0.107422,-335.964752,269.60083,1.0,1058.6863459039514,604.965913973602
3054,0.105469,-337.311493,269.62384,1.0,1051.9060119039514,557.6984269736022
3055,0.109375,-338.717987,269.648682,1.0,1041.0220389039514,508.92196897360213
3056,0.101562,-340.051178,269.672913,1.0,1047.4762019039515,513.0286879736021
3057,0.101562,-341.38205,269.697693,1.0,1050.5994929039516,502.28924797360213
3058,0.107422,-342.800262,269.724731,1.0,1050.8781189039514,505.36251997360216
3059,0.105469,-344.223846,269.752655,1.0,1050.4937189039515,504.79821997360216
3060,0.107422,-345.657959,269.781586,1.0,992.6038879039515,485.37295697360213
3061,0.107422,-347.128906,269.812042,1.0,992.0165459039515,484.30795497360214
3062,0.107422,-348.59256,269.84314,1.0,989.8018249039516,484.62060697360215
3063,0.109375,-350.090515,269.875854,1.0,992.1587579039515,481.5353109736021
3064,0.109375,-351.59613,269.909576,1.0,1441.5282039039516,551.7790239736021
3065,0.109375,-353.129944,269.944824,1.0,1446.9670469039515,560.1564959736022
3066,0.103516,-354.584198,269.979004,1.0,1153.9555719039513,518.0547809736022
3067,0.105469,-356.102173,270.015564,1.0,1086.6901909039516,507.6055319736021
3068,0.109375,-357.647034,270.053711,1.0,1088.3227599039515,506.53692797360213
3069,0.107422,-359.200317,270.092957,1.0,1090.7842459039516,499.80999997360215
3070,0.107422,-360.758301,270.133209,1.0,1092.1640679039515,494.35061797360214
3071,0.107422,-362.333801,270.174805,1.0,1018.6854919039515,496.49594297360215
3072,0.109375,-363.928833,270.217896,1.0,1019.1108459039515,495.40545897360215
3073,0.109375,-365.555756,270.263,1.0,1020.4828549039515,489.5293899736021
3074,0.103516,-367.098938,270.306915,1.0,1021.4830379039515,485.3392349736021
3075,0.103516,-368.656677,270.352966,1.0,1023.0738579039515,479.2213459736021
3076,0.101562,-370.160706,270.400543,1.0,1018.4668639039515,475.4113479736021
3077,0.109375,-371.824341,270.458649,1.0,1021.5601859039515,474.08108697360217
3078,0.105469,-373.428589,270.521606,1.0,1127.3028619039515,466.8585529736021
3079,0.103516,-375.001709,270.592804,1.0,1136.0247859039514,462.0267349736021
3080,0.103516,-376.587036,270.67749,1.0,1139.9366509039514,462.55258397360217
3081,0.105469,-378.188293,270.779602,1.0,1101.3917899039516,496.23254597360216
3082,0.103516,-379.788544,270.901642,1.0,1100.8516289039517,495.06375297360216
3083,0.103516,-381.388245,271.046356,1.0,1169.2725889039516,493.46576097360213
3084,0.103516,-382.979523,271.214111,1.0,1167.9885309039514,496.14053497360214
3085,0.103516,-384.57135,271.406433,1.0,1168.6264709039515,496.72189497360216
3086,0.101562,-386.142059,271.620117,1.0,1169.4654599039513,496.1313799736021
3087,0.103516,-387.76236,271.86496,1.0,1168.6806699039516,492.0686359736021
3088,0.101562,-389.394165,272.135895,1.0,1162.2015439039515,486.60397497360213
3089,0.101562,-391.007172,272.427429,1.0,1000.0824639039515,363.27249297360214
3090,0.107422,-392.790833,272.777771,1.0,995.8643859039515,359.82638697360215
3091,0.107422,-394.577148,273.15863,1.0,992.8331969039515,360.25296197360217
3092,0.107422,-396.370178,273.572449,1.0,1118.8212949039516,480.1663229736021
3093,0.105469,-398.101074,274.002838,1.0,1117.3023739039513,479.4196799736021
3094,0.109375,-399.917328,274.487946,1.0,1106.8712219039517,477.26587097360215
3095,0.105469,-401.696167,274.997314,1.0,1102.1345879039516,476.2710589736021
3096,0.107422,-403.467316,275.538055,1.0,1136.7347469039514,510.1262229736021
3097,0.109375,-405.287842,276.129242,1.0,1131.9003959039514,506.93545697360213
3098,0.103516,-406.990021,276.7146,1.0,1126.0245419039516,503.8875749736021
3099,0.103516,-408.695465,277.333252,1.0,1118.8698789039513,502.58001897360214
3100,0.103516,-410.401154,277.984833,1.0,1113.6151179039516,500.51278897360214
3101,0.101562,-412.092621,278.664124,1.0,1136.4831599039517,474.3382889736021
3102,0.101562,-413.749756,279.362518,1.0,1130.6400199039517,469.92083897360214
3103,0.101562,-415.40155,280.091797,1.0,1126.1134089039515,466.75876097360214
3104,0.101562,-417.051483,280.853149,1.0,1123.4320129039515,463.97128497360217
3105,0.105469,-418.762573,281.676605,1.0,1119.6508849039515,458.81860497360213
3106,0.105469,-420.459991,282.526031,1.0,1118.0974179039517,453.77633897360215
3107,0.111328,-422.259705,283.458893,1.0,1065.5380919039517,456.25326697360214
3108,0.107422,-424.00238,284.38913,1.0,1058.5030579039517,454.2417929736021
3109,0.109375,-425.743683,285.339752,1.0,1053.3206839039515,456.52539297360215
3110,0.107422,-427.460876,286.293243,1.0,1049.1646179039515,451.87729097360216
3111,0.107422,-429.175842,287.258453,1.0,1045.5349179039515,446.30182097360216
3112,0.109375,-430.923279,288.254211,1.0,1032.1371519039517,493.9303299736021
3113,0.101562,-432.557343,289.196808,1.0,1031.4000299039517,496.7243669736021
3114,0.111328,-434.361206,290.251495,1.0,1030.4487359039515,488.10034397360215
3115,0.101562,-435.987396,291.217438,1.0,1088.6586969039515,487.16427797360217
3116,0.103516,-437.625153,292.207977,1.0,1090.1762749039515,486.25412197360214
3117,0.111328,-439.399811,293.30719,1.0,1091.2730159039515,487.11349697360214
3118,0.111328,-441.164062,294.43277,1.0,1091.7937679039514,484.71591397360214
3119,0.111328,-442.932495,295.598785,1.0,1153.9694879039516,412.17898797360215
3120,0.101562,-444.536499,296.691925,1.0,1131.9409239039514,473.03610397360217
3121,0.101562,-446.098694,297.790436,1.0,1140.1108459039515,501.4250809736021
3122,0.107422,-447.774841,299.007385,1.0,1136.3387509039517,509.22699197360214
3123,0.111328,-449.46524,300.274872,1.0,1130.8083549039516,503.55380397360216
3124,0.105469,-451.08548,301.529388,1.0,1127.6731009039513,503.2354449736021
3125,0.101562,-452.607178,302.744232,1.0,1129.3844049039517,501.55203397360214
3126,0.103516,-454.140472,304.006073,1.0,1128.7919979039516,500.24756097360216
3127,0.109375,-455.777832,305.397461,1.0,1121.2813779039516,500.1803299736021
3128,0.111328,-457.398926,306.822418,1.0,1122.0622619039514,501.80740597360216
3129,0.111328,-459.00531,308.28241,1.0,1116.4239559039515,501.67218197360216
3130,0.111328,-460.601807,309.783356,1.0,1112.1573539039514,500.78598197360213
3131,0.101562,-462.042816,311.182037,1.0,1112.0606749039516,502.7743239736021
3132,0.109375,-463.584412,312.726624,1.0,1110.7200989039516,498.92248697360213
3133,0.101562,-464.976044,314.166046,1.0,939.4824279039515,316.1176469736021
3134,0.109375,-466.486145,315.778748,1.0,932.8941709039515,313.03466997360215
3135,0.103516,-467.866089,317.30127,1.0,921.1760919039515,304.38823097360216
3136,0.101562,-469.215515,318.837708,1.0,1141.5233209039516,484.88745297360214
3137,0.111328,-470.692932,320.577362,1.0,1150.4783989039515,492.91919097360216
3138,0.103516,-472.007233,322.177917,1.0,1147.4589899039515,493.7349259736021
3139,0.111328,-473.425323,323.96463,1.0,1142.0199029039513,488.9675009736021
3140,0.101562,-474.686554,325.608917,1.0,1142.5942439039513,492.15951697360214
3141,0.101562,-475.928589,327.282471,1.0,1138.6401419039516,490.1925069736021
3142,0.101562,-477.159485,328.997559,1.0,1139.5661679039517,487.10366997360217
3143,0.103516,-478.385315,330.765289,1.0,1139.8961239039513,487.44308697360214
3144,0.105469,-479.596954,332.575653,1.0,1250.7612359039517,512.4465659736022
3145,0.109375,-480.824615,334.479401,1.0,1315.5908259039516,524.4406449736022
3146,0.103516,-481.966278,336.316956,1.0,1290.7606259039517,530.0381489736021
3147,0.103516,-483.087524,338.190002,1.0,1139.6733459039515,508.18835597360214
3148,0.107422,-484.205292,340.130402,1.0,1138.2946829039515,505.10669097360216
3149,0.109375,-485.335236,342.172028,1.0,1133.2391419039513,508.65222397360213
3150,0.105469,-486.378906,344.133484,1.0,1126.1855529039517,508.85592797360215
3151,0.105469,-487.397125,346.122894,1.0,1121.6341609039514,505.0538649736021
3152,0.105469,-488.394989,348.150116,1.0,1112.1287899039517,500.6317159736021
3153,0.107422,-489.364777,350.199615,1.0,1108.5565239039515,503.94299497360214
3154,0.103516,-490.298248,352.254089,1.0,1142.5756889039517,510.99167097360214
3155,0.107422,-491.220276,354.371368,1.0,1175.4366509039514,526.3180259736021
3156,0.107422,-492.104919,356.493805,1.0,1162.7446349039515,532.2686789736022
3157,0.107422,-492.959869,358.641174,1.0,1156.7818659039517,524.3519609736022
3158,0.107422,-493.789703,360.827942,1.0,1151.3490049039515,525.1764239736021
3159,0.107422,-494.589722,363.043579,1.0,1138.9359189039515,516.9640519736022
3160,0.109375,-495.36145,365.296906,1.0,1202.4010069039514,524.7792069736022
3161,0.111328,-496.106781,367.597412,1.0,1194.4643609039517,522.6490189736021
3162,0.107422,-496.801971,369.878174,1.0,1165.6615049039515,521.6727619736021
3163,0.109375,-497.456268,372.172455,1.0,1170.0340629039515,521.7447219736022
3164,0.109375,-498.077179,374.517761,1.0,1191.4574029039513,526.3816849736022
3165,0.109375,-498.647491,376.856659,1.0,1188.4488579039516,530.5223409736021
3166,0.109375,-499.179321,379.24353,1.0,1183.1406309039517,530.2565019736021
3167,0.113281,-499.672424,381.690613,1.0,1178.3698789039513,526.1580219736022
3168,0.109375,-500.109985,384.110107,1.0,1144.3690239039515,525.7018449736022
3169,0.101562,-500.468628,386.321503,1.0,1115.1281799039516,522.6230489736022
3170,0.125,-500.864136,389.087891,1.0,1104.0293639039514,520.0590229736022
3171,0.109375,-501.166565,391.523254,1.0,1087.0626889039515,519.5711689736022
3172,0.109375,-501.433228,393.983673,1.0,1086.9805969039517,528.2697469736022
3173,0.109375,-501.665985,396.447968,1.0,1079.3054869039515,533.3306289736022
3174,0.109375,-501.861481,398.853302,1.0,1066.1763969039516,533.1037009736021
3175,0.109375,-502.028381,401.289093,1.0,1062.0095269039516,536.0663469736021
3176,0.109375,-502.161011,403.698883,1.0,1040.6893979039514,541.5670799736022
3177,0.111328,-502.258423,406.097717,1.0,1014.1056579039515,541.4851089736021
3178,0.107422,-502.316772,408.455414,1.0,1008.5153869039515,544.5350969736021
3179,0.111328,-502.336395,410.843781,1.0,995.6002249039515,534.7310809736022
3180,0.111328,-502.315216,413.201721,1.0,985.7376769039515,534.8256249736021
3181,0.109375,-502.254395,415.555145,1.0,972.4545349039515,534.0122399736022
3182,0.109375,-502.157257,417.863434,1.0,960.0821589039515,531.0719319736022
3183,0.109375,-502.030243,420.122253,1.0,947.2838799039515,534.3879409736021
3184,0.109375,-501.874329,422.426666,1.0,935.3535819039515,531.9512959736021
3185,0.101562,-501.718628,424.497345,1.0,925.7691099039515,528.3796709736021
3186,0.113281,-501.532623,426.825287,1.0,937.7389579039515,533.4302079736021
3187,0.101562,-501.365967,428.872864,1.0,942.7810729039516,535.4886799736021
3188,0.101562,-501.20047,430.935394,1.0,948.1830499039515,538.5560629736021
3189,0.113281,-501.026611,433.206055,1.0,946.3824519039515,539.4524249736021
3190,0.109375,-500.872711,435.399109,1.0,947.8285579039515,535.0068989736021
3191,0.103516,-500.743439,437.467865,1.0,955.7991389039515,537.5227989736022
3192,0.103516,-500.633453,439.495514,1.0,960.5724539039516,535.7647419736022
3193,0.101562,-500.542084,441.50174,1.0,972.0731869039515,492.16110397360217
3194,0.101562,-500.46994,443.481415,1.0,979.4585019039515,494.05380397360216
3195,0.103516,-500.415588,445.504242,1.0,960.8082329039515,508.22064397360214
3196,0.111328,-500.380432,447.634369,1.0,957.5082459039515,520.5013139736021
3197,0.103516,-500.368561,449.632904,1.0,962.4805969039516,522.8316059736021
3198,0.105469,-500.377716,451.614288,1.0,974.7857719039515,526.8862929736022
3199,0.105469,-500.407715,453.617676,1.0,982.6696219039516,523.1364159736022
3200,0.109375,-500.456146,455.67804,1.0,991.2459769039515,523.5059529736021
3201,0.107422,-500.515961,457.688751,1.0,1000.8755549039515,517.3067649736022
3202,0.113281,-500.586792,459.778717,1.0,1008.3384459039515,523.1782549736022
3203,0.101562,-500.653412,461.648376,1.0,984.4016779039515,426.84469797360214
3204,0.109375,-500.72226,463.652313,1.0,804.0269219039516,-184.03472702639786
3205,0.109375,-500.784241,465.657104,1.0,804.0269219039516,-184.03472702639786
3206,0.111328,-500.837097,467.686554,1.0,990.7203429039515,480.21417397360216
3207,0.111328,-500.878265,469.67392,1.0,983.5140439039516,474.86657897360215
3208,0.111328,-500.909119,471.660583,1.0,981.7246759039515,475.59167697360215
3209,0.109375,-500.930237,473.598206,1.0,974.5357109039516,477.40152197360214
3210,0.107422,-500.943359,475.494476,1.0,974.9753479039515,466.4923119736021
3211,0.107422,-500.950836,477.380035,1.0,967.6180479039515,464.8992329736021
3212,0.107422,-500.954956,479.268921,1.0,970.0150809039516,469.80044797360216
3213,0.107422,-500.958252,481.116669,1.0,971.3603569039515,517.0413229736021
3214,0.105469,-500.96405,482.948059,1.0,971.1264099039515,510.16961897360216
3215,0.107422,-500.975983,484.763916,1.0,976.2527519039515,512.5862749736021
3216,0.107422,-500.996948,486.601593,1.0,985.6452689039515,514.9726889736021
3217,0.101562,-501.025848,488.323059,1.0,1010.2659969039515,520.6331809736021
3218,0.107422,-501.066437,490.136688,1.0,1015.4240779039516,522.2441119736021
3219,0.107422,-501.11618,491.922882,1.0,1015.0931449039515,521.5746479736022
3220,0.105469,-501.173584,493.674408,1.0,1011.5726989039515,517.2671829736021
3221,0.105469,-501.238373,495.411743,1.0,1018.0689139039515,518.2697769736021
3222,0.105469,-501.310577,497.148468,1.0,1022.1654109039515,507.38528597360215
3223,0.105469,-501.38736,498.857544,1.0,1029.6219539039516,510.03610397360217
3224,0.105469,-501.466522,500.558899,1.0,1034.7317559039516,508.30011197360216
3225,0.105469,-501.546478,502.265106,1.0,993.7767999039515,490.46942297360215
3226,0.103516,-501.622437,503.935425,1.0,998.4685729039516,490.10559297360214
3227,0.105469,-501.693939,505.600708,1.0,997.3420469039515,484.37222497360216
3228,0.103516,-501.759216,507.245392,1.0,993.6617489039515,486.3585529736021
3229,0.105469,-501.818604,508.884186,1.0,990.5818539039515,481.80203397360214
3230,0.103516,-501.872009,510.508759,1.0,953.4686339039515,511.63598797360214
3231,0.103516,-501.920349,512.138306,1.0,949.7755179039515,513.9896259736022
3232,0.101562,-501.962036,513.695557,1.0,948.3217219039515,516.7997459736021
3233,0.105469,-502.000458,515.303833,1.0,942.6541809039516,513.5701619736021
3234,0.103516,-502.033936,516.903503,1.0,939.5273499039515,512.0716879736021
3235,0.103516,-502.062134,518.479797,1.0,938.2098449039515,506.77325597360215
3236,0.103516,-502.08548,520.056519,1.0,936.6373959039515,508.79843297360213
3237,0.105469,-502.10376,521.623352,1.0,979.1343439039515,507.6907979736021
3238,0.107422,-502.117645,523.240906,1.0,978.7085019039515,509.6522539736021
3239,0.105469,-502.126434,524.822632,1.0,978.1612609039515,515.0853899736021
3240,0.105469,-502.130676,526.381958,1.0,973.0655579039516,512.1773089736021
3241,0.105469,-502.130463,527.936829,1.0,973.4886529039516,513.4353049736021
3242,0.105469,-502.126007,529.471924,1.0,973.0496269039515,509.6893329736021
3243,0.103516,-502.117249,530.997986,1.0,969.1654719039515,511.15551997360217
3244,0.105469,-502.104065,532.531189,1.0,969.6914729039515,511.16720797360216
3245,0.105469,-502.086578,534.060425,1.0,966.9935969039515,513.8447589736022
3246,0.105469,-502.065033,535.566223,1.0,959.7128349039515,516.2125259736022
3247,0.107422,-502.038727,537.097656,1.0,955.5017759039515,520.3971269736021
3248,0.105469,-502.008301,538.62146,1.0,970.8825739039515,511.09347697360215
3249,0.105469,-501.974457,540.129272,1.0,969.4980529039515,514.4461989736021
3250,0.105469,-501.93811,541.622498,1.0,967.8589539039515,510.14825597360215
3251,0.105469,-501.900024,543.095215,1.0,956.8027399039515,505.6211569736021
3252,0.109375,-501.858307,544.637817,1.0,952.8261779039515,506.58551197360214
3253,0.103516,-501.817627,546.087097,1.0,951.0560969039515,510.9034439736021
3254,0.103516,-501.77536,547.541626,1.0,955.9606989039515,512.9160479736022
3255,0.107422,-501.730499,549.02832,1.0,977.5299739039515,516.5860309736022
3256,0.105469,-501.684235,550.500793,1.0,977.8582819039515,516.9883439736021
3257,0.109375,-501.634705,552.016968,1.0,978.7183899039516,519.4336259736021
3258,0.107422,-501.583344,553.530273,1.0,976.1382499039515,519.8645649736021
3259,0.107422,-501.532166,555.001404,1.0,974.8557189039515,516.4388139736021
3260,0.111328,-501.477539,556.554138,1.0,950.9469659039515,512.5975669736022
3261,0.113281,-501.422607,558.113647,1.0,953.0452939039516,509.61380197360216
3262,0.101562,-501.373688,559.510559,1.0,950.5269219039516,508.60763697360215
3263,0.105469,-501.322662,560.977844,1.0,956.9834649039515,510.59143297360214
3264,0.103516,-501.273468,562.398315,1.0,953.1984309039515,514.8879109736022
3265,0.107422,-501.222137,563.882812,1.0,907.5887509039516,281.37426997360217
3266,0.103516,-501.172119,565.32373,1.0,904.9003959039516,284.29919597360214
3267,0.105469,-501.121765,566.773865,1.0,924.8250789039515,284.09739897360214
3268,0.103516,-501.07254,568.194824,1.0,1077.3018859039516,262.5423599736022
3269,0.107422,-501.022003,569.662598,1.0,951.7102109039515,495.1559469736021
3270,0.107422,-500.971649,571.142639,1.0,953.8616999039515,489.4015519736021
3271,0.111328,-500.91983,572.688599,1.0,954.7901059039515,484.96365597360216
3272,0.105469,-500.871857,574.145386,1.0,956.6660209039516,491.26657297360214
3273,0.105469,-500.825562,575.575989,1.0,891.9024719039516,206.83734297360215
3274,0.109375,-500.777405,577.087463,1.0,969.3414969039516,457.3024919736021
3275,0.109375,-500.730591,578.582214,1.0,947.9926819039515,505.50537297360216
3276,0.105469,-500.686218,580.045593,1.0,971.2150329039515,533.9461989736021
3277,0.105469,-500.64386,581.507141,1.0,974.8648129039515,524.2717609736021
3278,0.107422,-500.604156,582.963806,1.0,969.8858699039515,525.1570449736021
3279,0.105469,-500.566711,584.443787,1.0,968.6177429039515,531.4957599736022
3280,0.107422,-500.532654,585.913391,1.0,969.9710139039515,526.6955279736021
3281,0.105469,-500.501678,587.378967,1.0,969.8167169039515,531.8583999736022
3282,0.109375,-500.472748,588.882812,1.0,1004.0564019039515,210.61146697360215
3283,0.105469,-500.447113,590.343994,1.0,1004.0564019039515,210.61146697360215
3284,0.105469,-500.423615,591.812744,1.0,1004.0564019039515,210.61146697360215
3285,0.111328,-500.400879,593.370178,1.0,980.5830749039516,407.3914199736021
3286,0.109375,-500.380463,594.895142,1.0,974.6520439039515,496.1444419736021
3287,0.105469,-500.361816,596.36554,1.0,980.9460509039516,504.00991997360217
3288,0.107422,-500.342957,597.877869,1.0,979.1012019039515,500.42340297360215
3289,0.107422,-500.323975,599.388123,1.0,1055.8019469039514,525.1323869736021
3290,0.109375,-500.304291,600.931763,1.0,1051.2453059039515,520.4609999736022
3291,0.107422,-500.284271,602.467773,1.0,1054.8632259039514,522.1719689736021
3292,0.111328,-500.263489,604.024719,1.0,1059.2913269039514,513.7784139736021
3293,0.107422,-500.24295,605.551086,1.0,1077.8843439039515,492.47146797360216
3294,0.105469,-500.222595,607.051331,1.0,1095.7141779039516,518.5107749736021
3295,0.109375,-500.201721,608.588318,1.0,1093.1922049039515,514.3918779736022
3296,0.103516,-500.182251,610.02771,1.0,1089.8012139039515,511.58697697360213
3297,0.111328,-500.161713,611.546448,1.0,1082.0820979039515,509.14630297360213
3298,0.103516,-500.143036,612.924805,1.0,1078.7377989039514,508.03018397360216
3299,0.101562,-500.125916,614.195068,1.0,1079.4476379039515,508.8782059736021
3300,0.113281,-500.108185,615.505005,1.0,1072.4420219039516,513.7156999736021
3301,0.101562,-500.093597,616.583801,1.0,1067.2914489039515,517.0905779736022
3302,0.103516,-500.079742,617.603943,1.0,965.4730279039516,367.99389797360215
3303,0.111328,-500.066742,618.562439,1.0,933.9099789039515,323.52057097360216
3304,0.113281,-500.054901,619.4375,1.0,1068.9910339039516,490.9094559736021
3305,0.109375,-500.044769,620.183777,1.0,1060.7253479039514,490.76132397360215
3306,0.109375,-500.036011,620.83075,1.0,1058.6322689039516,489.23043997360213
3307,0.109375,-500.028564,621.3797,1.0,1051.0778259039516,487.5100729736021
3308,0.109375,-500.0224,621.831726,1.0,1045.4093079039517,488.18170397360217
3309,0.109375,-500.017731,622.178467,1.0,1033.1383719039516,475.06738497360215
3310,0.111328,-500.014435,622.421631,1.0,928.4992119039515,278.1873949736022
3311,0.103516,-500.012665,622.552795,1.0,931.0164849039516,271.5727099736022
3312,0.101562,-500.012115,622.590759,1.0,972.4751029039516,360.40649597360215
3313,0.111328,-500.012207,622.584106,1.0,1016.1884819039515,482.72519097360214
3314,0.113281,-500.012299,622.570862,1.0,1016.7108819039515,489.00943197360215
3315,0.111328,-500.012329,622.564575,1.0,956.2327939039516,410.38870397360216
3316,0.109375,-500.012329,622.566528,1.0,1043.8132989039514,276.90007197360217
3317,0.111328,-500.012268,622.571838,1.0,996.8488829039516,456.0116289736021
3318,0.109375,-500.012268,622.577942,1.0,928.3377739039515,355.78305297360214
3319,0.111328,-500.012115,622.584656,1.0,911.2673399039516,308.70398097360214
3320,0.111328,-500.011993,622.593384,1.0,972.8162899039515,435.04171897360214
3321,0.111328,-500.01181,622.605225,1.0,987.1102959039515,495.29791497360213
3322,0.111328,-500.011627,622.620178,1.0,988.4860289039515,489.57534997360216
3323,0.111328,-500.011414,622.637451,1.0,988.1270199039516,489.32528897360214
3324,0.111328,-500.011139,622.657043,1.0,987.1532039039515,497.67477597360215
3325,0.111328,-500.010803,622.678406,1.0,983.4776059039515,501.19589397360215
3326,0.109375,-500.010498,622.702209,1.0,983.3534599039515,500.60629497360213
3327,0.105469,-500.010193,622.727478,1.0,980.8073789039515,501.90200997360216
3328,0.109375,-500.009796,622.757568,1.0,979.5628109039516,507.09674297360215
3329,0.113281,-500.009277,622.79248,1.0,980.7012389039515,504.72354297360215
3330,0.109375,-500.008728,622.833313,1.0,992.6853699039515,448.50570897360217
3331,0.103516,-500.008087,622.877686,1.0,996.3779959039515,385.09176797360215
3332,0.113281,-500.007294,622.938477,1.0,967.1826229039515,335.51440597360215
3333,0.111328,-500.006226,623.016968,1.0,930.8571219039516,287.4810509736021
3334,0.111328,-500.004791,623.125977,1.0,932.1754209039515,284.0605029736021
3335,0.111328,-500.002777,623.274414,1.0,925.8865409039515,284.81472997360214
3336,0.109375,-500.000092,623.47113,1.0,980.6245169039515,502.93017797360216
3337,0.111328,-499.996735,623.718262,1.0,979.1853079039515,509.6226219736021
3338,0.111328,-499.992706,624.018005,1.0,978.4861509039515,503.75549497360214
3339,0.101562,-499.988464,624.330322,1.0,1066.4490409039515,531.8495199736021
3340,0.111328,-499.983124,624.726746,1.0,1538.7037409039517,665.3997519736022
3341,0.111328,-499.977081,625.172546,1.0,1542.7351129039516,664.2923909736021
3342,0.113281,-499.970245,625.676208,1.0,1540.3702449039515,667.376618973602
3343,0.111328,-499.96286,626.22229,1.0,1540.3824519039517,667.106538973602
3344,0.109375,-499.954834,626.814026,1.0,1539.2547659039515,673.8238239736022
3345,0.109375,-499.946198,627.451233,1.0,1538.4599669039517,668.8559899736022
3346,0.113281,-499.936646,628.15448,1.0,1437.4631409039516,652.1084919736022
3347,0.109375,-499.926666,628.893127,1.0,949.2047179039515,447.36889797360215
3348,0.111328,-499.915924,629.686462,1.0,947.1798149039515,450.76449797360215
3349,0.113281,-499.904785,630.50885,1.0,978.2586119039515,513.2271139736022
3350,0.111328,-499.893036,631.374695,1.0,977.6834159039515,524.1997089736021
3351,0.111328,-499.880768,632.284607,1.0,979.6702939039516,522.3281879736021
3352,0.101562,-499.869202,633.136414,1.0,979.7758849039515,521.0149559736021
3353,0.101562,-499.857422,634.00769,1.0,980.5299739039515,519.9150719736022
3354,0.111328,-499.843628,635.020874,1.0,997.7066709039515,540.5524919736022
3355,0.111328,-499.82959,636.055359,1.0,1003.9925589039515,540.5384849736022
3356,0.113281,-499.814819,637.147217,1.0,1001.7855279039516,540.7706319736021
3357,0.101562,-499.801361,638.140198,1.0,1002.4059509039515,541.6066909736021
3358,0.103516,-499.786743,639.217468,1.0,998.7975519039516,542.5208149736021
3359,0.103516,-499.771576,640.337158,1.0,951.2429869039515,400.37393397360216
3360,0.103516,-499.755951,641.489868,1.0,949.7077079039515,389.84817697360216
3361,0.101562,-499.739777,642.685303,1.0,913.6472229039515,295.31033497360215
3362,0.103516,-499.72287,643.931152,1.0,911.0517639039515,292.49585197360216
3363,0.103516,-499.705566,645.209045,1.0,965.3185479039515,503.16107397360213
3364,0.103516,-499.687958,646.511292,1.0,964.6065729039515,503.8845539736021
3365,0.105469,-499.669922,647.841797,1.0,964.5719659039515,503.35455497360215
3366,0.103516,-499.651733,649.186157,1.0,968.1934259039515,505.1144729736021
3367,0.103516,-499.633362,650.545532,1.0,920.1439879039515,299.9124319736021
3368,0.101562,-499.614716,651.918701,1.0,915.6077329039515,303.80085997360214
3369,0.103516,-499.595978,653.301636,1.0,936.5841729039515,355.24853697360214
3370,0.103516,-499.576965,654.704651,1.0,973.7394469039515,503.30825997360216
3371,0.103516,-499.557953,656.108398,1.0,973.5402889039515,499.7510699736021
3372,0.103516,-499.538574,657.519592,1.0,971.4055839039515,503.9750389736021
3373,0.103516,-499.518829,658.93158,1.0,969.8848929039515,502.81524897360214
3374,0.101562,-499.498718,660.338013,1.0,973.4669249039515,505.62368997360215
3375,0.103516,-499.477722,661.763733,1.0,973.5982109039516,506.61450397360215
3376,0.103516,-499.456177,663.191589,1.0,975.7114319039515,511.31881897360216
3377,0.105469,-499.434021,664.620667,1.0,978.8413749039515,510.4658529736021
3378,0.107422,-499.410248,666.122925,1.0,914.7357239039516,295.73309497360214
3379,0.105469,-499.386963,667.569397,1.0,907.7966979039516,292.87344597360214
3380,0.105469,-499.363068,669.023743,1.0,925.6857969039515,318.69687097360213
3381,0.101562,-499.33902,670.4552,1.0,979.5265559039515,524.9259659736022
3382,0.103516,-499.314636,671.882568,1.0,973.4798029039515,523.0430929736021
3383,0.113281,-499.287262,673.454773,1.0,976.1334899039515,526.5697039736021
3384,0.103516,-499.261505,674.902588,1.0,974.1377009039516,526.7076129736022
3385,0.103516,-499.234955,676.368286,1.0,993.0234429039515,534.3523579736021
3386,0.103516,-499.207947,677.829651,1.0,1017.0392509039515,549.4766559736022
3387,0.105469,-499.180145,679.306274,1.0,1018.9550839039515,553.5151389736021
3388,0.103516,-499.152008,680.778015,1.0,1222.1427059039515,380.55389597360215
3389,0.105469,-499.122772,682.277588,1.0,1442.1835999039517,176.53593597360214
3390,0.105469,-499.093079,683.772217,1.0,1449.4177299039516,177.50178697360215
3391,0.105469,-499.062592,685.284119,1.0,1004.9039969039516,493.17544797360216
3392,0.109375,-499.031158,686.818115,1.0,1005.1027279039515,494.49429497360217
3393,0.105469,-499.000488,688.282227,1.0,1004.3422909039515,514.0151079736022
3394,0.107422,-498.969269,689.75293,1.0,1000.8684139039515,533.1111469736022
3395,0.103516,-498.938721,691.169067,1.0,1004.1058409039515,531.6715109736022
3396,0.103516,-498.907837,692.576111,1.0,1003.0836239039515,529.1026329736021
3397,0.111328,-498.873932,694.098267,1.0,998.2530579039516,522.3640159736021
3398,0.103516,-498.843018,695.466858,1.0,969.4473929039515,512.2186909736022
3399,0.101562,-498.812439,696.817078,1.0,967.5340019039515,509.1948259736021
3400,0.111328,-498.779053,698.289185,1.0,969.8234919039515,509.39285497360214
3401,0.111328,-498.745941,699.74762,1.0,969.8378959039516,508.62698597360213
3402,0.101562,-498.7164,701.059753,1.0,971.0505429039515,507.22433697360214
3403,0.101562,-498.687012,702.367126,1.0,915.5721489039515,298.7849289736022
3404,0.113281,-498.654877,703.795776,1.0,945.8396659039515,370.9454369736021
3405,0.107422,-498.625336,705.109497,1.0,981.1618709039515,498.20645297360215
3406,0.113281,-498.594879,706.460266,1.0,979.1859799039515,498.97494697360213
3407,0.103516,-498.568909,707.615173,1.0,980.4185849039516,493.19555897360215
3408,0.103516,-498.544037,708.714111,1.0,1004.2935849039516,493.68029997360213
3409,0.111328,-498.51947,709.80249,1.0,1008.2133849039515,493.75650197360216
3410,0.101562,-498.498322,710.741821,1.0,1006.4398859039516,486.80389597360215
3411,0.103516,-498.478546,711.619568,1.0,1011.0847839039516,452.8248009736021
3412,0.113281,-498.458923,712.491028,1.0,1013.7580009039515,448.2439289736021
3413,0.113281,-498.441803,713.250916,1.0,1006.6088309039516,425.09860397360217
3414,0.111328,-498.427246,713.894836,1.0,1016.8370419039516,451.31924597360216
3415,0.111328,-498.415039,714.437256,1.0,1016.0465759039515,450.85171697360215
3416,0.111328,-498.40509,714.878296,1.0,976.7592219039515,404.21322797360216
3417,0.111328,-498.396973,715.236328,1.0,876.9028379039515,285.89665397360216
3418,0.101562,-498.391418,715.480896,1.0,894.0360159039515,276.1942619736021
3419,0.101562,-498.387634,715.650879,1.0,900.5837459039515,280.49940697360216
3420,0.101562,-498.385498,715.746521,1.0,1039.7230279039516,481.2650469736021
3421,0.113281,-498.384949,715.77124,1.0,1038.9505669039515,484.19424597360216
3422,0.101562,-498.385071,715.763855,1.0,1039.4680229039516,496.58221597360216
3423,0.101562,-498.385345,715.75354,1.0,1040.1629089039516,496.66406397360214
3424,0.103516,-498.385498,715.748535,1.0,1077.4151669039516,573.4833089736021
3425,0.109375,-498.385468,715.749817,1.0,1078.0512749039515,562.7314169736021
3426,0.103516,-498.385376,715.753601,1.0,1054.3983819039515,495.9685989736021
3427,0.107422,-498.385376,715.756348,1.0,1053.7288879039515,523.8763139736021
3428,0.103516,-498.385345,715.756409,1.0,1053.5557309039514,530.5950339736021
3429,0.107422,-498.385406,715.755127,1.0,1059.0744689039516,531.6149009736021
3430,0.101562,-498.385406,715.754517,1.0,1055.0659849039516,524.0946369736021
3431,0.103516,-498.385406,715.756592,1.0,1142.1610159039515,425.4969499736021
3432,0.113281,-498.385254,715.761841,1.0,1054.6834159039515,501.52087597360213
3433,0.101562,-498.385101,715.768738,1.0,1066.3565119039515,457.8989889736021
3434,0.101562,-498.384888,715.777527,1.0,803.3266659039515,265.81360097360215
3435,0.101562,-498.384613,715.788269,1.0,984.3147639039515,438.17144997360214
3436,0.101562,-498.384338,715.800842,1.0,1044.7795469039515,509.21197697360213
3437,0.103516,-498.384033,715.815796,1.0,1042.3577939039515,511.68551797360215
3438,0.105469,-498.383636,715.833252,1.0,810.5647029039516,335.0781569736021
3439,0.103516,-498.383179,715.852112,1.0,974.5362609039515,306.90548897360213
3440,0.101562,-498.382721,715.872803,1.0,1004.3749449039515,491.95321897360213
3441,0.101562,-498.382202,715.895508,1.0,1002.9887749039515,495.8828449736021
3442,0.103516,-498.381683,715.920288,1.0,979.2681329039515,460.14062697360214
3443,0.101562,-498.381042,715.946655,1.0,930.7235779039515,487.80246197360214
3444,0.103516,-498.380432,715.975525,1.0,922.1550349039516,473.4898089736021
3445,0.103516,-498.379761,716.006348,1.0,910.2928519039515,480.18347397360213
3446,0.105469,-498.378937,716.039978,1.0,825.5596369039515,486.72158997360214
3447,0.103516,-498.378113,716.077148,1.0,802.5490169039515,500.52230997360215
3448,0.107422,-498.377106,716.122742,1.0,521.4306089039515,500.21692097360216
3449,0.105469,-498.375854,716.177673,1.0,514.3241939039515,504.7327599736021
3450,0.103516,-498.374207,716.25,1.0,511.24872390395154,505.01562697360214
3451,0.103516,-498.37207,716.34552,1.0,507.8678649039515,501.27194397360216
3452,0.111328,-498.369049,716.481201,1.0,554.1024529039515,499.7168899736021
3453,0.105469,-498.365204,716.647644,1.0,555.2091119039515,498.3693559736021
3454,0.103516,-498.360626,716.848816,1.0,862.9814509039516,490.19168297360216
3455,0.105469,-498.355225,717.087158,1.0,1033.9473319039516,499.71209897360217
3456,0.103516,-498.348999,717.36438,1.0,1031.5877129039516,504.67486797360215
3457,0.103516,-498.341858,717.680725,1.0,1036.4586239039515,506.17529497360215
3458,0.103516,-498.333771,718.039246,1.0,1035.3560239039516,506.23205797360214
3459,0.103516,-498.324829,718.437134,1.0,1031.5545099039514,506.20965797360213
3460,0.103516,-498.314758,718.884277,1.0,1092.5999809039515,566.5360429736022
3461,0.103516,-498.303833,719.368347,1.0,1089.1672419039514,564.6335769736022
3462,0.101562,-498.291931,719.896851,1.0,1087.9494689039516,567.4535849736021
3463,0.103516,-498.279053,720.468628,1.0,1087.7518979039514,559.5007649736021
3464,0.103516,-498.265198,721.083801,1.0,1091.8389949039515,555.3375259736022
3465,0.103516,-498.250427,721.740051,1.0,1099.9032649039514,554.9012169736021
3466,0.103516,-498.234528,722.44397,1.0,1075.5548149039514,542.0852069736021
3467,0.101562,-498.217865,723.183105,1.0,1003.0825859039516,483.61572497360214
3468,0.103516,-498.2005,723.952942,1.0,1051.9451959039516,446.5811479736021
3469,0.101562,-498.182556,724.749573,1.0,1097.7685599039514,401.02145597360214
3470,0.105469,-498.16333,725.601318,1.0,991.7727719039515,426.96093897360214
3471,0.113281,-498.142059,726.545654,1.0,983.0957089039515,417.0627769736021
3472,0.113281,-498.119873,727.529236,1.0,963.3927059039515,454.15417697360215
3473,0.107422,-498.098083,728.497009,1.0,956.9235289039515,478.33661097360215
3474,0.101562,-498.076538,729.453369,1.0,953.3661559039515,478.49289097360213
3475,0.105469,-498.053894,730.454773,1.0,952.5756889039516,474.3523579736021
3476,0.103516,-498.031189,731.460815,1.0,951.2430479039515,461.8698749736021
3477,0.103516,-498.007599,732.507812,1.0,910.2730159039515,272.9883439736021
3478,0.103516,-497.982849,733.608276,1.0,911.0293639039515,279.65738097360213
3479,0.103516,-497.95697,734.754028,1.0,977.4706479039515,436.6018389736021
3480,0.103516,-497.930054,735.949097,1.0,976.2931579039515,443.57159597360214
3481,0.101562,-497.903107,737.143738,1.0,977.8324639039515,440.83334497360215
3482,0.111328,-497.874298,738.424072,1.0,979.8914849039516,445.6116349736021
3483,0.113281,-497.845642,739.692871,1.0,978.9871269039515,441.67022897360215
3484,0.109375,-497.817566,740.939331,1.0,981.1983089039516,445.33508497360214
3485,0.101562,-497.792267,742.061829,1.0,983.3776909039515,437.7508869736021
3486,0.101562,-497.767395,743.164429,1.0,981.1601619039516,433.89853097360213
3487,0.111328,-497.739532,744.401062,1.0,983.4138239039515,428.5496539736021
3488,0.111328,-497.712463,745.601807,1.0,988.9619199039515,419.94094997360213
3489,0.111328,-497.685547,746.795715,1.0,977.9888359039516,421.64251897360214
3490,0.103516,-497.660889,747.88855,1.0,968.0999809039515,436.70602597360215
3491,0.113281,-497.634094,749.077515,1.0,970.0593319039515,434.58599997360216
3492,0.101562,-497.610382,750.131287,1.0,972.9368339039515,419.51794597360214
3493,0.101562,-497.587372,751.149719,1.0,970.9804749039515,414.69647397360217
3494,0.113281,-497.562195,752.265625,1.0,970.3029839039515,418.30362097360216
3495,0.103516,-497.540161,753.246338,1.0,970.6505179039515,414.90176597360215
3496,0.113281,-497.516937,754.277161,1.0,971.3808039039516,410.3528769736021
3497,0.111328,-497.495331,755.237366,1.0,971.0985779039515,399.72253597360213
3498,0.111328,-497.475159,756.130188,1.0,971.4665579039515,399.71615797360215
3499,0.105469,-497.457733,756.903381,1.0,849.1202449039515,3.69902597360214
3500,0.103516,-497.442657,757.571106,1.0,801.1127989039516,100.83471897360215
3501,0.103516,-497.429504,758.15448,1.0,801.1127989039516,100.83471897360215
3502,0.103516,-497.418396,758.646545,1.0,976.5815489039516,289.42700397360215
3503,0.113281,-497.40802,759.104736,1.0,975.2877249039515,313.2953509736021
3504,0.101562,-497.400421,759.443848,1.0,963.9483699039515,434.56366197360217
3505,0.103516,-497.394379,759.709778,1.0,511.7689569039515,333.90139997360217
3506,0.109375,-497.389954,759.907043,1.0,321.8874869039515,347.3351149736021
3507,0.105469,-497.387543,760.012329,1.0,320.6551109039515,350.77145597360214
3508,0.103516,-497.387054,760.035889,1.0,323.46298790395156,347.6736159736021
3509,0.109375,-497.387238,760.027954,1.0,390.6593989039515,355.30725297360215
3510,0.105469,-497.387543,760.016724,1.0,433.17078190395154,356.89727997360217
3511,0.105469,-497.387634,760.011719,1.0,573.8337769039515,400.87954897360214
3512,0.105469,-497.387604,760.013367,1.0,767.0700739039515,444.70565997360217
3513,0.105469,-497.387512,760.017578,1.0,459.3234009039515,438.32193197360215
3514,0.105469,-497.387512,760.020203,1.0,456.6203979039515,440.89334297360216
3515,0.105469,-497.387512,760.020264,1.0,391.3243159039515,454.52426297360216
3516,0.105469,-497.387543,760.018738,1.0,210.46196590395152,471.84054797360216
3517,0.105469,-497.387543,760.017517,1.0,208.88806690395154,474.1360189736021
3518,0.113281,-497.387573,760.017334,1.0,210.95818090395153,477.94922097360217
3519,0.111328,-497.387543,760.018005,1.0,213.91612790395152,480.23935097360214
3520,0.107422,-497.387543,760.018616,1.0,216.30064990395152,480.53515797360217
3521,0.111328,-497.387543,760.018677,1.0,334.4278769039515,339.45935297360217
3522,0.109375,-497.387543,760.018555,1.0,461.6100219039515,100.66301197360214
3523,0.109375,-497.387543,760.018433,1.0,461.6100219039515,100.66301197360214
3524,0.109375,-497.387543,760.018372,1.0,461.6100219039515,100.66301197360214
3525,0.111328,-497.387543,760.018433,1.0,1174.2268119039513,305.56488197360216
3526,0.109375,-497.387543,760.018494,1.0,1165.8403379039514,468.4944479736021
3527,0.111328,-497.387543,760.018494,1.0,1161.8020079039516,471.24371497360215
3528,0.101562,-497.387512,760.018433,1.0,1162.0936339039517,476.02868797360213
3529,0.109375,-497.387543,760.018433,1.0,1159.5883849039515,475.70974897360213
3530,0.103516,-497.387543,760.018372,1.0,1159.1107239039516,480.06533997360214
3531,0.103516,-497.387543,760.018433,1.0,1165.6015679039515,465.35086297360215
3532,0.109375,-497.387543,760.018494,1.0,1163.3599909039517,443.4916099736021
3533,0.109375,-497.387543,760.020142,1.0,1163.3243469039517,440.5040609736021
3534,0.111328,-497.387451,760.02417,1.0,1155.5581109039517,443.40667897360214
3535,0.111328,-497.387268,760.030823,1.0,426.2041989039515,423.84503397360214
3536,0.111328,-497.387115,760.040039,1.0,420.38239090395155,422.2860129736021
3537,0.111328,-497.386841,760.051575,1.0,292.2651579039515,377.85778997360217
3538,0.111328,-497.386475,760.065613,1.0,339.2595269039515,349.44333097360214
3539,0.101562,-497.386169,760.080505,1.0,1323.3127499039515,448.02511797360216
3540,0.101562,-497.385864,760.096924,1.0,875.8248349039516,416.24408197360214
3541,0.111328,-497.385315,760.117676,1.0,433.21823690395155,390.71682897360216
3542,0.111328,-497.384857,760.140564,1.0,446.41562490395154,381.6950089736021
3543,0.105469,-497.384338,760.164185,1.0,442.16769990395153,328.14276297360215
3544,0.101562,-497.383728,760.189453,1.0,443.3400939039515,323.50033797360214
3545,0.101562,-497.383057,760.217712,1.0,618.5129449039515,356.3713399736021
3546,0.109375,-497.382202,760.252197,1.0,1682.9687559039517,454.86175697360216
3547,0.105469,-497.381042,760.293884,1.0,1690.5208799039515,451.8704849736021
3548,0.105469,-497.379425,760.347595,1.0,1693.7541559039514,459.37118697360216
3549,0.101562,-497.377106,760.418091,1.0,1691.4486139039514,453.88296697360215
3550,0.101562,-497.373688,760.513977,1.0,1687.1833549039516,454.2707229736021
3551,0.101562,-497.3685,760.64093,1.0,1684.0924129039513,448.0368669736021
3552,0.111328,-497.359955,760.821228,1.0,1361.7817439039513,312.7321799736021
3553,0.111328,-497.34726,761.04364,1.0,1370.7695369039516,315.25952297360215
3554,0.101562,-497.330902,761.283691,1.0,1369.2518369039517,311.22345197360215
3555,0.111328,-497.304779,761.593872,1.0,1370.8472959039514,315.01330797360214
3556,0.111328,-497.266449,761.948853,1.0,1117.2972469039514,315.5014059736021
3557,0.113281,-497.211487,762.342896,1.0,1114.4580139039517,315.03744697360213
3558,0.105469,-497.137604,762.757141,1.0,1115.6566219039514,309.53381497360215
3559,0.109375,-497.035156,763.217285,1.0,1167.3053039039514,323.56155597360214
3560,0.107422,-496.904602,763.694824,1.0,1716.7816219039514,465.99038897360214
3561,0.105469,-496.736511,764.202942,1.0,1694.8297179039514,462.73007397360215
3562,0.107422,-496.526794,764.735168,1.0,1658.8338679039516,460.44082797360215
3563,0.107422,-496.266846,765.293884,1.0,1813.6499079039513,430.18725797360213
3564,0.107422,-495.96051,765.85437,1.0,1760.9371399039514,425.5754109736021
3565,0.105469,-495.606903,766.407043,1.0,1711.4814509039516,436.88754497360213
3566,0.105469,-495.193909,766.957214,1.0,1657.6678519039515,434.15384097360214
3567,0.103516,-494.725342,767.487305,1.0,1787.9904839039514,432.0237139736021
3568,0.107422,-494.188354,768.002014,1.0,1738.1547909039514,441.6560989736021
3569,0.105469,-493.599854,768.477173,1.0,1655.6226859039516,437.72042997360217
3570,0.103516,-492.957611,768.910339,1.0,1601.2113089039517,439.25686797360214
3571,0.103516,-492.26178,769.29541,1.0,1689.7253479039514,446.09829897360214
3572,0.103516,-491.519562,769.623779,1.0,1617.1400199039517,446.87695497360215
3573,0.103516,-490.736664,769.888184,1.0,1523.8480279039513,451.84109697360213
3574,0.101562,-489.924133,770.08136,1.0,1453.0950989039516,451.46048197360216
3575,0.109375,-489.011688,770.205872,1.0,1376.7860159039515,444.0004599736021
3576,0.109375,-488.077026,770.236267,1.0,1323.3649959039517,430.8928849736021
3577,0.111328,-487.098846,770.169983,1.0,1272.7603819039514,422.55633697360213
3578,0.107422,-486.126648,770.022827,1.0,1225.8498589039514,397.8736589736021
3579,0.109375,-485.128021,769.816833,1.0,1196.0231989039517,427.2025469736021
3580,0.107422,-484.088257,769.573242,1.0,1159.8558409039515,428.07418997360213
3581,0.111328,-482.978119,769.311646,1.0,1027.0694029039514,506.84256197360213
3582,0.109375,-481.827881,769.064392,1.0,984.6355039039515,481.68740997360214
3583,0.109375,-480.636597,768.853699,1.0,986.5465149039516,482.22781597360216
3584,0.109375,-479.425079,768.708008,1.0,1000.2210749039515,481.46991197360217
3585,0.109375,-478.189148,768.652649,1.0,1039.0235039039517,527.9640829736022
3586,0.111328,-476.930573,768.712524,1.0,1082.6979429039516,531.2374589736021
3587,0.103516,-475.795868,768.880005,1.0,1016.4144339039515,448.7394729736021
3588,0.103516,-474.678192,769.159607,1.0,1044.5710509039516,438.70193697360213
3589,0.113281,-473.509064,769.583069,1.0,1075.8053649039516,438.07293897360216
3590,0.103516,-472.459198,770.083984,1.0,1106.7785699039514,384.10376197360216
3591,0.105469,-471.444031,770.683472,1.0,1121.7742979039517,365.38324197360214
3592,0.111328,-470.411194,771.418396,1.0,1140.6656549039517,393.00158897360217
3593,0.101562,-469.495239,772.187134,1.0,1165.4796199039515,387.28683697360214
3594,0.109375,-468.56662,773.095642,1.0,1388.7605039039513,159.98210297360214
3595,0.109375,-467.683075,774.082764,1.0,1388.5455379039513,158.97917397360214
3596,0.109375,-466.834137,775.118958,1.0,1135.6215879039514,417.4630149736021
3597,0.109375,-465.969391,776.212402,1.0,1156.3291069039515,421.08712997360215
3598,0.109375,-465.06842,777.322266,1.0,1100.4912779039514,432.53378497360217
3599,0.101562,-464.179962,778.340759,1.0,1006.8052429039515,447.35186997360216
3600,0.103516,-463.210266,779.335754,1.0,1141.9926819039515,455.1691609736021
3601,0.109375,-462.125916,780.350403,1.0,1252.7414609039515,462.44076697360214
3602,0.111328,-460.969513,781.341614,1.0,1230.9298149039514,459.54007197360215
3603,0.107422,-459.802338,782.29126,1.0,1179.9871879039515,462.78842397360216
3604,0.109375,-458.590729,783.2099,1.0,1158.0557919039516,464.7586989736021
3605,0.107422,-457.357819,784.030457,1.0,1143.4559379039515,463.0627769736021
3606,0.109375,-456.051819,784.687134,1.0,1126.8774469039513,253.71545597360213
3607,0.107422,-454.717163,785.184204,1.0,1126.8774469039513,253.71545597360213
3608,0.107422,-453.332397,785.578186,1.0,1126.8774469039513,253.71545597360213
3609,0.111328,-451.899323,785.894897,1.0,1285.1134089039515,279.52676597360215
3610,0.109375,-450.488647,786.113647,1.0,1352.3591369039514,494.61032297360214
3611,0.101562,-449.190643,786.21936,1.0,1330.7979789039514,495.84536897360215
3612,0.103516,-447.904602,786.218323,1.0,1284.2611139039514,500.94467397360216
3613,0.103516,-446.602875,786.097839,1.0,1234.9930479039517,520.1705649736022
3614,0.111328,-445.26889,785.841064,1.0,1182.0284479039515,513.8272719736021
3615,0.109375,-443.979431,785.46228,1.0,1122.8725639039517,511.53576897360216
3616,0.105469,-442.808044,784.999695,1.0,1083.0157529039516,501.08474897360213
3617,0.105469,-441.6875,784.444397,1.0,1044.7335869039516,488.57376297360213
3618,0.105469,-440.599304,783.790955,1.0,1029.0084289039514,472.67349397360215
3619,0.105469,-439.575531,783.055603,1.0,1054.1966609039514,425.8673119736021
3620,0.107422,-438.590881,782.194092,1.0,1027.1292779039516,416.4947829736021
3621,0.107422,-437.674225,781.242859,1.0,988.5446219039516,407.53921697360215
3622,0.107422,-436.84317,780.218018,1.0,956.2230889039515,396.70407297360214
3623,0.109375,-436.069489,779.128662,1.0,924.3576109039515,399.1482869736021
3624,0.107422,-435.338562,778.001953,1.0,908.0562799039516,412.99490597360216
3625,0.109375,-434.63269,776.874573,1.0,892.8153739039515,406.11236797360215
3626,0.109375,-433.897095,775.756348,1.0,870.1341609039515,420.0288719736021
3627,0.109375,-433.08075,774.622742,1.0,933.0335749039515,431.1562819736021
3628,0.111328,-432.175018,773.490784,1.0,939.6587579039515,408.7846389736021
3629,0.111328,-431.200165,772.396729,1.0,934.3253229039515,408.28778297360213
3630,0.101562,-430.255646,771.442505,1.0,930.1381279039515,408.75390797360217
3631,0.111328,-429.129669,770.433044,1.0,883.9675959039515,408.82785197360215
3632,0.111328,-427.925934,769.502747,1.0,844.3742119039515,405.28579897360214
3633,0.111328,-426.653137,768.674988,1.0,846.6336119039515,405.4789139736021
3634,0.111328,-425.327698,767.965637,1.0,823.8540099039515,415.33560397360213
3635,0.111328,-423.933868,767.37085,1.0,763.8415579039515,428.3201619736021
3636,0.109375,-422.522583,766.909485,1.0,803.0523129039515,421.9391499736021
3637,0.111328,-421.0737,766.573181,1.0,835.8556579039515,422.20660597360217
3638,0.101562,-419.714752,766.375977,1.0,863.2230279039516,423.58337597360213
3639,0.111328,-418.223694,766.287048,1.0,882.2051449039516,422.15420697360213
3640,0.105469,-416.803284,766.325134,1.0,898.9449519039515,417.64334297360216
3641,0.103516,-415.429626,766.476379,1.0,914.9158379039516,416.44470397360215
3642,0.113281,-413.940186,766.771667,1.0,939.5752619039515,410.45111297360216
3643,0.107422,-412.545929,767.178955,1.0,985.9595389039515,402.30667297360213
3644,0.103516,-411.253906,767.677734,1.0,1000.4689389039515,402.53500597360215
3645,0.103516,-410.024109,768.26947,1.0,1026.3881889039517,397.12121797360214
3646,0.103516,-408.78949,768.980896,1.0,1040.5961969039515,392.45413397360215
3647,0.107422,-407.567871,769.776794,1.0,1026.1546689039515,412.44476497360216
3648,0.105469,-406.341431,770.614929,1.0,990.4591729039515,442.43356497360213
3649,0.105469,-405.0802,771.44574,1.0,1011.4415949039516,434.82422097360217
3650,0.105469,-403.756836,772.23114,1.0,1013.1508849039515,428.58429197360215
3651,0.103516,-402.384033,772.929138,1.0,1015.4024719039516,418.87841997360215
3652,0.103516,-400.979187,773.518982,1.0,992.8172049039515,243.40983797360215
3653,0.105469,-399.520203,774.010437,1.0,992.8172049039515,243.40983797360215
3654,0.103516,-398.038177,774.398315,1.0,992.8172049039515,243.40983797360215
3655,0.111328,-396.429871,774.708984,1.0,992.8172049039515,243.40983797360215
3656,0.111328,-394.768036,774.918274,1.0,992.8172049039515,243.40983797360215
3657,0.101562,-393.238373,775.010071,0.0,82.65320390395152,48.88461497360214
3658,0.103516,-391.700684,775.001526,0.0,82.65320390395152,48.88461497360214
3659,0.105469,-390.132904,774.884216,1.0,1146.8646299039515,471.67321997360216
3660,0.105469,-388.542542,774.649353,1.0,1142.5953429039514,471.07855397360214
3661,0.103516,-387.015381,774.310608,1.0,1101.0403499039517,473.1729449736021
3662,0.101562,-385.546417,773.877441,1.0,1066.6308039039516,472.1929339736021
3663,0.101562,-384.104584,773.346313,1.0,1021.7539729039515,471.83908297360216
3664,0.103516,-382.666565,772.711853,1.0,980.8739679039516,434.2922689736021
3665,0.109375,-381.135681,771.955322,1.0,944.3483939039515,436.74081597360214
3666,0.109375,-379.585632,771.171875,1.0,921.0120299039515,434.77307297360215
3667,0.111328,-377.969086,770.408264,1.0,903.9687559039515,443.91171497360216
3668,0.111328,-376.274719,769.70874,1.0,907.2684379039515,449.53405997360215
3669,0.101562,-374.718689,769.16272,1.0,922.5300349039516,435.7896139736021
3670,0.113281,-372.904572,768.631714,1.0,937.1037039039516,429.46429597360213
3671,0.101562,-371.2258,768.222473,1.0,946.9246269039515,429.27774197360213
3672,0.103516,-369.500031,767.867126,1.0,907.2973689039516,329.64300697360216
3673,0.101562,-367.742767,767.555664,1.0,914.5567069039515,325.88372997360216
3674,0.103516,-365.952667,767.271851,1.0,883.0071469039515,459.82211497360214
3675,0.103516,-364.137177,767.00708,1.0,893.1543029039515,459.03357097360214
3676,0.101562,-362.309326,766.759155,1.0,898.9291439039515,452.64593697360215
3677,0.103516,-360.440582,766.524841,1.0,903.5986389039515,451.2037679736021
3678,0.101562,-358.577301,766.312378,1.0,926.1257989039515,453.92666797360215
3679,0.101562,-356.718353,766.124695,1.0,928.5330869039515,452.20752097360213
3680,0.103516,-354.86734,765.964722,1.0,880.9022269039515,494.0111099736021
3681,0.109375,-352.891144,765.826355,1.0,891.8011529039516,492.13983397360215
3682,0.107422,-350.914917,765.721252,1.0,902.5226499039516,486.71899597360215
3683,0.109375,-348.94278,765.645935,1.0,912.2915099039515,485.6833209736021
3684,0.107422,-347.002228,765.597107,1.0,926.5191099039515,446.66540697360216
3685,0.107422,-345.083008,765.570312,1.0,938.8560239039515,406.97982997360214
3686,0.111328,-343.05835,765.562805,1.0,965.2728939039515,508.11889797360215
3687,0.101562,-341.250336,765.571899,1.0,965.4841369039515,493.2623009736021
3688,0.107422,-339.338501,765.594849,1.0,974.2186949039515,497.53860697360216
3689,0.107422,-337.407318,765.629089,1.0,977.2720389039515,491.87985397360217
3690,0.105469,-335.531067,765.670776,1.0,980.6449639039515,497.56787297360216
3691,0.113281,-333.535004,765.720886,1.0,1365.5170959039515,145.89986597360215
3692,0.105469,-331.648438,765.768921,1.0,1416.9959769039515,119.24374597360215
3693,0.113281,-329.676208,765.813965,1.0,1073.7306579039514,423.58929597360213
3694,0.111328,-327.701843,765.849426,1.0,1006.0806939039516,476.39611997360214
3695,0.111328,-325.732544,765.871704,1.0,1001.6327569039515,485.4340839736021
3696,0.101562,-323.952637,765.878723,1.0,998.4818779039515,487.23642197360215
3697,0.101562,-322.186493,765.873108,1.0,991.1207939039515,488.08804497360217
3698,0.101562,-320.420746,765.855957,1.0,946.6010189039515,135.67666797360215
3699,0.101562,-318.648529,765.830444,1.0,948.3798279039515,466.64706597360214
3700,0.113281,-316.681793,765.795288,1.0,985.0614679039516,472.9840719736021
3701,0.101562,-314.928253,765.76062,1.0,978.2606869039515,460.2969069736021
3702,0.111328,-312.998627,765.721313,1.0,980.4993949039515,449.29422197360213
3703,0.103516,-311.251801,765.686157,1.0,945.4417169039515,492.39746297360216
3704,0.111328,-309.365326,765.649719,1.0,940.9384209039515,488.3497939736021
3705,0.111328,-307.484467,765.615967,1.0,940.6320249039516,493.5303359736021
3706,0.111328,-305.616272,765.585815,1.0,943.9484309039515,374.95550697360216
3707,0.101562,-303.904785,765.561462,1.0,943.9484309039515,374.95550697360216
3708,0.101562,-302.234802,765.540955,1.0,943.9484309039515,374.95550697360216
3709,0.113281,-300.382965,765.522278,1.0,942.7187559039515,386.5925009736021
3710,0.111328,-298.549133,765.508728,1.0,957.4791319039515,434.04953197360214
3711,0.113281,-296.726868,765.50116,1.0,962.9193169039515,431.3596519736021
3712,0.111328,-294.927124,765.500305,1.0,964.3996029039515,425.8893759736021
3713,0.111328,-293.131714,765.506592,1.0,926.4420219039515,300.6838699736021
3714,0.113281,-291.332031,765.520874,1.0,930.4168759039516,307.11450397360215
3715,0.111328,-289.556793,765.54248,1.0,926.8549249039515,322.6571369736021
3716,0.113281,-287.793823,765.571594,1.0,958.0950989039516,434.03009197360217
3717,0.109375,-286.056244,765.607361,1.0,965.1657769039515,462.8785419736021
3718,0.101562,-284.486877,765.645813,1.0,968.2659359039516,465.8753679736021
3719,0.101562,-282.927185,765.689697,1.0,970.3378349039515,469.34942797360213
3720,0.113281,-281.193176,765.745178,1.0,969.3006649039515,466.6853049736021
3721,0.111328,-279.484589,765.806824,1.0,931.1847589039515,315.4600239736021
3722,0.111328,-277.791992,765.874573,1.0,923.4517879039515,308.26364297360215
3723,0.111328,-276.109589,765.948853,1.0,920.1369079039515,304.1988999736021
3724,0.101562,-274.611572,766.020447,1.0,920.0314999039515,298.7516959736022
3725,0.113281,-272.930054,766.107056,1.0,919.6096249039515,293.2816639736021
3726,0.113281,-271.259033,766.199219,1.0,920.0614069039515,303.9614429736022
3727,0.113281,-269.605713,766.295471,1.0,939.3297789039515,378.7142349736021
3728,0.113281,-267.97702,766.394348,1.0,962.7527519039515,455.74768297360214
3729,0.113281,-266.363007,766.495483,1.0,963.9028379039515,452.22305497360213
3730,0.101562,-264.949066,766.585999,1.0,966.2902889039515,450.20114297360215
3731,0.101562,-263.559448,766.675903,1.0,966.4390929039515,440.44769497360215
3732,0.113281,-262.018616,766.775757,1.0,967.9137629039515,434.3648089736021
3733,0.103516,-260.641418,766.864868,1.0,917.5554259039516,307.70825397360215
3734,0.105469,-259.289062,766.951843,1.0,923.6874449039515,303.63246397360217
3735,0.111328,-257.859863,767.043518,1.0,924.0366879039515,305.77649097360217
3736,0.111328,-256.503204,767.130493,1.0,922.7103939039515,305.18621997360214
3737,0.111328,-255.19754,767.214172,1.0,922.6447809039515,313.7575089736021
3738,0.111328,-253.929901,767.295654,1.0,924.6991019039515,311.50711297360215
3739,0.109375,-252.747147,767.371826,1.0,921.7641659039515,311.4131489736021
3740,0.113281,-251.560959,767.448181,1.0,926.4041809039516,308.44308697360214
3741,0.107422,-250.458405,767.519226,1.0,928.8398499039515,307.38784997360216
3742,0.107422,-249.383835,767.588501,1.0,926.8657889039515,305.9612139736021
3743,0.113281,-248.282089,767.659363,1.0,974.2984069039516,452.99664497360214
3744,0.109375,-247.253784,767.725464,1.0,972.2887629039515,451.7884849736021
3745,0.109375,-246.248917,767.790039,1.0,974.2765559039515,457.28527997360214
3746,0.109375,-245.28273,767.852051,1.0,927.8264219039515,305.79977597360215
3747,0.107422,-244.349045,767.91217,1.0,927.6323299039515,312.8708209736021
3748,0.111328,-243.436539,767.970947,1.0,931.5974789039515,306.60119797360215
3749,0.107422,-242.607452,768.024292,1.0,934.3156189039515,307.40127797360213
3750,0.105469,-241.860977,768.072327,1.0,934.0101989039515,310.2507039736021
3751,0.101562,-346.824432,764.779053,1.0,1013.0524349039515,362.4548659736021
3752,0.105469,-346.819214,764.779114,1.0,1025.5843559039515,409.49636997360216
