,0,1,2,3,4,5
0,0.0,-420.939972,-476.269958,0.0,165.0660636461929,-40.20673459061754
1,0.105469,-420.936035,-476.272736,0.0,165.0660636461929,-40.20673459061754
2,0.101562,-420.934875,-476.273529,0.0,165.0660636461929,-40.20673459061754
3,0.105469,-420.935272,-476.273254,0.0,165.0660636461929,-40.20673459061754
4,0.101562,-420.936279,-476.272583,1.0,1245.241844646193,293.87132940938244
5,0.101562,-420.936523,-476.272339,1.0,1273.6943596461929,349.9886394093825
6,0.101562,-420.935852,-476.272858,1.0,1064.2428216461929,340.58614240938243
7,0.101562,-420.93515,-476.273438,1.0,1258.694237646193,113.59253640938246
8,0.101562,-420.934875,-476.27356,1.0,1258.694237646193,113.59253640938246
9,0.101562,-420.935303,-476.273285,1.0,1258.694237646193,113.59253640938246
10,0.105469,-420.935852,-476.272919,1.0,1258.694237646193,113.59253640938246
11,0.105469,-420.935974,-476.272888,1.0,1258.694237646193,113.59253640938246
12,0.101562,-420.935699,-476.27298,1.0,1139.184349646193,607.7178264093825
13,0.101562,-420.935364,-476.273193,1.0,1137.0644766461928,634.6314614093825
14,0.105469,-420.935303,-476.273254,1.0,1142.1189196461928,636.2067174093825
15,0.101562,-420.935394,-476.273224,1.0,1145.022545646193,619.7316194093825
16,0.101562,-420.935425,-476.273163,1.0,1220.2069326461929,521.3046794093824
17,0.101562,-420.935486,-476.273132,1.0,1552.213646646193,-90.65615159061754
18,0.105469,-420.935455,-476.273132,1.0,1552.213646646193,-90.65615159061754
19,0.105469,-420.935425,-476.273163,1.0,1552.213646646193,-90.65615159061754
20,0.101562,-420.935394,-476.273163,1.0,1552.213646646193,-90.65615159061754
21,0.105469,-420.935425,-476.273163,1.0,1552.213646646193,-90.65615159061754
22,0.109375,-420.935425,-476.273163,0.0,165.0660636461929,-40.20673459061754
23,0.105469,-420.935425,-476.273163,0.0,165.0660636461929,-40.20673459061754
24,0.105469,-420.935425,-476.273163,0.0,165.0660636461929,-40.20673459061754
25,0.101562,-420.935425,-476.273163,0.0,165.0660636461929,-40.20673459061754
26,0.105469,-420.935425,-476.273163,0.0,165.0660636461929,-40.20673459061754
27,0.101562,-420.935425,-476.273163,0.0,165.0660636461929,-40.20673459061754
28,0.105469,-420.935425,-476.273163,0.0,165.0660636461929,-40.20673459061754
29,0.101562,-420.935394,-476.273132,0.0,165.0660636461929,-40.20673459061754
30,0.101562,-420.935425,-476.273163,0.0,165.0660636461929,-40.20673459061754
31,0.109375,-420.935425,-476.273163,0.0,165.0660636461929,-40.20673459061754
32,0.105469,-420.935425,-476.273163,0.0,165.0660636461929,-40.20673459061754
33,0.105469,-420.935425,-476.273163,0.0,165.0660636461929,-40.20673459061754
34,0.101562,-420.935425,-476.273163,0.0,165.0660636461929,-40.20673459061754
35,0.105469,-420.935425,-476.273163,1.0,1076.580772646193,568.5428384093825
36,0.101562,-420.935425,-476.273163,1.0,1129.5720446461928,489.66606840938243
37,0.105469,-420.935425,-476.273163,1.0,1224.685448646193,476.3945224093825
38,0.105469,-420.935425,-476.273163,1.0,1434.899803646193,191.83971340938245
39,0.101562,-420.935425,-476.273163,1.0,1449.730248646193,177.22188440938245
40,0.105469,-420.935425,-476.273163,1.0,1447.546043646193,194.59464140938246
41,0.101562,-420.935425,-476.273163,1.0,1470.6340566461927,112.70101040938246
42,0.105469,-420.935425,-476.273163,1.0,1489.368675646193,245.09844140938247
43,0.101562,-420.935425,-476.273163,1.0,1473.767357646193,252.39397340938245
44,0.105469,-420.935425,-476.273163,1.0,1479.4300776461928,250.44869140938243
45,0.109375,-420.935425,-476.273163,1.0,1464.2738276461928,234.92696340938244
46,0.101562,-420.935425,-476.273163,1.0,1457.5890126461927,226.10286640938244
47,0.105469,-420.935425,-476.273163,1.0,1476.4749996461928,217.53682640938246
48,0.105469,-420.935425,-476.273163,1.0,1470.5400626461928,215.73650240938247
49,0.105469,-420.935425,-476.273163,1.0,1478.4183586461927,235.15669940938244
50,0.109375,-420.935425,-476.273163,1.0,1558.2131586461928,230.17671840938243
51,0.101562,-420.935425,-476.273163,1.0,1556.7019276461929,259.05330540938246
52,0.105469,-420.935425,-476.273132,1.0,1565.477440646193,237.34441240938247
53,0.105469,-420.935425,-476.273163,1.0,1563.451195646193,245.96999240938248
54,0.105469,-420.935425,-476.273163,1.0,1567.441185646193,268.5605684093825
55,0.101562,-420.935425,-476.273163,1.0,1503.8102046461927,84.64909240938246
56,0.101562,-420.935333,-476.273163,1.0,1503.8102046461927,84.64909240938246
57,0.105469,-420.935181,-476.273163,1.0,1503.8102046461927,84.64909240938246
58,0.105469,-420.935181,-476.273163,1.0,1503.8102046461927,84.64909240938246
59,0.109375,-420.93515,-476.273132,1.0,1503.8102046461927,84.64909240938246
60,0.101562,-420.935181,-476.273163,0.0,165.0660636461929,-40.20673459061754
61,0.101562,-420.935181,-476.273163,0.0,165.0660636461929,-40.20673459061754
62,0.101562,-420.935181,-476.273163,1.0,1080.833702646193,442.5847084093825
63,0.105469,-420.935181,-476.273163,1.0,1075.222801646193,351.27764040938246
64,0.101562,-420.935181,-476.273163,1.0,1227.390526646193,322.76277840938246
65,0.101562,-420.935089,-476.273163,1.0,1423.0940176461927,306.14430940938246
66,0.109375,-420.934875,-476.273346,1.0,1420.522850646193,321.48223040938245
67,0.105469,-420.934143,-476.273804,1.0,1414.5038076461929,207.44531940938245
68,0.105469,-420.932617,-476.274841,1.0,1419.0234606461927,108.30110840938246
69,0.101562,-420.929779,-476.276764,1.0,1420.022362646193,114.31420040938247
70,0.101562,-420.925323,-476.279816,1.0,1418.0958486461927,122.10739840938245
71,0.101562,-420.918915,-476.28421,1.0,1391.795311646193,143.22266340938245
72,0.101562,-420.910889,-476.289703,1.0,1490.036034646193,200.76682240938246
73,0.101562,-420.900879,-476.296539,1.0,1493.0376216461927,210.41553440938245
74,0.101562,-420.889038,-476.304565,1.0,1505.526634646193,272.97161040938244
75,0.101562,-420.87616,-476.313477,1.0,990.7411126461928,540.8135904093824
76,0.105469,-420.859344,-476.325012,1.0,1042.8106316461929,433.25011340938244
77,0.101562,-420.835968,-476.341125,1.0,1027.688927646193,407.13194940938246
78,0.105469,-420.796326,-476.368469,1.0,984.8981556461929,361.19100140938247
79,0.101562,-420.736206,-476.410034,1.0,966.921593646193,348.74114140938246
80,0.105469,-420.648315,-476.470886,1.0,968.6043936461929,349.2674784093825
81,0.105469,-420.527985,-476.554382,1.0,967.3745966461929,338.92119540938245
82,0.101562,-420.376526,-476.659637,1.0,962.8941276461929,348.8184734093825
83,0.105469,-420.183685,-476.793976,1.0,1043.951805646193,443.2807834093825
84,0.105469,-419.953552,-476.954956,1.0,1046.962975646193,441.50707140938243
85,0.109375,-419.682556,-477.145355,1.0,1041.937767646193,447.43047240938245
86,0.101562,-419.393616,-477.349548,1.0,1088.1521236461929,447.20040040938244
87,0.101562,-419.066223,-477.583069,1.0,1125.0686886461929,473.94817240938244
88,0.105469,-418.691284,-477.853973,1.0,1115.821861646193,461.81536040938244
89,0.105469,-418.287659,-478.149597,1.0,1117.509667646193,478.5320354093825
90,0.101562,-417.859589,-478.467651,1.0,1114.8015986461928,466.7057414093825
91,0.101562,-417.409546,-478.80661,1.0,1110.9490596461928,482.17259840938243
92,0.109375,-416.895569,-479.199188,1.0,1115.5819326461929,484.2640294093825
93,0.105469,-416.359406,-479.614197,1.0,1025.772545646193,515.7160564093824
94,0.105469,-415.800964,-480.050751,1.0,1034.6356436461929,523.7351604093825
95,0.105469,-415.197144,-480.524506,1.0,1030.027794646193,527.0460124093825
96,0.105469,-414.592224,-480.998901,1.0,1031.7151116461928,532.7962564093824
97,0.101562,-413.978027,-481.479736,1.0,1023.293663646193,526.9257724093825
98,0.101562,-413.328644,-481.988037,1.0,1059.824303646193,514.8530794093824
99,0.105469,-412.656555,-482.515839,1.0,1074.692711646193,513.6825474093824
100,0.109375,-411.904877,-483.110413,1.0,1080.127342646193,510.89116540938244
101,0.109375,-411.144165,-483.719757,1.0,1164.3087396461929,529.1666784093825
102,0.109375,-410.362396,-484.357147,1.0,1217.9309316461927,560.5060954093825
103,0.105469,-409.58374,-485.006195,1.0,1207.3545156461928,553.9356604093824
104,0.105469,-408.789551,-485.683441,1.0,1195.0194326461929,552.3208534093825
105,0.105469,-407.951965,-486.413422,1.0,1187.717491646193,556.6354284093825
106,0.109375,-407.073486,-487.195099,1.0,1069.249107646193,459.6502904093825
107,0.105469,-406.17984,-488.006195,1.0,986.9385006461929,403.58931640938243
108,0.105469,-405.28421,-488.834869,1.0,997.5940786461929,402.45271940938244
109,0.105469,-404.351471,-489.716675,1.0,1018.3886346461929,484.7451084093825
110,0.109375,-403.336792,-490.69928,1.0,1030.579063646193,504.56749640938244
111,0.101562,-402.436951,-491.591583,1.0,1026.0195546461928,503.19542640938243
112,0.109375,-401.408905,-492.635254,1.0,1029.811546646193,486.7415074093825
113,0.109375,-400.404083,-493.679199,1.0,1034.8355336461927,473.3917764093825
114,0.109375,-399.382019,-494.760254,1.0,1025.1991816461928,479.3199374093824
115,0.101562,-398.428711,-495.778595,1.0,1028.169090646193,473.34685440938244
116,0.105469,-397.417786,-496.860016,1.0,1029.4275746461929,469.4438084093825
117,0.109375,-396.405914,-497.935699,1.0,1030.638268646193,477.8905554093825
118,0.105469,-395.427216,-498.965485,1.0,1040.430931646193,462.10311040938245
119,0.113281,-394.404572,-500.031342,1.0,1035.443077646193,469.56969340938247
120,0.109375,-393.374573,-501.103058,1.0,1075.994042646193,498.6083904093824
121,0.105469,-392.412659,-502.115631,1.0,1067.059044646193,506.3693764093824
122,0.109375,-391.463318,-503.137817,1.0,966.9797596461929,602.9575114093825
123,0.105469,-390.547852,-504.154724,1.0,1087.817406646193,480.4080114093824
124,0.101562,-389.671143,-505.165222,1.0,1052.252831646193,477.4940714093824
125,0.105469,-388.819,-506.185455,1.0,961.3406606461929,586.7044594093825
126,0.109375,-387.936371,-507.283325,1.0,1055.015831646193,488.93285240938246
127,0.105469,-387.129395,-508.324036,1.0,950.3086786461929,350.48512940938247
128,0.109375,-386.331482,-509.385864,1.0,943.725853646193,328.08898040938243
129,0.109375,-385.541321,-510.465332,1.0,954.9954456461929,334.87276340938246
130,0.105469,-384.768524,-511.542603,1.0,951.3677606461929,333.98644140938245
131,0.109375,-384.007568,-512.617981,1.0,1043.4835436461929,488.2767244093825
132,0.109375,-383.253601,-513.69342,1.0,1044.783959646193,465.4801244093825
133,0.105469,-382.530792,-514.731506,1.0,1059.2160266461929,467.51088640938246
134,0.105469,-381.824432,-515.752869,1.0,1061.262962646193,505.7511514093825
135,0.101562,-381.106445,-516.800232,1.0,1039.290672646193,470.94048240938247
136,0.105469,-380.407715,-517.830688,1.0,1112.829918646193,509.6005774093825
137,0.101562,-379.709442,-518.874695,1.0,1089.283897646193,610.6273104093824
138,0.105469,-379.016327,-519.927917,1.0,1110.5682606461928,536.1348794093825
139,0.109375,-378.31131,-521.01825,1.0,1106.567101646193,523.5019444093824
140,0.105469,-377.60611,-522.129211,1.0,1105.4991686461929,513.8704744093825
141,0.105469,-376.931519,-523.211182,1.0,1096.0758906461929,551.4791784093825
142,0.105469,-376.262482,-524.30249,1.0,1082.710167646193,516.9626994093825
143,0.105469,-375.604736,-525.393982,1.0,1068.264000646193,525.4128334093824
144,0.101562,-374.970978,-526.463196,1.0,1043.108666646193,513.9987094093825
145,0.101562,-374.351562,-527.526001,1.0,1086.658104646193,533.0278234093824
146,0.101562,-373.725281,-528.619446,1.0,1100.341393646193,544.9895544093824
147,0.105469,-373.093079,-529.744385,1.0,1087.096397646193,528.6213294093825
148,0.109375,-372.45993,-530.894165,1.0,1052.677147646193,564.3019934093825
149,0.105469,-371.841034,-532.041931,1.0,1085.644920646193,560.2949744093825
150,0.109375,-371.223846,-533.210815,1.0,1073.731163646193,562.7064124093824
151,0.105469,-370.623444,-534.37146,1.0,1079.007835646193,550.6918254093824
152,0.105469,-370.036377,-535.528625,1.0,1063.8284536461929,552.8607094093825
153,0.105469,-369.464966,-536.675293,1.0,984.187218646193,427.61928440938243
154,0.105469,-368.905426,-537.816833,1.0,987.871971646193,406.1533724093825
155,0.101562,-368.369263,-538.926636,1.0,982.9604726461929,422.7242044093825
156,0.105469,-367.801666,-540.115356,1.0,980.2282946461929,417.8370274093825
157,0.105469,-367.258209,-541.262085,1.0,966.8849116461929,417.0945654093825
158,0.105469,-366.704651,-542.433289,1.0,940.6947866461929,333.83760740938243
159,0.105469,-366.143066,-543.620544,1.0,933.718285646193,329.58302940938245
160,0.105469,-365.591125,-544.782349,1.0,936.8340686461929,333.71248540938245
161,0.101562,-365.044708,-545.924072,1.0,922.5724116461929,359.85732140938245
162,0.113281,-364.446381,-547.162903,1.0,972.413353646193,472.18889540938244
163,0.109375,-363.83902,-548.407776,1.0,959.5325556461929,513.9581824093824
164,0.109375,-363.245361,-549.615112,1.0,979.1537096461929,501.9386514093825
165,0.101562,-362.69574,-550.729004,1.0,956.1500476461929,521.1252964093825
166,0.113281,-362.077209,-551.983887,1.0,969.830406646193,528.8890294093825
167,0.113281,-361.458771,-553.247375,1.0,993.2533806461929,525.3600374093825
168,0.101562,-360.903534,-554.394897,1.0,1013.4312366461929,559.0283114093825
169,0.105469,-360.340942,-555.572693,1.0,1007.0066156461929,555.1517864093825
170,0.113281,-359.732422,-556.865295,1.0,1013.4319086461929,557.2610384093824
171,0.101562,-359.20163,-558.009399,1.0,1016.1285636461929,524.6533724093824
172,0.109375,-358.613739,-559.295776,1.0,861.9236076461929,557.2350984093824
173,0.101562,-358.093109,-560.452148,1.0,868.0577016461929,539.4882724093825
174,0.105469,-357.570404,-561.62915,1.0,853.7352526461929,544.0121374093825
175,0.101562,-357.050568,-562.813354,1.0,857.4227526461929,533.6304844093825
176,0.109375,-356.495392,-564.085754,1.0,864.5116816461929,567.3235994093825
177,0.105469,-355.957611,-565.31958,1.0,854.2053456461929,553.9548254093825
178,0.109375,-355.417084,-566.556885,1.0,855.314781646193,546.2888094093825
179,0.105469,-354.874023,-567.794556,1.0,978.2544796461929,543.8069984093825
180,0.109375,-354.32666,-569.035828,1.0,971.8189936461929,558.2203284093824
181,0.101562,-353.80246,-570.217041,1.0,968.8962026461929,552.4920574093825
182,0.105469,-353.253906,-571.44458,1.0,964.3220446461929,543.9088664093824
183,0.105469,-352.70462,-572.665588,1.0,979.8332756461929,549.4686804093825
184,0.105469,-352.145386,-573.90387,1.0,986.3706286461929,543.4317544093825
185,0.105469,-351.588013,-575.139038,1.0,983.1493156461929,536.1433634093825
186,0.109375,-351.026367,-576.3927,1.0,1026.1025016461929,521.9924234093825
187,0.105469,-350.466064,-577.657654,1.0,1019.1499866461929,545.7591464093824
188,0.109375,-349.907227,-578.936707,1.0,1005.6624996461929,554.3890294093825
189,0.109375,-349.367493,-580.190063,1.0,1015.5209586461929,549.9649574093825
190,0.105469,-348.829987,-581.453674,1.0,1053.739891646193,593.7202674093825
191,0.105469,-348.307831,-582.692871,1.0,1058.306786646193,584.2435214093824
192,0.101562,-347.804474,-583.896118,1.0,1056.1147086461929,596.8969034093825
193,0.101562,-347.299103,-585.110535,1.0,1055.949242646193,597.4659334093825
194,0.109375,-346.779358,-586.364014,1.0,840.5045406461929,637.2537144093825
195,0.113281,-346.244659,-587.658875,1.0,939.5652096461929,575.5770174093825
196,0.113281,-345.716675,-588.942505,1.0,945.2112666461929,558.2587804093824
197,0.109375,-345.203461,-590.193848,1.0,929.8784416461929,550.6488564093825
198,0.109375,-344.699371,-591.424255,1.0,921.5674676461929,514.7252114093825
199,0.105469,-344.217712,-592.600098,1.0,925.745934646193,489.8018104093825
200,0.109375,-343.735474,-593.775757,1.0,1025.9443596461929,505.8146274093824
201,0.105469,-343.256561,-594.940918,1.0,1017.6292956461929,480.8621744093824
202,0.105469,-342.789581,-596.074768,1.0,1031.8885126461928,466.09477940938245
203,0.105469,-342.314484,-597.226257,1.0,1043.5699086461927,477.74468140938245
204,0.101562,-341.879028,-598.280457,1.0,1049.680199646193,481.0377114093825
205,0.109375,-341.401215,-599.436523,1.0,1035.0561146461928,465.1185214093825
206,0.105469,-340.941925,-600.546204,1.0,1055.9261096461928,472.6360994093825
207,0.105469,-340.488037,-601.640686,1.0,1033.972069646193,462.59953940938243
208,0.109375,-340.046112,-602.703613,1.0,1048.027428646193,502.77629740938244
209,0.105469,-339.636261,-603.686401,1.0,1045.519798646193,464.3924784093825
210,0.101562,-339.268921,-604.564392,1.0,977.6238026461929,442.00762040938247
211,0.101562,-338.928467,-605.373962,1.0,785.5556266461929,502.3701084093825
212,0.101562,-338.623688,-606.094055,1.0,792.1010366461929,492.3254924093825
213,0.105469,-338.345428,-606.747009,1.0,785.1009756461929,488.89232540938247
214,0.105469,-338.101501,-607.315674,1.0,746.2678456461929,519.1369544093825
215,0.109375,-337.8909,-607.803406,1.0,716.0609366461929,491.7070224093825
216,0.113281,-337.70813,-608.224121,1.0,820.5626456461929,512.0590734093824
217,0.113281,-337.558105,-608.566956,1.0,816.1491326461929,510.0229404093825
218,0.101562,-337.450409,-608.810974,1.0,828.8433466461929,466.34648840938246
219,0.105469,-337.351074,-609.033997,1.0,824.9542476461929,483.02110940938246
220,0.105469,-337.250397,-609.258484,1.0,827.4328846461929,468.91924240938243
221,0.101562,-337.154877,-609.470215,1.0,932.9594966461929,414.2696144093825
222,0.109375,-337.0466,-609.708862,1.0,920.0982296461929,377.49199540938247
223,0.109375,-336.937408,-609.947876,1.0,920.5707026461929,368.9372164093825
224,0.101562,-336.836548,-610.167603,1.0,903.1153186461929,462.9027014093825
225,0.101562,-336.737396,-610.382507,1.0,902.0540396461929,437.41426740938243
226,0.101562,-336.637878,-610.596985,1.0,911.7906116461929,432.15462440938245
227,0.109375,-336.528625,-610.830872,1.0,924.7923206461929,441.95342140938243
228,0.109375,-336.418976,-611.064697,1.0,918.9596796461929,424.10359840938247
229,0.101562,-336.313507,-611.289185,1.0,934.161278646193,443.05773040938243
230,0.109375,-336.199982,-611.530457,1.0,929.9529046461929,435.78838240938245
231,0.101562,-336.094391,-611.753906,1.0,931.8463366461929,445.50115140938243
232,0.105469,-335.983337,-611.987732,1.0,923.7539296461929,417.99666540938244
233,0.101562,-335.867859,-612.229553,1.0,932.6897206461929,412.4402074093825
234,0.105469,-335.746948,-612.48114,1.0,894.3844226461929,443.30861540938247
235,0.101562,-335.626648,-612.730225,1.0,925.358238646193,425.53328640938247
236,0.109375,-335.48526,-613.019775,1.0,923.086754646193,410.22588240938245
237,0.101562,-335.3508,-613.289307,1.0,921.4308096461929,417.38198040938244
238,0.101562,-335.210175,-613.566833,1.0,936.475853646193,426.2885964093825
239,0.101562,-335.061188,-613.859009,1.0,909.1742786461929,374.85741340938245
240,0.113281,-334.887421,-614.202881,1.0,859.2068106461929,385.03536140938246
241,0.113281,-334.710297,-614.559021,1.0,869.1243526461928,453.2784644093825
242,0.109375,-334.531067,-614.922913,1.0,874.5874866461929,391.69869140938243
243,0.101562,-334.364746,-615.25946,1.0,1020.4190906461929,306.23229140938247
244,0.109375,-334.171234,-615.641968,1.0,1045.7512446461928,328.11803340938246
245,0.109375,-333.971863,-616.02478,1.0,1040.549706646193,347.92101240938246
246,0.109375,-333.768066,-616.409668,1.0,1042.271141646193,344.47539440938243
247,0.101562,-333.581421,-616.761353,1.0,1045.431297646193,383.3255224093825
248,0.105469,-333.387604,-617.129028,1.0,1052.0353626461929,384.41451140938244
249,0.105469,-333.19754,-617.492554,1.0,1050.7654656461928,452.19191640938243
250,0.113281,-332.995178,-617.882141,1.0,1354.3207026461928,363.43486740938243
251,0.113281,-332.795197,-618.268555,1.0,1240.460350646193,362.61556140938245
252,0.101562,-332.617126,-618.614075,1.0,1183.749107646193,343.1574924093825
253,0.105469,-332.440155,-618.955933,1.0,1192.158470646193,311.7261874093825
254,0.101562,-332.266663,-619.287659,1.0,1179.7027826461929,375.4989234093825
255,0.101562,-332.095947,-619.61084,1.0,1171.076378646193,390.21825340938244
256,0.101562,-331.929413,-619.924744,1.0,1090.280724646193,333.52873940938247
257,0.109375,-331.751099,-620.26062,1.0,1079.1847766461929,341.70659540938243
258,0.105469,-331.586578,-620.571289,1.0,1085.310509646193,360.47246440938244
259,0.105469,-331.440216,-620.84845,1.0,996.0220576461929,351.48534340938244
260,0.109375,-331.299286,-621.115906,1.0,966.5667956461929,334.84520640938246
261,0.113281,-331.168182,-621.364685,1.0,951.207481646193,317.59188040938244
262,0.113281,-331.045959,-621.596008,1.0,945.7556386461929,301.49794640938245
263,0.105469,-330.941711,-621.793274,1.0,931.1165396461929,319.97209840938245
264,0.109375,-330.851105,-621.9646,1.0,346.1116416461929,357.74477340938245
265,0.101562,-330.778351,-622.102356,1.0,363.2962576461929,-155.64729359061755
266,0.101562,-330.717438,-622.217896,1.0,363.2962576461929,-155.64729359061755
267,0.113281,-330.668121,-622.311829,1.0,363.2962576461929,-155.64729359061755
268,0.113281,-330.637085,-622.370911,1.0,363.2962576461929,-155.64729359061755
269,0.109375,-330.625183,-622.39386,1.0,363.2962576461929,-155.64729359061755
270,0.109375,-330.625275,-622.393738,0.0,165.0660636461929,-40.20673459061754
271,0.105469,-330.627441,-622.389526,1.0,963.5298696461929,552.6657024093824
272,0.109375,-330.628998,-622.386536,1.0,996.9823236461929,583.2829504093825
273,0.109375,-330.629028,-622.386292,1.0,991.5842516461929,553.8440464093825
274,0.105469,-330.628296,-622.387634,1.0,969.8323596461929,502.4202794093825
275,0.105469,-330.627625,-622.388977,1.0,973.0963366461929,511.59838040938246
276,0.105469,-330.627472,-622.389282,1.0,965.2489246461929,515.3950114093825
277,0.101562,-330.627716,-622.388916,1.0,967.869042646193,517.6129674093825
278,0.113281,-330.628021,-622.388306,1.0,961.7517326461929,509.76683740938245
279,0.101562,-330.628143,-622.388123,1.0,812.7888416461929,482.50243240938244
280,0.109375,-330.628113,-622.388184,1.0,439.3672416461929,439.59770840938245
281,0.101562,-330.628021,-622.388245,1.0,436.5945976461929,440.15233540938243
282,0.101562,-330.627991,-622.388367,1.0,434.9703606461929,436.43605740938244
283,0.101562,-330.627991,-622.388367,1.0,437.77172164619293,436.12795140938243
284,0.113281,-330.628021,-622.388306,1.0,466.7322626461929,405.38481840938243
285,0.101562,-330.628052,-622.388245,1.0,475.3473446461929,408.19112340938244
286,0.113281,-330.628052,-622.388245,1.0,476.30117064619293,404.81459740938243
287,0.105469,-330.628052,-622.388306,1.0,929.4874506461929,395.99526140938246
288,0.113281,-330.627625,-622.389038,1.0,943.5545886461929,410.38185840938246
289,0.109375,-330.62616,-622.391907,1.0,947.3615956461929,405.65645540938243
290,0.101562,-330.623718,-622.396484,1.0,958.2247546461929,411.66341340938243
291,0.109375,-330.619965,-622.403625,1.0,964.119896646193,389.60036340938245
292,0.109375,-330.615082,-622.412903,1.0,976.9298946461929,394.63725940938247
293,0.105469,-330.609222,-622.42395,1.0,983.6781856461929,397.38359740938245
294,0.101562,-330.601624,-622.438293,1.0,985.9648066461929,404.07729240938244
295,0.109375,-330.591339,-622.458008,1.0,986.712975646193,398.1328654093825
296,0.101562,-330.577545,-622.484192,1.0,1113.848290646193,378.80666240938245
297,0.109375,-330.55777,-622.521729,1.0,1111.501793646193,379.22460040938245
298,0.101562,-330.531342,-622.571838,1.0,1108.5042346461928,401.6659154093825
299,0.109375,-330.488434,-622.653381,1.0,1107.437584646193,365.87172640938246
300,0.109375,-330.430969,-622.76239,1.0,1111.508995646193,360.48256640938246
301,0.109375,-330.351501,-622.912842,1.0,1114.924828646193,402.46147840938244
302,0.109375,-330.253204,-623.098083,1.0,1115.010887646193,380.42696340938244
303,0.105469,-330.138062,-623.313904,1.0,1116.933006646193,396.30205440938244
304,0.101562,-330.012878,-623.547119,1.0,1115.624474646193,511.1633824093825
305,0.105469,-329.861877,-623.82782,1.0,1122.470909646193,387.1271884093825
306,0.113281,-329.687286,-624.153748,1.0,1279.221581646193,470.67763440938245
307,0.109375,-329.491974,-624.522095,1.0,1294.264305646193,388.84068940938243
308,0.109375,-329.285492,-624.918884,1.0,1277.6876456461928,488.7659214093825
309,0.105469,-329.067169,-625.350098,1.0,1289.5882806461927,430.95442840938244
310,0.113281,-328.834808,-625.827881,1.0,1275.979271646193,409.6028054093825
311,0.105469,-328.606293,-626.323975,1.0,1265.874657646193,382.79970440938246
312,0.105469,-328.379242,-626.850891,1.0,1247.724144646193,389.25456940938244
313,0.105469,-328.161041,-627.399963,1.0,1274.324120646193,442.99169040938244
314,0.105469,-327.949036,-627.986511,1.0,1267.141747646193,406.77577840938244
315,0.113281,-327.741211,-628.629272,1.0,1256.676659646193,406.12932540938243
316,0.109375,-327.550751,-629.297119,1.0,1220.116600646193,493.08190040938246
317,0.109375,-327.375519,-630.002563,1.0,1186.9358146461927,415.46117340938247
318,0.113281,-327.221497,-630.730164,1.0,1169.2692496461927,421.9701754093825
319,0.113281,-327.08551,-631.508911,1.0,1162.3073356461928,424.98827240938243
320,0.101562,-326.988403,-632.203918,1.0,1143.940819646193,414.72106040938246
321,0.109375,-326.903656,-633.006104,1.0,1123.7184686461928,417.44005540938247
322,0.113281,-326.845093,-633.836548,1.0,1093.2104116461928,419.1841044093825
323,0.109375,-326.812714,-634.692749,1.0,1070.909386646193,406.39638440938245
324,0.101562,-326.804138,-635.467896,1.0,1029.499596646193,416.41115440938245
325,0.113281,-326.812347,-636.39502,1.0,1029.699547646193,418.91240640938247
326,0.105469,-326.828217,-637.233582,1.0,1004.1045156461929,508.43407340938245
327,0.101562,-326.844543,-638.079163,1.0,1007.4818346461929,425.36574440938244
328,0.101562,-326.855713,-638.929504,1.0,985.7682116461929,425.63658840938245
329,0.113281,-326.857208,-639.892944,1.0,987.2068716461929,412.19731840938243
330,0.109375,-326.84433,-640.864136,1.0,954.5443966461929,383.78435440938244
331,0.101562,-326.821259,-641.741455,1.0,926.8606806461929,316.9511934093825
332,0.113281,-326.785278,-642.731934,1.0,943.2959826461929,302.40727940938245
333,0.109375,-326.742737,-643.711121,1.0,974.412315646193,410.3469764093825
334,0.113281,-326.69455,-644.748169,1.0,995.4026726461929,408.69667740938246
335,0.101562,-326.651428,-645.706726,1.0,998.129356646193,408.46062340938244
336,0.101562,-326.612274,-646.675232,1.0,1009.397728646193,402.03203540938244
337,0.105469,-326.57901,-647.659241,1.0,997.3661126461928,410.3928134093825
338,0.113281,-326.549286,-648.794861,1.0,997.4972766461929,392.68364640938245
339,0.113281,-326.527832,-649.963013,1.0,993.9836666461929,372.18218140938245
340,0.109375,-326.514191,-651.179321,1.0,987.8528676461929,413.91124640938244
341,0.113281,-326.508118,-652.455688,1.0,981.1698846461929,537.6287144093825
342,0.113281,-326.510345,-653.794006,1.0,1063.580834646193,497.0764684093824
343,0.113281,-326.521362,-655.177917,1.0,1106.354149646193,528.7003084093825
344,0.101562,-326.538208,-656.426208,1.0,1097.680260646193,573.0161044093825
345,0.113281,-326.565216,-657.868774,1.0,967.3380976461929,510.2557284093824
346,0.101562,-326.594879,-659.178162,1.0,968.7157826461929,522.5184244093824
347,0.105469,-326.627686,-660.519958,1.0,966.863731646193,486.12309940938246
348,0.101562,-326.660431,-661.853394,1.0,906.2190176461929,420.00603440938244
349,0.101562,-326.691193,-663.193604,1.0,907.9193346461929,331.61678240938244
350,0.109375,-326.719574,-664.657288,1.0,921.6258166461929,294.56114840938244
351,0.109375,-326.74057,-666.0979,1.0,914.0548946461929,283.68953640938247
352,0.109375,-326.754028,-667.503784,1.0,947.2471546461929,428.54122040938245
353,0.109375,-326.760681,-668.935364,1.0,939.7458736461929,418.26033740938243
354,0.105469,-326.761078,-670.268127,1.0,935.1534656461929,328.08550140938246
355,0.101562,-326.756805,-671.580139,1.0,897.0412836461929,281.5844334093825
356,0.101562,-326.749359,-672.860168,1.0,898.7456896461929,286.10726040938243
357,0.101562,-326.739624,-674.134644,1.0,908.8670276461929,279.71788740938246
358,0.109375,-326.727295,-675.489319,1.0,910.903038646193,312.72740840938246
359,0.109375,-326.713074,-676.852783,1.0,966.568382646193,416.93321940938245
360,0.101562,-326.698792,-678.073242,1.0,956.6241076461929,431.05925640938244
361,0.105469,-326.682434,-679.327454,1.0,970.2379996461929,455.76933940938244
362,0.109375,-326.663788,-680.637939,1.0,924.2093746461929,301.79128140938246
363,0.105469,-326.645325,-681.900146,1.0,924.4049916461929,273.14147140938246
364,0.101562,-326.628723,-683.117065,1.0,917.431542646193,295.3517064093825
365,0.113281,-326.614685,-684.402405,1.0,995.3775256461929,492.9065464093825
366,0.113281,-326.605743,-685.709595,1.0,993.8410876461929,486.1374424093824
367,0.113281,-326.603027,-687.009033,1.0,974.793663646193,486.97441740938245
368,0.105469,-326.606232,-688.224731,1.0,1487.7695546461928,336.43813240938243
369,0.109375,-326.61441,-689.44281,1.0,1427.627464646193,404.96926040938246
370,0.105469,-326.625763,-690.598816,1.0,1326.4546136461927,517.2267984093825
371,0.105469,-326.63858,-691.765625,1.0,1406.127464646193,224.89217240938245
372,0.105469,-326.651367,-692.949402,1.0,1400.3951656461927,178.43340240938247
373,0.113281,-326.663422,-694.14563,1.0,1394.529930646193,184.99674140938245
374,0.105469,-326.674042,-695.30127,1.0,985.5305416461929,454.62755540938247
375,0.105469,-326.683807,-696.427124,1.0,979.7847526461929,471.8100504093825
376,0.105469,-326.693298,-697.543213,1.0,976.7896356461929,515.0806194093825
377,0.101562,-326.702698,-698.613281,1.0,983.9481436461929,526.6019814093825
378,0.101562,-326.712494,-699.676819,1.0,984.114586646193,512.6002114093825
379,0.105469,-326.722687,-700.754517,1.0,984.0420766461929,509.2475504093825
380,0.101562,-326.7323,-701.806091,1.0,892.8902216461929,525.8925084093825
381,0.101562,-326.740631,-702.857849,1.0,889.463829646193,515.4757604093825
382,0.105469,-326.746979,-703.935059,1.0,523.0427486461929,408.6700354093825
383,0.105469,-326.750885,-705.025452,1.0,257.0334246461929,318.94084840938245
384,0.105469,-326.752045,-706.122437,1.0,258.6046376461929,326.90859140938244
385,0.105469,-326.750793,-707.180237,1.0,296.9858786461929,-127.96600459061754
386,0.101562,-326.747986,-708.201416,1.0,296.9858786461929,-127.96600459061754
387,0.109375,-326.7435,-709.332581,1.0,296.9858786461929,-127.96600459061754
388,0.105469,-326.738495,-710.364746,1.0,296.9858786461929,-127.96600459061754
389,0.101562,-326.732635,-711.398926,1.0,296.9858786461929,-127.96600459061754
390,0.101562,-326.726227,-712.434082,1.0,885.7205436461929,679.9998084093825
391,0.109375,-326.719574,-713.487427,1.0,927.8021476461929,566.8072424093824
392,0.105469,-326.712982,-714.53656,1.0,959.0818716461929,485.6567294093825
393,0.101562,-326.706665,-715.561951,1.0,958.9596186461929,477.7120274093825
394,0.105469,-326.70047,-716.59198,1.0,962.6959466461929,465.4925754093825
395,0.101562,-326.694489,-717.599121,1.0,961.839684646193,463.4747234093825
396,0.101562,-326.68869,-718.586304,1.0,965.7357416461929,468.78160740938245
397,0.113281,-326.682159,-719.702026,1.0,964.5738756461928,469.88454340938245
398,0.109375,-326.67569,-720.791382,1.0,957.5100946461929,417.88609940938244
399,0.113281,-326.669098,-721.8927,1.0,727.0307246461929,26.65795040938245
400,0.101562,-326.663177,-722.88031,1.0,727.0307246461929,26.65795040938245
401,0.101562,-326.657379,-723.845703,1.0,727.0307246461929,26.65795040938245
402,0.101562,-326.651367,-724.837769,1.0,727.0307246461929,26.65795040938245
403,0.101562,-326.645477,-725.814026,1.0,727.0307246461929,26.65795040938245
404,0.101562,-326.639587,-726.79071,1.0,993.8097156461929,-112.90144459061754
405,0.109375,-326.633301,-727.831421,1.0,843.770653646193,503.10234740938245
406,0.109375,-326.627106,-728.850952,1.0,851.0716786461929,509.5654824093824
407,0.105469,-326.620972,-729.859863,1.0,862.1473626461928,508.72582140938243
408,0.113281,-326.614441,-730.934082,1.0,586.9127126461929,461.9431374093825
409,0.113281,-326.60791,-732.034485,1.0,587.3464596461929,458.6163854093825
410,0.117188,-326.601349,-733.137451,1.0,588.6605766461929,460.74452840938244
411,0.113281,-326.594879,-734.225403,1.0,545.3883296461929,456.3465494093825
412,0.113281,-326.588196,-735.289734,1.0,544.2709896461929,456.80080340938247
413,0.101562,-326.580963,-736.260742,1.0,555.1851736461929,458.2908244093825
414,0.113281,-326.570374,-737.358887,1.0,974.4934316461929,522.5458904093824
415,0.113281,-326.555969,-738.430054,1.0,979.733055646193,511.5112224093824
416,0.113281,-326.534943,-739.503479,1.0,970.8796016461929,512.3425204093825
417,0.105469,-326.506439,-740.541748,1.0,966.212975646193,510.5004794093825
418,0.105469,-326.470978,-741.532166,1.0,971.6958856461929,502.8476474093825
419,0.113281,-326.421021,-742.646729,1.0,974.7655876461929,489.6429964093825
420,0.105469,-326.366516,-743.653931,1.0,975.7093746461929,483.5159214093825
421,0.105469,-326.302307,-744.671387,1.0,984.6305776461929,472.34514540938244
422,0.105469,-326.228607,-745.695068,1.0,994.5412836461929,468.6623144093825
423,0.105469,-326.147919,-746.713013,1.0,991.2942736461929,457.71755140938245
424,0.113281,-326.054108,-747.828064,1.0,999.7990956461929,476.5018224093825
425,0.101562,-325.970306,-748.805847,1.0,1002.8063586461928,472.89684240938243
426,0.113281,-325.874725,-749.938477,1.0,990.8267446461929,470.20885340938247
427,0.101562,-325.794159,-750.936951,1.0,1007.089684646193,453.53612440938247
428,0.105469,-325.712616,-752.016113,1.0,1019.0100946461929,461.31929640938245
429,0.109375,-325.63446,-753.13446,1.0,967.9420406461929,368.8519504093825
430,0.109375,-325.563019,-754.240845,1.0,877.2459956461929,313.12569340938245
431,0.105469,-325.497101,-755.341675,1.0,881.6214226461929,248.94390040938248
432,0.105469,-325.432861,-756.496521,1.0,897.7040026461929,299.72579140938245
433,0.101562,-325.377502,-757.570862,1.0,900.5605096461929,273.6410134093825
434,0.101562,-325.323792,-758.702881,1.0,906.7824946461928,274.18526340938246
435,0.101562,-325.276184,-759.807129,1.0,903.0972526461929,289.60292740938246
436,0.113281,-325.227142,-761.091187,1.0,911.4842766461929,309.63484840938247
437,0.101562,-325.188354,-762.255798,1.0,998.3114856461929,459.37731040938246
438,0.105469,-325.153961,-763.437988,1.0,939.4119496461929,528.6544104093824
439,0.101562,-325.123199,-764.630737,1.0,951.3637926461929,481.8022374093824
440,0.101562,-325.094177,-765.850403,1.0,973.6206286461929,504.94658540938246
441,0.101562,-325.066315,-767.0578,1.0,970.650292646193,512.3950724093825
442,0.113281,-325.034973,-768.418945,1.0,938.3732536461929,413.27251340938244
443,0.109375,-325.00351,-769.771301,1.0,916.8417596461929,338.2248144093825
444,0.109375,-324.972107,-771.114136,1.0,918.7652826461929,331.69463240938245
445,0.105469,-324.940979,-772.455627,1.0,914.630211646193,315.43358540938243
446,0.113281,-324.908569,-773.878601,1.0,898.4743276461929,292.01531140938243
447,0.101562,-324.880249,-775.154236,1.0,915.6528556461928,277.78777240938246
448,0.113281,-324.848328,-776.626465,1.0,924.1491936461929,319.20964740938246
449,0.113281,-324.816376,-778.128357,1.0,969.7370226461929,417.88820540938246
450,0.101562,-324.787537,-779.487183,1.0,975.1140376461929,424.49410140938244
451,0.105469,-324.757812,-780.883423,1.0,955.4250726461929,417.70247540938243
452,0.101562,-324.727386,-782.291321,1.0,948.9274526461929,451.08467740938244
453,0.109375,-324.694061,-783.795898,1.0,953.9106676461929,439.5368874093825
454,0.113281,-324.658905,-785.331665,1.0,949.1773916461929,433.7133094093825
455,0.101562,-324.625366,-786.751099,1.0,964.8274776461928,499.04222740938246
456,0.113281,-324.586853,-788.356873,1.0,953.7888416461929,518.1109534093824
457,0.101562,-324.55188,-789.806458,1.0,961.3160026461929,507.3099894093824
458,0.101562,-324.516663,-791.270569,1.0,955.8760616461929,509.7300334093825
459,0.105469,-324.479706,-792.823914,1.0,959.5183956461929,549.9573894093825
460,0.113281,-324.440918,-794.494751,1.0,904.6407706461929,370.4117044093825
461,0.113281,-324.402954,-796.191223,1.0,906.7129146461929,343.77663340938244
462,0.113281,-324.367279,-797.859314,1.0,900.2273186461929,319.23616740938246
463,0.101562,-324.335266,-799.434753,1.0,894.1395496461929,322.40053440938243
464,0.105469,-324.304565,-801.036865,1.0,908.3931506461929,312.75487440938247
465,0.105469,-324.276367,-802.622498,1.0,899.2221916461929,302.96712440938245
466,0.101562,-324.250519,-804.239075,1.0,921.871971646193,322.75600340938246
467,0.105469,-324.228149,-805.85907,1.0,913.2969596461929,299.2457494093825
468,0.105469,-324.207916,-807.535706,1.0,910.0044176461929,259.7434304093825
469,0.105469,-324.189392,-809.190063,1.0,897.5022206461929,355.84206340938243
470,0.113281,-324.169037,-811.032593,1.0,911.4220816461929,299.88448240938243
471,0.109375,-324.148132,-812.865906,1.0,911.126610646193,343.80806640938243
472,0.109375,-324.124939,-814.794312,1.0,911.8126456461929,315.07009040938243
473,0.109375,-324.101379,-816.65094,1.0,952.735985646193,476.42168340938247
474,0.101562,-324.078125,-818.409302,1.0,970.2307976461929,487.06682540938243
475,0.101562,-324.053833,-820.19635,1.0,1029.362206646193,435.31008040938246
476,0.105469,-324.02829,-822.031128,1.0,1389.6474846461929,111.93384440938246
477,0.101562,-324.002625,-823.828064,1.0,1362.759178646193,177.24605440938245
478,0.105469,-323.975494,-825.681824,1.0,1030.2506946461929,464.2132174093825
479,0.105469,-323.947449,-827.542847,1.0,1038.432823646193,501.4353554093825
480,0.101562,-323.9198,-829.331604,1.0,1005.4880606461929,513.0368564093825
481,0.105469,-323.892456,-831.094727,1.0,991.4458246461929,512.5331334093825
482,0.109375,-323.866333,-832.983765,1.0,989.4320916461929,502.08415940938244
483,0.109375,-323.847504,-834.857849,1.0,984.2911616461929,485.8362344093824
484,0.105469,-323.838959,-836.635071,1.0,981.6813586461928,469.2528904093825
485,0.109375,-323.840973,-838.468811,1.0,965.2243276461929,520.2544474093825
486,0.105469,-323.851654,-840.247986,1.0,967.1445546461929,483.07109740938245
487,0.109375,-323.867126,-842.06543,1.0,962.9582146461929,554.7579264093824
488,0.109375,-323.882202,-843.820984,1.0,965.4521106461929,479.52178140938247
489,0.101562,-323.8927,-845.462158,1.0,962.2663806461929,478.2175204093825
490,0.101562,-323.897034,-847.007874,1.0,959.4134756461929,487.66173440938246
491,0.109375,-323.89444,-848.717407,1.0,958.5196766461929,485.1503214093824
492,0.109375,-323.884674,-850.395874,1.0,954.8432246461929,476.56938840938244
493,0.101562,-323.871307,-851.84906,1.0,1066.5288326461928,467.97890340938244
494,0.101562,-323.855103,-853.265259,1.0,1060.525292646193,561.1402504093825
495,0.101562,-323.837646,-854.637146,1.0,981.7480706461929,482.84258140938243
496,0.101562,-323.820038,-855.953064,1.0,997.9163446461929,517.7145304093824
497,0.101562,-323.802765,-857.215271,1.0,998.314781646193,501.7392494093824
498,0.101562,-323.786652,-858.391724,1.0,1006.9065786461929,509.0052404093825
499,0.101562,-323.772156,-859.437744,1.0,1016.4053576461929,500.56200340938244
500,0.109375,-323.75708,-860.523499,1.0,1004.1828846461929,507.61949840938246
501,0.113281,-323.743011,-861.524658,1.0,1011.8549426461929,501.2126994093825
502,0.101562,-323.731049,-862.373047,1.0,966.4781726461929,447.13176640938246
503,0.105469,-323.719879,-863.16272,1.0,914.1904536461929,504.87584640938246
504,0.109375,-323.70874,-863.948853,1.0,923.973106646193,337.5237344093825
505,0.105469,-323.699036,-864.63623,1.0,924.094139646193,326.42211040938247
506,0.113281,-323.688354,-865.395325,1.0,1083.4531486461929,395.7404394093825
507,0.101562,-323.679138,-866.056702,1.0,1106.9256826461929,475.2778844093824
508,0.113281,-323.669159,-866.766541,1.0,1000.354271646193,475.4434114093824
509,0.109375,-323.660248,-867.408875,1.0,1013.4939806461929,489.75945240938245
510,0.109375,-323.652252,-868.014526,1.0,1002.5302966461929,516.0897134093825
511,0.105469,-323.645508,-868.555298,1.0,1000.5669176461929,460.50087640938244
512,0.105469,-323.63916,-869.123718,1.0,1021.9190296461929,574.3040684093825
513,0.105469,-323.633575,-869.70282,1.0,985.4018786461929,554.2690954093824
514,0.101562,-323.62912,-870.275085,1.0,998.2525256461929,453.99736740938243
515,0.101562,-323.625519,-870.847839,1.0,996.0968256461929,562.5623084093825
516,0.101562,-323.622498,-871.411377,1.0,974.3151476461929,496.12297740938243
517,0.101562,-323.619293,-871.984314,1.0,982.9481436461929,518.1375034093825
518,0.109375,-323.615417,-872.616272,1.0,959.0016716461929,479.22972740938246
519,0.109375,-323.611206,-873.238159,1.0,956.9405756461929,443.97847640938244
520,0.109375,-323.606445,-873.884766,1.0,955.4055416461929,501.93974940938244
521,0.113281,-323.601807,-874.535767,1.0,1044.625816646193,498.9106364093825
522,0.109375,-323.597687,-875.196289,1.0,1187.1650016461929,520.7637854093824
523,0.105469,-323.594482,-875.815308,1.0,1231.1120846461931,566.1308504093824
524,0.101562,-323.592133,-876.441528,1.0,1251.022240646193,562.0888584093825
525,0.101562,-323.590973,-877.065979,1.0,1111.2160266461929,545.3386754093824
526,0.113281,-323.591156,-877.779236,1.0,989.7073596461929,521.6260904093824
527,0.105469,-323.592712,-878.460999,1.0,988.1087276461928,537.2270424093824
528,0.109375,-323.595703,-879.14978,1.0,980.133629646193,544.6621614093824
529,0.105469,-323.600067,-879.84967,1.0,982.8977896461929,541.7448644093824
530,0.113281,-323.605743,-880.593262,1.0,903.7684566461929,444.9702674093825
531,0.101562,-323.611511,-881.265137,1.0,908.7694936461929,422.5845254093825
532,0.101562,-323.61792,-881.944336,1.0,899.5138176461929,472.5586464093825
533,0.113281,-323.625916,-882.726013,1.0,897.8808216461929,433.16945540938246
534,0.101562,-323.633362,-883.424561,1.0,941.6003656461929,468.66146040938247
535,0.101562,-323.641052,-884.121277,1.0,946.1569446461929,458.31447540938245
536,0.113281,-323.650024,-884.919312,1.0,911.0382316461929,514.8804234093825
537,0.109375,-323.658844,-885.690186,1.0,955.5951166461929,481.9561074093824
538,0.109375,-323.667816,-886.453491,1.0,952.7922596461929,440.79466940938244
539,0.109375,-323.676849,-887.205017,1.0,944.9688956461929,417.92720740938245
540,0.109375,-323.685791,-887.959595,1.0,954.9985586461929,425.0743934093825
541,0.101562,-323.693451,-888.619812,1.0,939.0271236461929,448.31868640938245
542,0.109375,-323.701416,-889.344666,1.0,951.0547716461929,403.2274694093825
543,0.109375,-323.708557,-890.040222,1.0,940.2397696461929,411.14137940938247
544,0.105469,-323.714996,-890.710876,1.0,958.069603646193,446.7850864093825
545,0.105469,-323.720978,-891.379761,1.0,964.4453356461929,488.9278484093825
546,0.109375,-323.726501,-892.041138,1.0,949.5959096461929,363.2331454093825
547,0.105469,-323.731506,-892.683411,1.0,953.332298646193,364.82424040938247
548,0.105469,-323.736115,-893.305237,1.0,934.055687646193,437.47127440938243
549,0.113281,-323.740692,-893.966736,1.0,951.1604846461929,379.91890640938243
550,0.109375,-323.744843,-894.605957,1.0,943.0063716461929,416.4080114093825
551,0.101562,-323.748169,-895.145081,1.0,953.5707026461929,392.5974034093825
552,0.109375,-323.751251,-895.67926,1.0,958.6645136461929,375.8138344093825
553,0.101562,-323.753448,-896.077576,1.0,976.1800166461929,470.33565440938247
554,0.113281,-323.755249,-896.430481,1.0,966.0459216461929,395.24074440938244
555,0.105469,-323.756378,-896.664734,1.0,963.1084826461929,452.32067040938244
556,0.109375,-323.757019,-896.796143,1.0,934.2597286461929,404.29021340938243
557,0.105469,-323.757172,-896.831421,1.0,874.426903646193,463.1639324093825
558,0.105469,-323.757172,-896.824341,1.0,875.1797716461929,502.5215364093824
559,0.113281,-323.757141,-896.811829,1.0,871.1372306461928,466.9132604093825
560,0.109375,-323.757141,-896.805969,1.0,862.585228646193,475.4918734093825
561,0.105469,-323.757172,-896.807617,1.0,445.0474786461929,586.3008334093824
562,0.105469,-323.757172,-896.812012,1.0,375.7054526461929,466.63896840938247
563,0.105469,-323.757172,-896.814819,1.0,515.4876636461929,529.1852944093824
564,0.101562,-323.757172,-896.815002,1.0,462.0207756461929,504.2700114093825
565,0.101562,-323.757172,-896.813538,1.0,509.9372486461929,528.8381264093824
566,0.109375,-323.757141,-896.812134,1.0,947.7815786461929,463.7722084093825
567,0.101562,-323.757141,-896.81189,1.0,941.9322136461928,469.98393940938246
568,0.105469,-323.757172,-896.812439,1.0,926.1554186461929,465.27141440938243
569,0.105469,-323.757172,-896.81311,1.0,891.6015856461929,395.51399940938245
570,0.105469,-323.757172,-896.813232,1.0,921.1700676461929,314.92421640938244
571,0.105469,-323.757172,-896.813171,1.0,908.3124016461929,315.15206040938244
572,0.105469,-323.757172,-896.812988,1.0,916.9240956461929,352.1979284093825
573,0.105469,-323.757172,-896.812927,1.0,987.5329216461929,460.66759440938245
574,0.105469,-323.757172,-896.812927,1.0,921.0525136461929,288.1222144093825
575,0.101562,-323.757172,-896.812988,1.0,919.4888546461929,289.69881340938247
576,0.109375,-323.757172,-896.812988,1.0,896.6512686461929,-32.25588959061754
577,0.113281,-323.757172,-896.813049,1.0,958.5686266461929,507.63872440938246
578,0.101562,-323.757172,-896.813049,1.0,977.9116446461929,456.5886454093825
579,0.109375,-323.757172,-896.812988,1.0,978.8942496461929,480.46343140938245
580,0.109375,-323.757172,-896.812988,1.0,338.98426164619286,331.6056434093825
581,0.101562,-323.757141,-896.812988,1.0,379.9460076461929,429.43123540938245
582,0.101562,-323.757172,-896.813049,1.0,241.7436606461929,403.04112940938245
583,0.101562,-323.757172,-896.812988,1.0,267.2762766461929,444.0615154093825
584,0.101562,-323.757172,-896.813049,1.0,305.7355586461929,429.9724954093825
585,0.101562,-323.757172,-896.812988,1.0,293.4119496461929,476.8309854093825
586,0.109375,-323.757172,-896.812988,1.0,422.2743766461929,571.4761264093825
587,0.109375,-323.757172,-896.813049,1.0,481.1869136461929,581.4697184093825
588,0.101562,-323.757172,-896.813049,1.0,475.5220876461929,596.3936074093824
589,0.101562,-323.757172,-896.812988,1.0,401.6487356461929,584.2169104093824
590,0.105469,-323.757172,-896.812988,1.0,471.7043086461929,589.5047524093825
591,0.105469,-323.757172,-896.812988,1.0,636.2936946461929,570.5493694093825
592,0.101562,-323.757172,-896.813049,1.0,868.2189566461929,624.8408724093824
593,0.101562,-323.757141,-896.812988,1.0,884.5075916461929,618.0270914093825
594,0.109375,-323.757172,-896.813049,1.0,919.9933096461929,568.4396884093825
595,0.105469,-323.757172,-896.812988,1.0,987.5141836461929,413.89241740938246
596,0.109375,-323.757172,-896.812927,1.0,987.5665516461929,390.82857440938244
597,0.101562,-323.757172,-896.812988,1.0,978.8593376461929,414.44774540938243
598,0.101562,-323.757172,-896.812988,1.0,987.1715326461929,386.69911840938244
599,0.105469,-323.757172,-896.812988,1.0,968.669701646193,394.62108540938243
600,0.101562,-323.757172,-896.812988,1.0,975.2309806461928,399.52336840938244
601,0.101562,-323.757172,-896.812988,1.0,1232.2031486461929,288.24401040938244
602,0.101562,-323.757141,-896.812927,1.0,1380.453514646193,202.02640440938245
603,0.109375,-323.757172,-896.812988,1.0,1393.097313646193,234.82530840938244
604,0.109375,-323.757172,-896.812988,1.0,1413.570946646193,-75.10293659061755
605,0.109375,-323.757172,-896.812988,1.0,1338.5858386461928,184.96520140938244
606,0.109375,-323.757172,-896.812988,1.0,1434.7762686461929,193.86095340938246
607,0.101562,-323.757172,-896.812927,1.0,1370.2959216461927,274.73976840938246
608,0.109375,-323.757172,-896.812988,1.0,1459.251122646193,230.36284540938243
609,0.105469,-323.757172,-896.812988,1.0,1459.251122646193,230.36284540938243
610,0.101562,-323.757172,-896.812988,1.0,1459.251122646193,230.36284540938243
611,0.101562,-323.757172,-896.812988,1.0,913.9865346461929,424.38771740938245
612,0.109375,-323.757172,-896.812988,1.0,947.6245966461929,423.1314004093825
613,0.109375,-323.757172,-896.812988,1.0,419.9458086461929,416.85036340938245
614,0.105469,-323.757172,-896.812988,1.0,484.6418386461929,399.32424040938247
615,0.109375,-323.757172,-896.812988,1.0,376.7889026461929,390.7466044093825
616,0.101562,-323.757172,-896.812988,1.0,458.9515616461929,423.28560540938247
617,0.101562,-323.757172,-896.812927,1.0,370.2523126461929,433.81862540938243
618,0.101562,-323.757172,-896.812988,1.0,37.409187646192905,-37.317065590617545
619,0.101562,-323.757172,-896.812988,1.0,37.409187646192905,-37.317065590617545
620,0.109375,-323.757172,-896.813049,1.0,682.7213976461929,486.14922240938245
621,0.109375,-323.757172,-896.813049,1.0,964.3141716461929,444.7476414093825
622,0.105469,-323.757172,-896.812988,1.0,560.2049796461929,378.9402074093825
623,0.105469,-323.757172,-896.812927,1.0,496.1931996461929,492.35369040938247
624,0.101562,-323.757172,-896.812988,1.0,392.8962946461929,471.60689440938245
625,0.113281,-323.757172,-896.812988,1.0,691.085045646193,543.1741244093824
626,0.113281,-323.757172,-896.812988,1.0,808.7283556461929,598.9050814093824
627,0.105469,-323.757172,-896.812988,1.0,917.6453486461929,468.8258584093825
628,0.109375,-323.757172,-896.812988,1.0,966.0354846461929,422.37236740938243
629,0.109375,-323.757172,-896.812988,1.0,952.6017696461929,439.98787640938247
630,0.105469,-323.757172,-896.812988,1.0,965.0771716461929,434.66252840938245
631,0.109375,-323.757172,-896.813049,1.0,945.0394526461929,457.5933754093825
632,0.109375,-323.757172,-896.812988,1.0,955.7093746461929,464.58147340938245
633,0.101562,-323.757172,-896.813049,1.0,968.2884146461929,422.85851240938246
634,0.105469,-323.757172,-896.812988,1.0,592.4183276461929,448.0821144093825
635,0.105469,-323.757172,-896.812927,1.0,686.7584466461929,481.15264040938246
636,0.105469,-323.757172,-896.813477,1.0,812.4184196461929,482.16655640938245
637,0.101562,-323.757172,-896.815857,1.0,884.1822746461929,438.98076540938246
638,0.109375,-323.757172,-896.820618,1.0,888.1725086461929,424.0270914093825
639,0.109375,-323.757172,-896.828125,1.0,922.1914906461928,445.9801244093825
640,0.109375,-323.757172,-896.83783,1.0,443.6679316461929,561.8217684093825
641,0.101562,-323.757172,-896.849243,1.0,402.58342864619294,406.50084640938246
642,0.105469,-323.757324,-896.862793,1.0,331.8943716461929,385.8404454093825
643,0.105469,-323.757477,-896.878723,1.0,377.0485006461929,420.92470440938246
644,0.101562,-323.75766,-896.895813,1.0,328.1796656461929,378.09136140938244
645,0.105469,-323.757812,-896.915222,1.0,406.40338964619286,411.27556540938247
646,0.113281,-323.757965,-896.93927,1.0,870.1360706461929,448.78792440938247
647,0.101562,-323.758148,-896.962952,1.0,868.5884026461929,479.83806540938247
648,0.101562,-323.75827,-896.989319,1.0,862.8684926461929,506.65660740938245
649,0.105469,-323.758453,-897.019897,1.0,882.8885736461929,513.8623574093824
650,0.109375,-323.758789,-897.061707,1.0,1268.3656246461928,446.41341340938243
651,0.109375,-323.759186,-897.119263,1.0,1286.912254646193,438.3868934093825
652,0.105469,-323.759735,-897.200806,1.0,1173.115196646193,439.0318214093825
653,0.113281,-323.760651,-897.330322,1.0,997.8385856461929,505.65575340938244
654,0.101562,-323.761719,-897.492737,1.0,989.6911856461929,569.0076204093824
655,0.101562,-323.76297,-897.691711,1.0,878.0796746461929,409.84932640938246
656,0.113281,-323.764557,-897.969849,1.0,950.0237666461929,550.1209024093824
657,0.113281,-323.766296,-898.300232,1.0,886.3172846461929,450.48448840938244
658,0.101562,-323.767975,-898.631897,1.0,902.9102406461928,461.04994840938247
659,0.109375,-323.769867,-899.048401,1.0,905.2529536461929,447.4224464093825
660,0.109375,-323.771606,-899.511108,1.0,556.5516896461929,447.93828540938244
661,0.113281,-323.773071,-900.041138,1.0,599.4478686461929,505.2723914093824
662,0.105469,-323.773804,-900.581238,1.0,450.6224906461929,493.05785240938246
663,0.113281,-323.773468,-901.203491,1.0,492.7394646461929,511.02007240938246
664,0.109375,-323.771332,-901.864441,1.0,442.5522396461929,487.8185954093825
665,0.109375,-323.76651,-902.54834,1.0,476.8168566461929,520.0443034093825
666,0.105469,-323.757935,-903.248596,1.0,464.3577196461929,521.8687044093824
667,0.109375,-323.743439,-903.986511,1.0,455.7524346461929,510.18096040938246
668,0.109375,-323.722382,-904.744507,1.0,455.1186756461929,499.91246740938243
669,0.109375,-323.693481,-905.53833,1.0,454.5270626461929,478.8838414093825
670,0.101562,-323.657227,-906.328247,1.0,435.8797536461929,471.26491440938247
671,0.105469,-323.612213,-907.131897,1.0,429.9928216461929,443.04527940938243
672,0.105469,-323.554749,-907.984802,1.0,428.9919976461929,450.61403540938244
673,0.113281,-323.479828,-908.914978,1.0,441.52816064619293,469.0219334093825
674,0.113281,-323.387756,-909.858826,1.0,508.6313716461929,374.46025740938245
675,0.109375,-323.274689,-910.801941,1.0,586.1756826461929,423.9453654093825
676,0.113281,-323.12674,-911.804199,1.0,575.378990646193,377.28545340938246
677,0.113281,-322.950012,-912.78009,1.0,586.8354116461928,385.22740840938246
678,0.105469,-322.73642,-913.749695,1.0,581.8956226461929,361.95003440938245
679,0.105469,-322.485596,-914.700317,1.0,557.1636896461929,407.76680640938247
680,0.101562,-322.199585,-915.621277,1.0,539.7065356461928,407.25203640938247
681,0.109375,-321.856934,-916.574585,1.0,529.4956286461929,349.93181540938247
682,0.105469,-321.456238,-917.548523,1.0,557.6488576461929,395.1811134093825
683,0.109375,-320.983978,-918.560608,1.0,525.715843646193,521.8854894093824
684,0.109375,-320.43689,-919.595764,1.0,571.1024406461929,336.02727440938247
685,0.105469,-319.836823,-920.599609,1.0,605.6815116461929,365.20571040938245
686,0.109375,-319.154633,-921.606506,1.0,547.869133646193,377.41139940938245
687,0.101562,-318.422729,-922.554199,1.0,546.1861196461929,366.54070240938245
688,0.105469,-317.632172,-923.452698,1.0,573.2615896461929,375.66707540938245
689,0.101562,-316.773651,-924.305115,1.0,600.8654406461928,385.75157840938243
690,0.101562,-315.921875,-925.040344,1.0,623.0258416461929,483.3724894093824
691,0.101562,-314.990936,-925.731445,1.0,667.3620226461928,576.5154334093825
692,0.105469,-314.004242,-926.349609,1.0,666.3445366461929,492.84307040938245
693,0.105469,-312.963501,-926.886536,1.0,697.8131336461929,598.0246494093825
694,0.101562,-311.94046,-927.309875,1.0,726.474815646193,504.7380894093825
695,0.117188,-310.726715,-927.689758,1.0,710.6810536461929,443.3900674093825
696,0.105469,-309.62674,-927.927673,1.0,762.0374386461929,490.2217934093825
697,0.101562,-308.544434,-928.069702,1.0,819.1515736461929,403.4779884093825
698,0.105469,-307.445129,-928.125,1.0,850.7793816461929,470.55220740938245
699,0.109375,-306.321838,-928.099487,1.0,894.5915156461929,452.58953040938246
700,0.113281,-305.167175,-928.008179,1.0,993.612511646193,418.2342444093825
701,0.113281,-304.020447,-927.880798,1.0,1043.4309926461929,428.51143540938244
702,0.109375,-302.905609,-927.74469,1.0,1034.7584466461929,431.0072544093825
703,0.109375,-301.825867,-927.617371,1.0,1028.737938646193,413.67800040938243
704,0.109375,-300.75647,-927.502563,1.0,1027.5532466461927,511.4791784093825
705,0.105469,-299.732544,-927.403809,1.0,1020.1210566461929,499.4515294093825
706,0.117188,-298.588806,-927.303467,1.0,1016.1667106461929,486.2725744093824
707,0.105469,-297.567444,-927.220337,1.0,1003.7426386461929,414.46221040938246
708,0.101562,-296.590973,-927.146423,1.0,994.1443716461929,449.6041784093825
709,0.109375,-295.580139,-927.076355,1.0,1116.2806636461928,366.49703140938243
710,0.109375,-294.536163,-927.012878,1.0,1342.692406646193,200.35857340938244
711,0.105469,-293.516968,-926.960938,1.0,1331.2931146461929,177.57906240938246
712,0.113281,-292.479828,-926.917908,1.0,1044.3238756461928,542.9779574093825
713,0.109375,-291.435486,-926.882751,1.0,1013.3401726461929,416.81133140938243
714,0.105469,-290.416626,-926.853821,1.0,985.1606676461929,461.63060640938244
715,0.105469,-289.430878,-926.828857,1.0,951.3286366461929,463.24291140938243
716,0.117188,-288.30246,-926.802734,1.0,945.1397936461929,463.47847640938244
717,0.117188,-287.159393,-926.778625,1.0,986.0591666461929,462.24431540938247
718,0.101562,-286.150574,-926.759644,1.0,984.5542226461929,507.7904574093825
719,0.105469,-285.105225,-926.742981,1.0,996.8034296461929,481.7423624093825
720,0.105469,-284.068695,-926.730347,1.0,991.7319576461929,530.6536784093825
721,0.105469,-283.00238,-926.721436,1.0,771.823021646193,528.9605624093824
722,0.105469,-281.950836,-926.716736,1.0,247.1845256461929,255.10262240938243
723,0.105469,-280.874084,-926.714539,1.0,211.53719364619292,248.87218340938244
724,0.105469,-279.80188,-926.71228,1.0,293.3974996461929,331.92720740938245
725,0.101562,-278.759674,-926.707947,1.0,440.5901116461929,381.0021884093825
726,0.101562,-277.722168,-926.700378,1.0,436.3783496461929,353.71575040938245
727,0.101562,-276.678345,-926.689087,1.0,1002.0445796461929,443.27602340938245
728,0.105469,-275.590179,-926.676086,1.0,1001.4164666461929,402.97823240938243
729,0.113281,-274.445129,-926.667358,1.0,989.8077626461929,528.8789584093824
730,0.109375,-273.279175,-926.671997,1.0,1038.571678646193,428.35997640938245
731,0.109375,-272.12323,-926.696838,1.0,1033.829979646193,445.33412840938246
732,0.113281,-270.966736,-926.746216,1.0,1007.9892206461928,430.10158440938244
733,0.105469,-269.840912,-926.817932,1.0,1008.5253536461929,415.88893840938243
734,0.105469,-268.717255,-926.911865,1.0,977.807396646193,404.0525124093825
735,0.105469,-267.614471,-927.023987,1.0,923.5844356461929,345.74193440938245
736,0.101562,-266.516113,-927.154114,1.0,924.1573116461929,302.5598064093825
737,0.113281,-265.322418,-927.314697,1.0,887.8593376461929,326.5045994093825
738,0.109375,-264.15683,-927.489807,1.0,843.2209096461929,364.76561640938246
739,0.109375,-263.009644,-927.676208,1.0,839.3893666461929,387.04714140938245
740,0.101562,-261.911011,-927.863831,1.0,875.2889636461929,484.5024944093825
741,0.113281,-260.746307,-928.066589,1.0,822.1211786461929,410.55351940938243
742,0.109375,-259.598419,-928.265015,1.0,818.1150746461929,409.66100240938243
743,0.105469,-258.502472,-928.449097,1.0,778.1551746461929,418.37569340938245
744,0.101562,-257.432465,-928.620544,1.0,793.5396356461929,408.81328540938244
745,0.101562,-256.380798,-928.778198,1.0,792.265160646193,481.51647140938246
746,0.117188,-255.139877,-928.946472,1.0,819.1043936461929,401.2668674093825
747,0.105469,-254.024597,-929.079651,1.0,813.0370106461929,397.6319194093825
748,0.105469,-252.899292,-929.196045,1.0,884.1544426461929,440.34029340938247
749,0.101562,-251.804718,-929.291748,1.0,823.1143426461929,369.0983494093825
750,0.109375,-250.643723,-929.375305,1.0,790.1062246461929,428.10130940938245
751,0.113281,-249.442581,-929.444641,1.0,757.7082756461929,422.90282340938245
752,0.105469,-248.265717,-929.498596,1.0,825.2259146461929,453.51854640938245
753,0.105469,-247.108749,-929.541443,1.0,857.9005366461929,436.37999640938244
754,0.101562,-245.95845,-929.575745,1.0,883.5847406461929,465.9826274093825
755,0.101562,-244.809509,-929.603271,1.0,864.2806636461929,423.33385340938247
756,0.109375,-243.556122,-929.627502,1.0,896.123680646193,439.62361840938246
757,0.109375,-242.261734,-929.648193,1.0,901.7798086461929,452.58577640938245
758,0.109375,-240.973892,-929.665222,1.0,905.5292596461929,470.29897240938243
759,0.105469,-239.726562,-929.679016,1.0,979.9699336461929,470.14516340938246
760,0.105469,-238.435028,-929.68988,1.0,1001.8033686461929,501.3148104093824
761,0.105469,-237.187332,-929.696045,1.0,1013.3545156461929,500.8782264093825
762,0.101562,-235.890533,-929.69696,1.0,1007.9428946461929,533.4894934093825
763,0.101562,-234.61792,-929.692688,1.0,1041.0952996461929,569.7198404093824
764,0.105469,-233.320312,-929.683228,1.0,1024.530235646193,533.0257484093825
765,0.101562,-232.003693,-929.669189,1.0,980.9395376461929,91.65903340938246
766,0.113281,-230.568909,-929.650391,1.0,1153.7819446461929,399.63503140938246
767,0.109375,-229.156464,-929.630554,1.0,1018.6206286461929,465.32198240938243
768,0.105469,-227.745453,-929.610596,1.0,978.2578966461929,492.1934114093824
769,0.109375,-226.308777,-929.590881,1.0,960.0021596461929,497.71105140938243
770,0.109375,-224.826599,-929.570984,1.0,982.0918206461929,504.23680740938244
771,0.105469,-223.432037,-929.552612,1.0,941.5713736461929,522.2271034093825
772,0.101562,-222.048523,-929.534241,1.0,942.757774646193,562.9059364093824
773,0.113281,-220.447479,-929.512695,1.0,960.328514646193,496.85491140938245
774,0.101562,-219.044296,-929.49353,1.0,972.7565546461929,515.5480874093824
775,0.105469,-217.562592,-929.473145,1.0,989.2290276461929,488.7622594093824
776,0.109375,-216.049774,-929.452332,1.0,960.2464836461929,501.89818440938245
777,0.105469,-214.530441,-929.43158,1.0,985.0382926461929,527.1891394093825
778,0.109375,-212.980255,-929.410645,1.0,972.3457876461929,496.8356234093825
779,0.109375,-211.441376,-929.392029,1.0,968.960899646193,463.48491540938244
780,0.101562,-209.93689,-929.37738,1.0,966.4659656461929,459.31514640938246
781,0.101562,-208.458328,-929.367432,1.0,974.6136706461929,461.21904640938243
782,0.101562,-206.97261,-929.36261,1.0,980.7934806461928,472.5009684093825
783,0.101562,-205.467728,-929.363159,1.0,1007.8243036461929,466.0225444093825
784,0.117188,-203.783554,-929.370117,1.0,987.382103646193,434.93184540938245
785,0.105469,-202.167847,-929.38147,1.0,980.8756946461929,482.0857454093824
786,0.109375,-200.587418,-929.393799,1.0,1002.0644156461929,477.8934854093825
787,0.109375,-198.956619,-929.405701,1.0,944.7696156461928,586.0132364093824
788,0.109375,-197.380356,-929.414673,1.0,965.6162346461929,446.65248740938245
789,0.105469,-195.848343,-929.420166,1.0,956.868370646193,450.67537640938247
790,0.105469,-194.366058,-929.422424,1.0,965.2500846461929,462.73824240938245
791,0.101562,-192.919357,-929.42157,1.0,981.5696646461929,595.7610994093825
792,0.101562,-191.51799,-929.418274,1.0,954.7846916461929,542.3259194093824
793,0.101562,-190.09874,-929.412598,1.0,968.8852166461929,518.2229534093825
794,0.109375,-188.575958,-929.403809,1.0,963.0154656461929,539.5853184093825
795,0.113281,-187.070908,-929.392334,1.0,1157.3995596461928,494.1923744093824
796,0.105469,-185.630722,-929.378845,1.0,1173.9134756461929,536.7581094093824
797,0.105469,-184.212952,-929.363708,1.0,1176.5335316461928,512.5048134093825
798,0.105469,-182.795181,-929.34668,1.0,1172.4848256461928,556.3801794093824
799,0.105469,-181.431183,-929.329529,1.0,981.0887686461929,412.87322140938244
800,0.101562,-180.092316,-929.311951,1.0,955.9228756461929,419.1561194093825
801,0.101562,-178.785202,-929.294861,1.0,964.119896646193,472.84032340938245
802,0.105469,-177.465393,-929.27771,1.0,979.3174066461929,480.6755894093825
803,0.105469,-176.133667,-929.26062,1.0,973.744042646193,490.2014684093824
804,0.109375,-174.752716,-929.242981,1.0,966.4630366461929,474.1740024093824
805,0.109375,-173.407059,-929.22583,1.0,221.5514116461929,423.26869840938247
806,0.105469,-172.091705,-929.20929,1.0,182.3410346461929,404.27806740938246
807,0.109375,-170.809723,-929.19342,1.0,244.0419546461929,408.61418840938245
808,0.105469,-169.577667,-929.178711,1.0,230.2035226461929,436.57768940938246
809,0.101562,-168.442566,-929.166443,1.0,282.2241676461929,420.5984414093825
810,0.113281,-167.22731,-929.155579,1.0,935.5416496461929,523.0936194093824
811,0.101562,-166.230865,-929.148865,1.0,955.3303456461929,557.9879674093825
812,0.101562,-165.318558,-929.144592,1.0,953.0315176461929,564.3195104093825
813,0.101562,-164.429169,-929.142151,1.0,959.8104486461929,582.6202304093824
814,0.113281,-163.565598,-929.141357,1.0,427.6853266461929,484.3011394093825
815,0.109375,-162.826752,-929.141541,1.0,420.7661366461929,494.9958414093825
816,0.109375,-162.203903,-929.142029,1.0,409.84360564619294,501.5668864093825
817,0.105469,-161.677719,-929.142395,1.0,426.2313166461929,502.6923744093824
818,0.101562,-161.23996,-929.142456,1.0,447.8258596461929,494.97771340938243
819,0.105469,-160.871155,-929.142395,1.0,445.7116936461929,501.3756014093825
820,0.117188,-160.536026,-929.142273,1.0,994.7908556461929,442.75154740938245
821,0.117188,-160.273834,-929.142151,1.0,1061.002953646193,462.95577140938246
822,0.105469,-160.057816,-929.14209,1.0,1055.931725646193,469.92070640938243
823,0.105469,-159.840302,-929.142151,1.0,1056.279320646193,457.25292140938245
824,0.101562,-159.614777,-929.141968,1.0,1040.6753776461928,433.7633584093825
825,0.105469,-159.389923,-929.141785,1.0,1040.296349646193,459.1378394093825
826,0.105469,-159.16098,-929.141418,1.0,1014.2286616461929,523.8406284093825
827,0.101562,-158.932144,-929.141174,1.0,1029.683128646193,417.46395040938245
828,0.105469,-158.696182,-929.140686,1.0,1042.074425646193,393.89061640938246
829,0.101562,-158.446594,-929.140076,1.0,1150.591209646193,463.3428564093825
830,0.101562,-158.166626,-929.139282,1.0,1125.958214646193,501.60832840938247
831,0.109375,-157.810211,-929.137939,1.0,1159.4685906461928,494.44591440938245
832,0.109375,-157.405151,-929.136292,1.0,1121.152428646193,521.1744304093825
833,0.109375,-156.95549,-929.133728,1.0,1148.5697866461928,536.0537634093824
834,0.109375,-156.467209,-929.129944,1.0,1202.7918936461929,414.51897340938245
835,0.109375,-155.923538,-929.124451,1.0,1209.5263906461928,401.3158174093825
836,0.109375,-155.312256,-929.116699,1.0,1210.2738276461928,400.11580540938246
837,0.109375,-154.684586,-929.107178,1.0,1209.3539056461927,433.9210734093825
838,0.105469,-154.015213,-929.09552,1.0,1221.7770016461927,404.1028964093825
839,0.105469,-153.294586,-929.081116,1.0,1151.6495596461928,545.3276284093824
840,0.105469,-152.519913,-929.063843,1.0,1245.406029646193,395.75539340938246
841,0.113281,-151.675751,-929.043274,1.0,1283.5106436461929,359.32042640938243
842,0.113281,-150.754822,-929.01947,1.0,1320.0608146461927,350.9245824093825
843,0.109375,-149.796921,-928.995361,1.0,1521.9194576461928,341.0371314093825
844,0.113281,-148.785034,-928.977234,1.0,1558.542992646193,358.71138640938244
845,0.117188,-147.759933,-928.978333,1.0,1517.6920406461927,404.23638040938243
846,0.113281,-146.762482,-929.013794,1.0,1675.657860646193,376.55797440938244
847,0.113281,-145.836761,-929.098755,1.0,1685.0089346461928,320.82601040938243
848,0.105469,-144.954498,-929.243896,1.0,1772.998558646193,283.43367640938243
849,0.109375,-144.096725,-929.454163,1.0,1608.375389646193,325.57970340938243
850,0.113281,-143.245422,-929.74115,1.0,1538.8202136461928,338.7680884093825
851,0.113281,-142.430771,-930.108643,1.0,1526.654930646193,374.64989340938246
852,0.113281,-141.677536,-930.555359,1.0,1614.199974646193,358.03749740938247
853,0.109375,-141.038696,-931.040894,1.0,1583.226708646193,391.40331140938247
854,0.105469,-140.488998,-931.572144,1.0,1541.8938226461928,376.4719764093825
855,0.113281,-139.983231,-932.202209,1.0,1470.4590076461927,342.85683340938243
856,0.109375,-139.583847,-932.866943,1.0,1421.556664646193,382.15257940938244
857,0.101562,-139.303467,-933.508484,1.0,1378.404686646193,407.5933754093825
858,0.113281,-139.088943,-934.254578,1.0,1285.9027336461927,577.6459264093825
859,0.101562,-138.991043,-934.915222,1.0,1225.370628646193,461.88695440938244
860,0.105469,-138.978317,-935.594849,1.0,1235.562157646193,403.2018044093825
861,0.101562,-139.04512,-936.212708,1.0,1167.862633646193,465.83205340938247
862,0.101562,-139.18837,-936.822021,1.0,1056.5720446461928,682.3109044093825
863,0.105469,-139.393204,-937.413635,1.0,1025.340233646193,691.2891154093825
864,0.101562,-139.63092,-937.973022,1.0,933.5150996461929,653.2304604093824
865,0.113281,-139.919708,-938.578186,1.0,895.8131946461929,308.6030794093825
866,0.105469,-140.199478,-939.128906,1.0,878.0291986461929,315.68654540938246
867,0.101562,-140.47995,-939.675293,1.0,825.9844596461929,413.03557540938243
868,0.109375,-140.76918,-940.255676,1.0,750.000572646193,541.4125284093825
869,0.113281,-141.039841,-940.84259,1.0,730.8279046461929,578.9203404093824
870,0.109375,-141.266937,-941.415466,1.0,768.3321766461929,477.45378740938247
871,0.105469,-141.458771,-941.973145,1.0,749.7162716461929,513.2572544093824
872,0.109375,-141.631332,-942.553406,1.0,810.6433956461929,257.15279340938247
873,0.101562,-141.761673,-943.110779,1.0,816.6749506461929,271.70851840938246
874,0.105469,-141.83786,-943.658752,1.0,819.9486316461929,253.92046240938248
875,0.109375,-141.843338,-944.243042,1.0,845.1328356461929,271.70577140938246
876,0.105469,-141.776245,-944.806763,1.0,1386.251732646193,152.35567340938246
877,0.101562,-141.657608,-945.32135,1.0,1398.1758046461928,154.68038040938245
878,0.105469,-141.499786,-945.817627,1.0,1207.459251646193,246.73979840938244
879,0.105469,-141.307632,-946.340088,1.0,1011.8722156461929,201.94179440938245
880,0.105469,-141.08873,-946.827393,1.0,1003.3315666461929,216.24098840938245
881,0.105469,-140.839691,-947.301392,1.0,1005.6165396461929,203.54376940938246
882,0.105469,-140.569794,-947.747314,1.0,964.0912716461929,119.01244240938246
883,0.101562,-140.273132,-948.16864,1.0,964.0912716461929,119.01244240938246
884,0.113281,-139.904221,-948.635559,1.0,964.0912716461929,119.01244240938246
885,0.113281,-139.528976,-949.07782,1.0,964.0912716461929,119.01244240938246
886,0.113281,-139.150192,-949.513794,1.0,964.0912716461929,119.01244240938246
887,0.113281,-138.767487,-949.956177,0.0,165.0660636461929,-40.20673459061754
888,0.101562,-138.436844,-950.341064,1.0,1104.594750646193,276.8474954093825
889,0.101562,-138.091507,-950.740906,1.0,1106.261803646193,305.19206940938244
890,0.105469,-137.747955,-951.133179,1.0,1106.025902646193,324.00646140938244
891,0.109375,-137.385376,-951.543945,1.0,1126.256798646193,281.42058440938246
892,0.101562,-137.039093,-951.937622,1.0,1128.563927646193,298.7005224093825
893,0.105469,-136.702499,-952.329529,1.0,1112.8758776461927,285.9366984093825
894,0.113281,-136.338348,-952.778564,1.0,1142.7713246461929,304.12450340938244
895,0.101562,-136.040695,-953.18158,1.0,1149.918602646193,330.43886440938246
896,0.105469,-135.766266,-953.602844,1.0,1156.4649896461929,325.95915940938244
897,0.101562,-135.524857,-954.041077,1.0,1349.952416646193,200.93511140938244
898,0.105469,-135.315002,-954.515137,1.0,1338.8657466461927,176.06763340938247
899,0.109375,-135.150879,-955.006042,1.0,1254.7256096461929,368.44060440938244
900,0.113281,-135.031494,-955.524353,1.0,1021.1823356461929,-145.54547159061752
901,0.109375,-134.959793,-956.043945,1.0,1021.1823356461929,-145.54547159061752
902,0.109375,-134.931564,-956.552673,1.0,1021.1823356461929,-145.54547159061752
903,0.105469,-134.941055,-957.047058,1.0,1021.1823356461929,-145.54547159061752
904,0.101562,-134.985413,-957.534424,1.0,1072.020042646193,379.18465340938246
905,0.101562,-135.065094,-958.031738,1.0,1085.0652706461929,407.94478540938246
906,0.109375,-135.183456,-958.559448,1.0,1054.1906976461928,411.96437740938245
907,0.109375,-135.335052,-959.107971,1.0,1021.5722286461929,413.02843340938244
908,0.109375,-135.509186,-959.663757,1.0,963.805687646193,381.65602740938243
909,0.105469,-135.698944,-960.223022,1.0,932.5310906461929,383.10686440938247
910,0.109375,-135.899139,-960.782715,1.0,883.9806756461929,398.28856540938244
911,0.101562,-136.099594,-961.330078,1.0,908.5378656461929,300.54903340938245
912,0.101562,-136.300476,-961.873169,1.0,962.8569576461929,579.2668984093824
913,0.113281,-136.535492,-962.505981,1.0,928.373863646193,254.20680940938246
914,0.113281,-136.771927,-963.158142,1.0,938.8486566461929,211.87262640938246
915,0.101562,-136.972885,-963.736206,1.0,953.0251086461928,380.27251340938244
916,0.101562,-137.175598,-964.345581,1.0,934.4613276461929,271.8386454093825
917,0.109375,-137.381165,-964.993958,1.0,1385.0432366461928,281.88771740938245
918,0.109375,-137.592712,-965.694031,1.0,1362.6876456461928,194.98210840938245
919,0.109375,-137.790543,-966.383606,1.0,794.754356646193,601.4356604093824
920,0.105469,-137.98378,-967.094055,1.0,784.1168446461929,368.1222144093825
921,0.101562,-138.171799,-967.818665,1.0,747.953514646193,387.56740440938245
922,0.101562,-138.353821,-968.548218,1.0,339.87296364619294,261.7822484093825
923,0.101562,-138.537277,-969.310181,1.0,337.38062364619293,269.6635044093825
924,0.101562,-138.719757,-970.097961,1.0,643.085136646193,431.14662840938246
925,0.101562,-138.901123,-970.919373,1.0,788.6797716461929,477.7996744093824
926,0.101562,-139.075577,-971.758484,1.0,792.3382806461929,481.7924724093824
927,0.101562,-139.243469,-972.628906,1.0,781.295738646193,474.36144140938245
928,0.101562,-139.401474,-973.52417,1.0,784.041771646193,477.6544714093825
929,0.117188,-139.568649,-974.580688,1.0,805.095360646193,483.80651040938244
930,0.117188,-139.719971,-975.670044,1.0,826.3638546461929,499.49108040938245
931,0.113281,-139.849518,-976.746216,1.0,781.5020986461928,488.0298374093825
932,0.113281,-139.966583,-977.886719,1.0,803.3149036461929,508.57640740938245
933,0.117188,-140.071381,-979.112244,1.0,805.5436026461929,471.85613140938244
934,0.113281,-140.158676,-980.383728,1.0,820.7785876461929,460.3511874093825
935,0.101562,-140.221115,-981.562622,1.0,851.6257556461929,474.46001340938244
936,0.109375,-140.267517,-982.845703,1.0,837.3714226461929,457.04994840938247
937,0.105469,-140.289413,-984.152161,1.0,867.7393426461929,474.4349894093824
938,0.109375,-140.283707,-985.500854,1.0,858.1052486461929,451.9503394093825
939,0.101562,-140.24939,-986.794617,1.0,893.0412836461929,480.88255940938245
940,0.101562,-140.185486,-988.097107,1.0,902.1794666461929,467.4379794093825
941,0.113281,-140.07663,-989.581604,1.0,864.6419916461929,503.6108314093825
942,0.113281,-139.928192,-991.090454,1.0,945.0223626461928,450.52916640938247
943,0.101562,-139.770203,-992.405701,1.0,1019.3135006461929,488.47478440938244
944,0.117188,-139.558762,-993.947388,1.0,997.5802846461929,456.46190540938244
945,0.117188,-139.330994,-995.515564,1.0,843.6886836461929,604.0065834093824
946,0.101562,-139.145905,-996.831604,1.0,1009.5608756461929,461.3762424093825
947,0.113281,-138.963013,-998.321655,1.0,1018.8904046461929,460.37776840938244
948,0.101562,-138.840134,-999.617493,1.0,1009.2555166461929,478.7974764093825
949,0.113281,-138.749191,-1001.070435,1.0,1021.5453116461929,477.5446084093825
950,0.113281,-138.70459,-1002.505798,1.0,1003.3091056461928,438.2127904093825
951,0.109375,-138.69046,-1003.906494,1.0,958.3140496461929,429.30245140938246
952,0.113281,-138.682785,-1005.314514,1.0,991.8668446461929,629.5637734093824
953,0.105469,-138.660294,-1006.608154,1.0,1024.959068646193,812.7695834093824
954,0.109375,-138.606857,-1007.919006,1.0,984.7592396461929,582.7047644093825
955,0.105469,-138.519119,-1009.194092,1.0,959.2813346461929,450.41551840938246
956,0.117188,-138.383423,-1010.586426,1.0,973.5869986461929,426.31954140938245
957,0.113281,-138.22081,-1011.938049,1.0,999.1109246461929,469.85613140938244
958,0.105469,-138.057907,-1013.185547,1.0,994.1048206461929,479.27471040938246
959,0.105469,-137.902206,-1014.394165,1.0,1017.2319576461929,461.98851640938244
960,0.101562,-137.763168,-1015.568359,1.0,1018.4438106461929,483.0152504093825
961,0.105469,-137.638718,-1016.758606,1.0,1191.297508646193,525.5064004093824
962,0.105469,-137.529678,-1017.967407,1.0,1158.464073646193,586.4827794093825
963,0.109375,-137.434525,-1019.187439,1.0,1454.0339596461931,600.7128214093824
964,0.109375,-137.349792,-1020.414307,1.0,1508.4902576461927,645.9489664093825
965,0.113281,-137.271973,-1021.648682,1.0,1508.530907646193,654.0653604093825
966,0.109375,-137.200516,-1022.846741,1.0,1456.2175526461929,575.0308144093824
967,0.105469,-137.134262,-1023.984741,1.0,1262.349144646193,650.0947184093825
968,0.101562,-137.070679,-1025.092407,1.0,1053.2531976461928,506.1805944093825
969,0.105469,-137.007904,-1026.203003,1.0,1016.6845326461929,492.1631994093824
970,0.109375,-136.94458,-1027.341187,1.0,958.211937646193,477.82433240938246
971,0.113281,-136.878632,-1028.553589,1.0,975.3210076461929,518.8270174093825
972,0.113281,-136.817932,-1029.720581,1.0,923.422264646193,658.6321934093825
973,0.113281,-136.764297,-1030.851685,1.0,989.6674426461929,478.17290440938245
974,0.109375,-136.717087,-1031.985718,1.0,973.3042836461929,477.5483924093825
975,0.109375,-136.678406,-1033.086792,1.0,962.5306026461928,500.29656140938243
976,0.105469,-136.647934,-1034.147095,1.0,948.3758776461929,528.4422524093825
977,0.109375,-136.623932,-1035.200439,1.0,948.1408926461929,538.8060824093825
978,0.105469,-136.606079,-1036.223999,1.0,945.019981646193,524.0256264093824
979,0.105469,-136.593185,-1037.253784,1.0,940.0523306461929,516.5493694093825
980,0.109375,-136.584961,-1038.313599,1.0,938.5528796461929,523.6375034093825
981,0.109375,-136.581497,-1039.355713,1.0,941.8595206461929,517.8420324093825
982,0.117188,-136.581497,-1040.421021,1.0,952.5560536461929,515.8529574093825
983,0.105469,-136.584259,-1041.401001,1.0,950.078514646193,496.21019640938243
984,0.109375,-136.589371,-1042.398315,1.0,947.1728136461929,489.88945640938243
985,0.105469,-136.596268,-1043.345215,1.0,946.9105456461929,482.1653964093824
986,0.101562,-136.604706,-1044.245728,1.0,937.767235646193,466.1956094093825
987,0.113281,-136.61615,-1045.235352,1.0,952.8530506461929,468.78749740938247
988,0.113281,-136.629623,-1046.203735,1.0,957.903038646193,457.9305944093825
989,0.101562,-136.643356,-1047.076538,1.0,944.6946646461929,433.68413440938247
990,0.101562,-136.657455,-1047.931274,1.0,920.9757926461929,423.61141140938247
991,0.105469,-136.671143,-1048.763794,1.0,917.1586536461929,428.8556434093825
992,0.101562,-136.682877,-1049.498413,1.0,937.5498286461929,399.59548140938244
993,0.101562,-136.693115,-1050.180786,1.0,919.8281486461929,436.31914440938243
994,0.113281,-136.70311,-1050.899658,1.0,931.3139886461929,425.50612540938243
995,0.105469,-136.710938,-1051.510132,1.0,925.802940646193,406.87996540938246
996,0.109375,-136.71817,-1052.10376,1.0,886.2728506461929,411.2458414093825
997,0.109375,-136.724869,-1052.67627,1.0,903.6050036461929,408.42238540938246
998,0.109375,-136.731064,-1053.221069,1.0,906.4864126461929,414.4691384093825
999,0.101562,-136.736023,-1053.674927,1.0,904.5182726461929,425.94045140938243
1000,0.101562,-136.740494,-1054.108276,1.0,945.8739856461929,480.3357454093824
1001,0.101562,-136.744598,-1054.525269,1.0,961.9989856461929,485.9746614093824
1002,0.113281,-136.748917,-1054.995972,1.0,864.3606806461929,496.8217074093825
1003,0.101562,-136.752518,-1055.416626,1.0,863.0783926461929,532.8502114093825
1004,0.109375,-136.756134,-1055.865356,1.0,867.3200306461929,499.6010044093824
1005,0.109375,-136.75943,-1056.300049,1.0,883.2192616461929,496.6113194093824
1006,0.105469,-136.762451,-1056.726318,1.0,897.1859976461928,511.5876994093825
1007,0.109375,-136.765228,-1057.150513,1.0,881.2795646461929,506.6024694093825
1008,0.113281,-136.767807,-1057.580078,1.0,871.7829826461929,495.3696204093825
1009,0.109375,-136.770065,-1058.003906,1.0,881.1017696461929,557.2587804093824
1010,0.101562,-136.771835,-1058.376343,1.0,880.8405996461929,516.0610874093825
1011,0.101562,-136.773468,-1058.757324,1.0,910.7460566461929,527.6796794093824
1012,0.113281,-136.775024,-1059.167236,1.0,900.4129876461928,530.6317054093824
1013,0.113281,-136.776352,-1059.571533,1.0,886.7361076461929,506.0593174093824
1014,0.109375,-136.777405,-1059.958618,1.0,894.6001216461929,500.04704940938245
1015,0.105469,-136.778259,-1060.333008,1.0,896.6767816461929,482.54344840938245
1016,0.109375,-136.7789,-1060.69104,1.0,865.5963366461929,511.22698140938246
1017,0.101562,-136.779312,-1061.009521,1.0,884.112511646193,509.2686074093824
1018,0.113281,-136.779587,-1061.3396,1.0,899.030968646193,512.3524694093825
1019,0.101562,-136.779694,-1061.615356,1.0,888.4015736461929,493.1769324093824
1020,0.109375,-136.779709,-1061.905396,1.0,885.5130846461929,508.90111440938244
1021,0.113281,-136.779617,-1062.175903,1.0,865.5588006461929,502.6849894093824
1022,0.109375,-136.779449,-1062.43103,1.0,900.0496456461929,509.0554114093825
1023,0.105469,-136.779221,-1062.660156,1.0,894.8954706461928,509.7717204093825
1024,0.109375,-136.778931,-1062.886719,1.0,891.2738886461929,525.8469154093824
1025,0.109375,-136.77858,-1063.090454,1.0,890.3440176461929,536.4444494093824
1026,0.105469,-136.778275,-1063.272339,1.0,943.305687646193,373.00109040938247
1027,0.105469,-136.777939,-1063.438965,1.0,992.6036616461929,213.23992040938245
1028,0.105469,-136.777603,-1063.592896,1.0,857.8655636461929,462.87428940938247
1029,0.113281,-136.777267,-1063.733276,1.0,885.0219966461929,517.8462444093825
1030,0.113281,-136.776901,-1063.857544,1.0,877.7834096461929,485.38237640938246
1031,0.101562,-136.776657,-1063.950317,1.0,874.596031646193,478.6124184093825
1032,0.109375,-136.776413,-1064.033936,1.0,887.821495646193,486.63841940938244
1033,0.109375,-136.77623,-1064.097168,1.0,874.8907706461929,483.9003214093824
1034,0.109375,-136.776108,-1064.140259,1.0,862.5065546461929,484.4540324093824
1035,0.109375,-136.776016,-1064.162842,1.0,861.723106646193,464.9557414093825
1036,0.109375,-136.776016,-1064.166626,1.0,870.4356316461929,477.4200964093825
1037,0.113281,-136.776031,-1064.164551,1.0,873.139305646193,478.7809974093825
1038,0.113281,-136.776047,-1064.162109,1.0,868.4209826461929,490.49431540938247
1039,0.101562,-136.776047,-1064.161499,1.0,860.3380366461929,503.58360940938246
1040,0.101562,-136.776047,-1064.161987,1.0,853.7635126461929,510.9106364093825
1041,0.109375,-136.776047,-1064.163208,1.0,859.2344596461929,503.4729534093825
1042,0.109375,-136.776047,-1064.163452,1.0,862.7644276461929,506.3167034093825
1043,0.105469,-136.776047,-1064.16333,1.0,857.3669056461929,512.3706584093825
1044,0.109375,-136.776047,-1064.163208,1.0,857.6108636461929,509.4832674093825
1045,0.113281,-136.776047,-1064.163086,1.0,832.9424066461929,526.1212074093825
1046,0.101562,-136.776047,-1064.163086,1.0,857.865257646193,525.1375034093825
1047,0.101562,-136.776047,-1064.163208,1.0,864.9770746461929,505.7025674093825
1048,0.101562,-136.776047,-1064.163208,1.0,854.6222766461929,488.4218054093825
1049,0.109375,-136.776047,-1064.163208,1.0,863.2226796461929,504.26647140938246
1050,0.113281,-136.776062,-1064.16333,1.0,870.1870966461929,479.7193514093825
1051,0.105469,-136.776047,-1064.163208,1.0,858.5260246461929,473.5490634093825
1052,0.105469,-136.776047,-1064.163208,1.0,851.651329646193,497.97923940938244
1053,0.105469,-136.776047,-1064.163208,1.0,853.2331776461929,479.6704624093825
1054,0.109375,-136.776047,-1064.163208,1.0,825.682579646193,496.56029440938244
1055,0.109375,-136.776047,-1064.163208,1.0,821.387413646193,492.5735384093824
1056,0.113281,-136.776047,-1064.163208,1.0,1035.7588126461928,586.2297884093824
1057,0.109375,-136.776047,-1064.163208,1.0,1036.231224646193,650.8155434093825
1058,0.101562,-136.776047,-1064.163208,1.0,1056.423607646193,667.8145054093825
1059,0.109375,-136.776047,-1064.163208,1.0,1027.1694576461928,683.1434244093824
1060,0.109375,-136.776031,-1064.163208,1.0,889.0874866461929,498.55718140938245
1061,0.105469,-136.776047,-1064.163208,1.0,911.089501646193,500.1694254093825
1062,0.105469,-136.776047,-1064.163208,1.0,901.9689566461929,475.86693440938245
1063,0.113281,-136.776047,-1064.163818,1.0,792.9622426461929,459.60216440938245
1064,0.105469,-136.776047,-1064.166504,1.0,792.4601676461929,457.81957140938243
1065,0.101562,-136.776047,-1064.171509,1.0,779.4045036461929,462.32329440938247
1066,0.101562,-136.776047,-1064.178467,1.0,770.3866206461929,454.7824924093825
1067,0.105469,-136.776047,-1064.187622,1.0,771.8520136461929,404.97859840938247
1068,0.105469,-136.775986,-1064.199707,1.0,767.2968376461929,404.62090240938244
1069,0.113281,-136.775909,-1064.216797,1.0,768.7538076461929,407.43208940938246
1070,0.109375,-136.775803,-1064.244263,1.0,922.9688956461929,455.4462194093825
1071,0.109375,-136.775589,-1064.294556,1.0,956.8235096461929,493.1747354093825
1072,0.113281,-136.77504,-1064.388794,1.0,959.5918816461929,471.57796340938245
1073,0.101562,-136.774017,-1064.516357,1.0,1031.5960316461928,470.95073640938244
1074,0.113281,-136.771881,-1064.712036,1.0,1058.892479646193,574.2652504093825
1075,0.105469,-136.768509,-1064.94104,1.0,1066.1730586461929,648.1429964093825
1076,0.113281,-136.763,-1065.230347,1.0,1027.2256096461929,568.8409944093825
1077,0.105469,-136.755249,-1065.556274,1.0,1043.8716056461928,628.1053994093825
1078,0.105469,-136.744537,-1065.921143,1.0,1045.885399646193,646.2065954093824
1079,0.101562,-136.730164,-1066.311646,1.0,605.797478646193,431.4444194093825
1080,0.109375,-136.706909,-1066.800537,1.0,408.5550316461929,377.00621740938243
1081,0.101562,-136.678314,-1067.269287,1.0,385.38953464619294,370.8560704093825
1082,0.105469,-136.635773,-1067.82666,1.0,426.2402886461929,370.19423540938243
1083,0.105469,-136.579849,-1068.425171,1.0,641.4574516461929,437.18218140938245
1084,0.109375,-136.506668,-1069.078003,1.0,840.6503536461929,512.6151034093824
1085,0.113281,-136.410126,-1069.797485,1.0,843.0614246461929,547.6410434093824
1086,0.109375,-136.289459,-1070.553711,1.0,774.2986686461929,492.00414140938244
1087,0.105469,-136.147217,-1071.310791,1.0,797.1991816461929,485.3281774093824
1088,0.101562,-135.979492,-1072.077515,1.0,636.186485646193,464.87261140938244
1089,0.101562,-135.781494,-1072.862183,1.0,523.9886406461928,411.5313944093825
1090,0.101562,-135.550232,-1073.659058,1.0,545.4423146461929,423.76280840938244
1091,0.113281,-135.232208,-1074.600098,1.0,537.4154286461928,459.0263284093825
1092,0.105469,-134.892303,-1075.461182,1.0,566.2572256461929,454.83800440938245
1093,0.105469,-134.487259,-1076.347046,1.0,558.1263666461929,432.42473540938244
1094,0.109375,-133.990723,-1077.277466,1.0,558.5807726461928,437.99367440938244
1095,0.109375,-133.439102,-1078.159424,1.0,580.8266536461929,608.9078284093824
1096,0.105469,-132.826111,-1079.001465,1.0,591.5919116461929,430.25981840938243
1097,0.101562,-132.157272,-1079.7948,1.0,604.7450496461929,450.99562740938245
1098,0.113281,-131.317368,-1080.649414,1.0,632.882500646193,434.47991140938245
1099,0.113281,-130.381409,-1081.456787,1.0,615.5042046461929,451.0175694093825
1100,0.105469,-129.4646,-1082.125244,1.0,652.2618946461929,492.71941240938247
1101,0.105469,-128.489853,-1082.71936,1.0,642.5146716461929,499.36125840938246
1102,0.105469,-127.467278,-1083.223145,1.0,642.690727646193,399.43526340938246
1103,0.113281,-126.357681,-1083.640381,1.0,692.280968646193,494.6857214093825
1104,0.113281,-125.211182,-1083.939331,1.0,706.0019156461929,367.13564240938246
1105,0.113281,-124.068871,-1084.111938,1.0,762.2695546461929,364.7859414093825
1106,0.109375,-122.964073,-1084.164917,1.0,818.5138786461929,335.6461704093825
1107,0.109375,-121.883881,-1084.111572,1.0,878.1366206461929,348.33550140938246
1108,0.105469,-120.855019,-1083.9646,1.0,976.0785756461929,488.12395340938247
1109,0.105469,-119.828102,-1083.744873,1.0,982.1345446461929,499.6271274093824
1110,0.101562,-118.884979,-1083.50354,1.0,1131.935021646193,531.8611974093825
1111,0.101562,-117.938751,-1083.249146,1.0,1172.230187646193,525.7877114093825
1112,0.117188,-116.881447,-1082.970947,1.0,1197.581688646193,518.1223674093825
1113,0.113281,-115.837814,-1082.713867,1.0,1221.3606196461928,508.90624140938246
1114,0.109375,-114.837418,-1082.482544,1.0,1255.6837396461929,510.9139324093825
1115,0.109375,-113.831741,-1082.255371,1.0,1256.059349646193,522.7484654093824
1116,0.109375,-112.860664,-1082.032837,1.0,1264.844383646193,519.6017374093825
1117,0.109375,-111.907463,-1081.807861,1.0,1208.734764646193,515.0524204093824
1118,0.109375,-110.952774,-1081.578735,1.0,1214.0294426461928,536.3159094093825
1119,0.109375,-109.976524,-1081.346191,1.0,1203.0713126461928,513.6959754093824
1120,0.109375,-109.005943,-1081.122559,1.0,1104.7239006461928,587.8736484093824
1121,0.117188,-108.013351,-1080.907471,1.0,1125.426476646193,576.1467814093825
1122,0.117188,-107.009521,-1080.707397,1.0,1105.4206776461929,465.5053624093825
1123,0.113281,-106.033989,-1080.531738,1.0,1127.3114246461928,471.78325540938243
1124,0.105469,-105.116936,-1080.382935,1.0,1186.241478646193,349.86083140938246
1125,0.109375,-104.203598,-1080.249512,1.0,1350.316795646193,171.92783240938246
1126,0.105469,-103.302452,-1080.131348,1.0,1269.2912836461928,266.00215840938245
1127,0.109375,-102.426514,-1080.028931,1.0,1087.555748646193,443.75755940938245
1128,0.109375,-101.570358,-1079.940552,1.0,1061.284813646193,491.6635654093825
1129,0.109375,-100.745552,-1079.865723,1.0,1037.043907646193,523.5825724093825
1130,0.113281,-99.949692,-1079.801758,1.0,1013.5635006461929,524.5684734093825
1131,0.113281,-99.175934,-1079.746338,1.0,940.0400016461929,551.8759684093825
1132,0.113281,-98.413452,-1079.698242,1.0,928.9113396461929,561.7954624093825
1133,0.101562,-97.73526,-1079.6604,1.0,909.3597036461929,550.4156404093825
1134,0.109375,-96.991463,-1079.624512,1.0,916.1897206461929,532.0719524093824
1135,0.113281,-96.242058,-1079.594727,1.0,919.278221646193,546.7070224093825
1136,0.109375,-95.512505,-1079.572266,1.0,908.0667346461929,531.4500644093824
1137,0.109375,-94.749756,-1079.555786,1.0,906.697350646193,545.2070834093824
1138,0.101562,-94.040588,-1079.546753,1.0,898.833336646193,534.7954624093825
1139,0.101562,-93.310097,-1079.542969,1.0,897.3119136461929,541.9918124093824
1140,0.113281,-92.510727,-1079.544312,1.0,987.5019156461929,535.8682774093825
1141,0.113281,-91.699089,-1079.550171,1.0,990.4515616461929,534.6534334093825
1142,0.109375,-90.876053,-1079.560303,1.0,978.9348986461929,539.9322424093824
1143,0.109375,-90.065323,-1079.573242,1.0,982.0405506461929,572.9174114093825
1144,0.105469,-89.252975,-1079.587891,1.0,990.7217646461929,570.5476604093825
1145,0.105469,-88.443779,-1079.603394,1.0,981.7782826461929,557.1985994093825
1146,0.109375,-87.593079,-1079.620239,1.0,981.395836646193,549.6689974093824
1147,0.109375,-86.706161,-1079.637329,1.0,734.315636646193,517.5430824093825
1148,0.105469,-85.811447,-1079.651855,1.0,479.8113336461929,531.9733194093825
1149,0.113281,-84.87056,-1079.662476,1.0,513.2553946461928,515.5185464093825
1150,0.113281,-83.919037,-1079.668213,1.0,573.8989496461929,523.1428134093825
1151,0.109375,-82.955505,-1079.669189,1.0,571.085167646193,521.0550454093825
1152,0.105469,-82.010445,-1079.668091,1.0,406.2487266461929,437.97939240938246
1153,0.105469,-81.069511,-1079.66687,1.0,1046.3872306461928,406.10228640938243
1154,0.105469,-80.104004,-1079.666992,1.0,1047.469383646193,517.8218294093824
1155,0.109375,-79.088448,-1079.669922,1.0,1013.4725576461929,538.3948274093824
1156,0.101562,-78.163841,-1079.675415,1.0,1021.2395256461929,518.6238924093825
1157,0.109375,-77.082184,-1079.685181,1.0,1010.5514766461929,532.7915564093825
1158,0.113281,-75.94529,-1079.698608,1.0,995.1430286461929,531.8304354093824
1159,0.109375,-74.805756,-1079.7146,1.0,975.4655996461929,491.04827040938244
1160,0.113281,-73.575752,-1079.733398,1.0,981.8946156461928,484.88860240938243
1161,0.105469,-72.363541,-1079.751953,1.0,978.259850646193,487.61797240938245
1162,0.105469,-71.132317,-1079.768677,1.0,968.5217516461929,495.1060094093824
1163,0.105469,-69.843452,-1079.782104,1.0,960.9118886461929,469.2096164093825
1164,0.105469,-68.558556,-1079.790649,1.0,1004.3778316461929,460.16335240938247
1165,0.105469,-67.258141,-1079.793823,1.0,1028.2644276461929,457.86580540938246
1166,0.105469,-65.918968,-1079.79187,1.0,1020.3423696461929,475.7880774093825
1167,0.109375,-64.558075,-1079.784546,1.0,1040.322594646193,493.47667640938243
1168,0.109375,-63.162361,-1079.772461,1.0,997.1332636461929,486.09715940938247
1169,0.109375,-61.735508,-1079.757324,1.0,992.9252556461929,490.3044954093824
1170,0.113281,-60.286392,-1079.739258,1.0,1004.3546986461929,536.4922404093825
1171,0.101562,-58.975651,-1079.721191,1.0,990.835045646193,554.6754064093825
1172,0.105469,-57.570011,-1079.700317,1.0,1040.922264646193,541.7134314093825
1173,0.105469,-56.217041,-1079.679199,1.0,1063.733605646193,532.5630404093824
1174,0.105469,-54.857166,-1079.658325,1.0,1070.3498156461928,520.1444614093824
1175,0.101562,-53.484982,-1079.637939,1.0,1065.969872646193,326.50609540938245
1176,0.113281,-52.01199,-1079.61792,1.0,1101.558495646193,200.14028040938246
1177,0.109375,-50.559986,-1079.600464,1.0,1101.558495646193,200.14028040938246
1178,0.101562,-49.186543,-1079.58606,1.0,700.673485646193,326.83617340938247
1179,0.101562,-47.826626,-1079.574219,1.0,1000.6916126461929,402.18373740938245
1180,0.113281,-46.319248,-1079.564209,1.0,951.0396356461929,536.0903234093824
1181,0.113281,-44.7659,-1079.557739,1.0,1006.751427646193,457.67180540938244
1182,0.105469,-43.354252,-1079.55542,1.0,1011.5671016461929,486.1870644093824
1183,0.101562,-41.951729,-1079.556274,1.0,1027.259056646193,481.8524084093824
1184,0.105469,-40.522453,-1079.560181,1.0,1028.3008046461928,489.1487344093824
1185,0.101562,-39.080509,-1079.565552,1.0,1040.8845446461928,522.1449504093824
1186,0.109375,-37.575996,-1079.572266,1.0,1089.912560646193,493.2540194093824
1187,0.109375,-36.084038,-1079.578857,1.0,1058.4423456461927,514.9308384093824
1188,0.109375,-34.519413,-1079.584595,1.0,1077.0731436461929,516.6110144093825
1189,0.105469,-33.078667,-1079.589355,1.0,1061.174828646193,496.3931194093825
1190,0.101562,-31.627447,-1079.593628,1.0,1071.178307646193,505.84136140938244
1191,0.113281,-30.030996,-1079.596924,1.0,1092.9520496461928,475.01891240938244
1192,0.101562,-28.60693,-1079.598145,1.0,1048.926354646193,474.3237224093824
1193,0.105469,-27.107344,-1079.597046,1.0,1013.5642936461929,457.2250584093825
1194,0.109375,-25.618683,-1079.59314,1.0,1038.778893646193,426.5763774093825
1195,0.105469,-24.167597,-1079.58667,1.0,987.348778646193,472.84563340938246
1196,0.101562,-22.765484,-1079.577759,1.0,1014.6330196461929,447.53505640938243
1197,0.109375,-21.338285,-1079.566406,1.0,1027.7295156461928,403.86675140938246
1198,0.105469,-19.977264,-1079.553589,1.0,1019.7341546461929,390.38948740938247
1199,0.101562,-18.756557,-1079.540283,1.0,1016.6242306461929,380.10704740938246
1200,0.101562,-17.630386,-1079.526733,1.0,1026.8297966461928,423.3385534093825
1201,0.113281,-16.449699,-1079.51123,1.0,1020.6122676461929,471.62828740938244
1202,0.105469,-15.438986,-1079.497559,1.0,970.5710076461929,410.28472040938243
1203,0.101562,-14.577768,-1079.48584,1.0,1045.055504646193,525.2892374093825
1204,0.113281,-13.733704,-1079.474609,1.0,1022.3248526461929,599.7106234093825
1205,0.109375,-13.005062,-1079.465576,1.0,1040.2872546461929,392.08003940938244
1206,0.113281,-12.354095,-1079.459351,1.0,985.8981556461929,480.3226844093824
1207,0.113281,-11.828372,-1079.455933,1.0,1021.647728646193,423.1436684093824
1208,0.105469,-11.430693,-1079.454834,1.0,967.9126216461929,368.4360874093825
1209,0.105469,-11.12534,-1079.454834,1.0,949.8703846461929,365.59862440938247
1210,0.105469,-10.841769,-1079.4552,1.0,921.8288196461929,295.0550754093825
1211,0.105469,-10.560182,-1079.455444,1.0,902.7148066461929,340.98641140938247
1212,0.105469,-10.274458,-1079.455444,1.0,961.8847286461929,359.57118940938244
1213,0.109375,-9.976725,-1079.455322,1.0,970.2885976461929,361.50655240938244
1214,0.105469,-9.6838,-1079.455078,1.0,1018.887413646193,382.08110740938247
1215,0.105469,-9.384175,-1079.455322,1.0,994.7695546461929,399.88399440938247
1216,0.113281,-9.081047,-1079.456055,1.0,997.9427726461929,372.63426840938246
1217,0.105469,-8.79332,-1079.456787,1.0,1026.065514646193,434.0702734093825
1218,0.101562,-8.515868,-1079.45813,1.0,1009.0794306461929,439.25575940938245
1219,0.101562,-8.236581,-1079.459473,1.0,986.8203966461929,471.4166784093825
1220,0.113281,-7.92349,-1079.461304,1.0,976.8629996461929,317.16554940938244
1221,0.105469,-7.63134,-1079.463379,1.0,944.2121816461929,325.31603140938245
1222,0.105469,-7.343026,-1079.464844,1.0,873.5606926461929,348.3245764093825
1223,0.105469,-7.054931,-1079.466187,1.0,969.1621936461929,356.66976040938243
1224,0.105469,-6.76235,-1079.467407,1.0,913.3944936461929,356.06093540938247
1225,0.105469,-6.466736,-1079.468628,1.0,880.544518646193,441.6116554093825
1226,0.109375,-6.158522,-1079.470459,1.0,958.6031726461929,217.01323640938244
1227,0.105469,-5.841787,-1079.472412,1.0,821.7951896461929,335.35347640938244
1228,0.105469,-5.51772,-1079.474365,1.0,1070.5297476461928,343.28435440938244
1229,0.105469,-5.184331,-1079.476318,1.0,990.978600646193,378.18550740938247
1230,0.105469,-4.835062,-1079.477783,1.0,1004.5820546461929,404.73680740938244
1231,0.105469,-4.462891,-1079.479126,1.0,1005.9313586461928,391.21654440938244
1232,0.113281,-4.041429,-1079.480713,1.0,986.8449946461928,369.73473240938245
1233,0.113281,-3.595225,-1079.482544,1.0,968.9568106461929,386.04628640938245
1234,0.105469,-3.140289,-1079.484497,1.0,996.0166256461929,380.7582924093825
1235,0.105469,-2.64692,-1079.487305,1.0,995.0544056461929,418.0321574093825
1236,0.105469,-2.140161,-1079.491089,1.0,1002.8518306461929,414.90798140938244
1237,0.105469,-1.59779,-1079.495483,1.0,1020.4175646461929,439.6782754093825
1238,0.109375,-1.05923,-1079.500488,1.0,1006.273583646193,454.64586540938245
1239,0.105469,-0.554303,-1079.505737,1.0,989.3664176461929,475.85094340938247
1240,0.113281,-0.01292,-1079.511597,1.0,1018.6318596461929,458.85164540938246
1241,0.101562,0.468796,-1079.517456,1.0,1011.7973866461929,470.53880940938245
1242,0.101562,0.940192,-1079.523071,1.0,1023.0260246461929,465.51125240938245
1243,0.105469,1.419574,-1079.529541,1.0,1017.7593006461929,455.06111840938246
1244,0.105469,1.887563,-1079.535889,1.0,988.2483756461929,517.2006754093825
1245,0.101562,2.338635,-1079.542603,1.0,980.8531726461929,495.6204134093824
1246,0.109375,2.819816,-1079.549927,1.0,971.037315646193,478.9226604093825
1247,0.109375,3.288801,-1079.557495,1.0,985.032677646193,495.8984294093824
1248,0.109375,3.753135,-1079.565552,1.0,1018.3166126461929,550.8447184093825
1249,0.113281,4.217578,-1079.573853,1.0,1082.013329646193,458.9810704093825
1250,0.105469,4.642395,-1079.581665,1.0,993.4873896461929,449.02876940938245
1251,0.113281,5.065133,-1079.589844,1.0,1004.5322506461929,431.49285040938247
1252,0.105469,5.434928,-1079.597168,1.0,986.2159656461929,451.0134494093825
1253,0.109375,5.765855,-1079.603882,1.0,984.6236196461929,427.93740040938246
1254,0.109375,6.064007,-1079.610107,1.0,982.7627796461929,449.47035940938247
1255,0.105469,6.305255,-1079.615234,1.0,980.2590566461929,446.63765640938243
1256,0.105469,6.474365,-1079.618896,1.0,991.1363146461929,427.89070840938246
1257,0.101562,6.564687,-1079.62085,1.0,992.7213976461929,414.10027240938246
1258,0.105469,6.582948,-1079.620972,1.0,1004.2599726461929,414.23946340938244
1259,0.105469,6.574068,-1079.621094,1.0,1020.3503656461929,418.4139324093825
1260,0.109375,6.561687,-1079.620728,1.0,1008.6993646461929,412.3466404093825
1261,0.109375,6.556948,-1079.620728,1.0,1038.1093986461929,384.67674940938247
1262,0.109375,6.559438,-1079.620728,1.0,1048.392418646193,414.12398440938244
1263,0.113281,6.564099,-1079.620728,1.0,1016.0257196461929,425.31954140938245
1264,0.105469,6.566344,-1079.62085,1.0,1048.357750646193,436.98610640938244
1265,0.105469,6.56591,-1079.62085,1.0,1050.047997646193,416.30818840938247
1266,0.101562,6.564369,-1079.62085,1.0,1232.315453646193,410.49382740938245
1267,0.101562,6.56325,-1079.62085,1.0,1060.892784646193,236.08559340938245
1268,0.101562,6.56317,-1079.62085,1.0,1060.892784646193,236.08559340938245
1269,0.105469,6.563732,-1079.62085,1.0,1075.1780636461929,386.17351440938245
1270,0.105469,6.564254,-1079.62085,1.0,1079.092430646193,496.2923494093825
1271,0.105469,6.564397,-1079.620728,1.0,895.599632646193,537.7711094093825
1272,0.105469,6.564222,-1079.62085,1.0,885.340721646193,558.1536174093825
1273,0.101562,6.564,-1079.62085,1.0,936.5739376461929,590.7583534093825
1274,0.105469,6.5639,-1079.62085,1.0,972.5100336461929,596.4378574093824
1275,0.109375,6.56394,-1079.62085,1.0,984.9862296461929,541.0708534093825
1276,0.101562,6.564026,-1079.62085,1.0,909.6449206461929,330.0791234093825
1277,0.101562,6.564084,-1079.62085,1.0,900.8928456461929,295.98421340938245
1278,0.101562,6.564084,-1079.62085,1.0,941.0369496461929,279.3346164093825
1279,0.113281,6.564049,-1079.62085,1.0,954.6936886461929,310.82707840938247
1280,0.109375,6.564021,-1079.62085,1.0,1345.781761646193,159.70188040938245
1281,0.113281,6.564017,-1079.62085,1.0,1330.020409646193,205.30359540938247
1282,0.101562,6.564028,-1079.62085,1.0,1018.2004016461929,367.10991540938244
1283,0.105469,6.56404,-1079.62085,1.0,999.935326646193,452.6787024093825
1284,0.105469,6.564044,-1079.62085,1.0,1006.7625356461929,502.21654440938244
1285,0.105469,6.564039,-1079.62085,1.0,969.6273426461929,442.98268840938243
1286,0.105469,6.564034,-1079.620728,1.0,927.3498766461929,393.68233440938246
1287,0.101562,6.564033,-1079.62085,1.0,960.8465206461929,401.3734964093825
1288,0.101562,6.564033,-1079.62085,1.0,996.954735646193,500.13597740938246
1289,0.101562,6.564034,-1079.62085,1.0,980.0575186461929,527.7886264093825
1290,0.105469,6.564035,-1079.62085,1.0,967.9891596461929,496.9788124093825
1291,0.113281,6.564945,-1079.62085,1.0,975.662132646193,478.43767440938245
1292,0.109375,6.568268,-1079.62085,1.0,962.1273426461929,432.22270840938245
1293,0.109375,6.573998,-1079.62085,1.0,967.3166126461929,465.40911040938244
1294,0.109375,6.58213,-1079.62085,1.0,961.3603136461929,456.33904140938245
1295,0.105469,6.592432,-1079.62085,1.0,959.7464226461929,442.05260340938247
1296,0.101562,6.604144,-1079.62085,1.0,960.7898186461929,478.8553384093825
1297,0.105469,6.618441,-1079.621216,1.0,949.4972156461929,504.3063884093824
1298,0.101562,6.634194,-1079.621826,1.0,937.2324456461929,454.88375040938246
1299,0.101562,6.652043,-1079.622437,1.0,914.1074456461929,476.19847740938246
1300,0.101562,6.672122,-1079.623047,1.0,938.3017816461929,469.31233840938245
1301,0.101562,6.694926,-1079.623657,1.0,946.0026476461929,488.5397864093825
1302,0.105469,6.722903,-1079.624146,1.0,933.8490226461929,478.20555740938244
1303,0.109375,6.761907,-1079.624878,1.0,930.6263666461929,494.0138464093825
1304,0.105469,6.816731,-1079.626221,1.0,927.8733756461929,468.62834840938245
1305,0.105469,6.895328,-1079.62793,1.0,902.7295766461929,469.31914440938243
1306,0.109375,7.010542,-1079.630493,1.0,899.4745716461929,452.44652440938245
1307,0.113281,7.17403,-1079.634277,1.0,956.588829646193,459.1986304093825
1308,0.113281,7.390354,-1079.639282,1.0,962.7444696461929,471.94884440938245
1309,0.109375,7.65541,-1079.645386,1.0,958.1762926461929,475.0844034093825
1310,0.105469,7.944785,-1079.6521,1.0,891.0103996461929,479.36229640938245
1311,0.101562,8.270042,-1079.65918,1.0,897.6679316461929,468.5353304093825
1312,0.109375,8.668978,-1079.667847,1.0,890.8680656461929,488.39336340938246
1313,0.105469,9.106939,-1079.677246,1.0,949.6457146461929,523.7526774093825
1314,0.105469,9.583651,-1079.687012,1.0,948.6416866461929,521.7123934093825
1315,0.109375,10.119773,-1079.697144,1.0,943.9472286461929,511.1053384093825
1316,0.101562,10.658091,-1079.706421,1.0,951.3261346461929,501.9049594093825
1317,0.113281,11.332716,-1079.717041,1.0,882.3181386461929,445.89339340938244
1318,0.101562,11.953858,-1079.724976,1.0,923.8220446461929,438.68547740938243
1319,0.113281,12.706503,-1079.732178,1.0,877.559471646193,434.60314040938243
1320,0.109375,13.467619,-1079.736084,1.0,857.3089226461929,424.84822740938245
1321,0.113281,14.250592,-1079.735352,1.0,846.9376456461929,423.11229640938245
1322,0.113281,15.062502,-1079.728394,1.0,828.5916986461929,412.44902740938244
1323,0.105469,15.840525,-1079.713745,1.0,801.9915396461929,413.08364040938244
1324,0.113281,16.595736,-1079.689819,1.0,799.9181146461929,409.73104040938244
1325,0.101562,17.289131,-1079.657227,1.0,794.9410636461929,404.0056374093825
1326,0.105469,18.004225,-1079.609619,1.0,778.002464646193,389.20650440938243
1327,0.105469,18.696249,-1079.548096,1.0,754.2057726461929,433.0077734093825
1328,0.105469,19.369568,-1079.471436,1.0,759.1525506461929,402.3840554093825
1329,0.105469,20.042465,-1079.375732,1.0,749.8744136461929,383.07094440938243
1330,0.105469,20.692446,-1079.264893,1.0,687.6457756461929,409.13579440938247
1331,0.109375,21.373569,-1079.129028,1.0,672.8290336461929,426.91564040938243
1332,0.113281,22.024088,-1078.977783,1.0,598.6970146461929,498.7343054093825
1333,0.109375,22.672796,-1078.803711,1.0,567.4717336461929,411.1896884093825
1334,0.101562,23.242121,-1078.63147,1.0,556.9714286461929,390.43816240938247
1335,0.113281,23.857424,-1078.422729,1.0,569.5460436461929,491.0640174093825
1336,0.109375,24.444635,-1078.199463,1.0,576.0175406461929,429.6985384093825
1337,0.113281,25.013577,-1077.959595,1.0,541.5909966461929,370.25011340938244
1338,0.113281,25.572531,-1077.700439,1.0,552.125298646193,401.12117640938243
1339,0.109375,26.098732,-1077.43335,1.0,541.6540456461929,409.37197040938247
1340,0.105469,26.594515,-1077.159546,1.0,540.336388646193,410.74559740938247
1341,0.105469,27.067142,-1076.876099,1.0,568.8883596461928,416.85451440938243
1342,0.105469,27.516813,-1076.58374,1.0,538.4904106461929,382.07332540938245
1343,0.109375,27.972534,-1076.262939,1.0,530.8628166461929,391.6931374093825
1344,0.101562,28.365238,-1075.964844,1.0,534.0747616461929,382.31191140938245
1345,0.105469,28.771458,-1075.634399,1.0,561.3135306461929,389.39012840938244
1346,0.105469,29.158838,-1075.296753,1.0,530.0880056461929,376.78053940938247
1347,0.105469,29.526333,-1074.954468,1.0,620.5090876461929,378.1869424093825
1348,0.113281,29.891796,-1074.591064,1.0,666.4144826461929,368.0428074093825
1349,0.105469,30.231943,-1074.230225,1.0,716.9644396461929,367.86675140938246
1350,0.101562,30.540453,-1073.881836,1.0,736.963646646193,392.7422404093825
1351,0.109375,30.871161,-1073.484131,1.0,766.1962516461929,394.93132740938245
1352,0.109375,31.195423,-1073.067871,1.0,718.1560296461929,427.40788940938245
1353,0.101562,31.479885,-1072.681152,1.0,559.0399406461929,402.77541240938245
1354,0.109375,31.797462,-1072.222656,1.0,552.1855396461929,392.49642140938244
1355,0.105469,32.082146,-1071.78418,1.0,555.823021646193,410.45345240938246
1356,0.109375,32.38913,-1071.276245,1.0,551.7545096461929,400.19045140938243
1357,0.105469,32.664616,-1070.781494,1.0,582.9997796461929,393.27916640938247
1358,0.109375,32.933315,-1070.255493,1.0,570.0563286461929,345.59310040938243
1359,0.105469,33.187241,-1069.709106,1.0,759.7062006461929,377.0560214093825
1360,0.105469,33.434212,-1069.120605,1.0,782.5600826461929,405.6792214093825
1361,0.109375,33.673233,-1068.486938,1.0,806.6785516461929,372.71590340938246
1362,0.101562,33.876171,-1067.890991,1.0,810.4198846461929,403.89504140938243
1363,0.113281,34.094368,-1067.182373,1.0,838.8283316461929,351.92262940938247
1364,0.109375,34.299339,-1066.445312,1.0,856.717613646193,402.0341404093825
1365,0.101562,34.470619,-1065.771118,1.0,877.5420156461929,375.50041840938246
1366,0.109375,34.653019,-1064.994873,1.0,846.8512806461929,438.60906140938243
1367,0.109375,34.822941,-1064.219116,1.0,803.5522086461929,394.10301840938246
1368,0.101562,34.979977,-1063.455566,1.0,768.1204456461929,394.7376924093825
1369,0.105469,35.132381,-1062.674927,1.0,729.5292596461929,380.56154540938246
1370,0.109375,35.294598,-1061.805542,1.0,707.4283076461929,385.68047240938245
1371,0.105469,35.446815,-1060.955811,1.0,798.8475576461929,440.4109414093825
1372,0.109375,35.601376,-1060.059448,1.0,815.7926256461928,392.68459240938245
1373,0.109375,35.755814,-1059.130127,1.0,870.7561886461929,356.83235840938244
1374,0.109375,35.906338,-1058.19104,1.0,877.0665516461929,473.32793340938247
1375,0.109375,36.053989,-1057.234741,1.0,877.2008906461929,363.2430944093825
1376,0.101562,36.195492,-1056.280762,1.0,1335.568138646193,239.07970340938243
1377,0.105469,36.330296,-1055.332397,1.0,1332.4438716461927,213.06388040938245
1378,0.109375,36.474915,-1054.262817,1.0,940.9232416461929,397.8677584093825
1379,0.101562,36.600296,-1053.278931,1.0,933.9028556461928,426.15932340938247
1380,0.101562,36.724304,-1052.236572,1.0,929.2397086461929,409.07982540938247
1381,0.101562,36.845074,-1051.126099,1.0,854.7293936461929,458.22286140938246
1382,0.105469,36.959068,-1049.947998,1.0,851.471886646193,389.97954440938247
1383,0.101562,37.058464,-1048.755127,1.0,946.5363396461929,403.49092740938244
1384,0.101562,37.140305,-1047.548828,1.0,792.7495966461929,-134.96875059061756
1385,0.101562,37.205376,-1046.299683,1.0,915.0062496461929,240.30382440938246
1386,0.105469,37.254318,-1044.961426,1.0,859.2801746461929,390.63030140938247
1387,0.109375,37.283516,-1043.583496,1.0,895.2452016461929,381.9224464093825
1388,0.109375,37.292046,-1042.175049,1.0,874.1859976461928,429.7551184093825
1389,0.101562,37.281052,-1040.841553,1.0,947.0013056461929,454.12148240938245
1390,0.101562,37.255665,-1039.545776,1.0,951.4452136461929,479.93199840938246
1391,0.105469,37.218861,-1038.147705,1.0,940.9650506461929,536.0200114093825
1392,0.105469,37.181427,-1036.770874,1.0,961.0786366461929,459.0777504093825
1393,0.101562,37.153355,-1035.410278,1.0,965.6923456461928,486.9145424093824
1394,0.109375,37.144917,-1033.922852,1.0,968.5732656461929,455.57540040938244
1395,0.101562,37.167217,-1032.514282,1.0,941.358238646193,449.26357140938245
1396,0.101562,37.221775,-1031.117554,1.0,938.3464596461929,445.6108004093825
1397,0.101562,37.304035,-1029.748169,1.0,941.4801256461928,449.4415804093825
1398,0.109375,37.420212,-1028.226807,1.0,903.2329336461929,425.1383584093825
1399,0.109375,37.550335,-1026.679199,1.0,864.5751576461929,438.76708140938246
1400,0.101562,37.669445,-1025.229492,1.0,836.449059646193,430.15499040938244
1401,0.101562,37.777344,-1023.749634,1.0,734.3954096461929,519.1707064093824
1402,0.105469,37.864563,-1022.275085,1.0,828.1588976461929,430.29961340938246
1403,0.101562,37.931477,-1020.743774,1.0,837.2610096461929,411.47521140938244
1404,0.105469,37.975597,-1019.208557,1.0,856.4698116461929,396.6444614093825
1405,0.105469,37.99968,-1017.67157,1.0,878.6225216461929,393.28984740938245
1406,0.101562,38.006393,-1016.123962,1.0,915.918663646193,370.03819940938246
1407,0.101562,37.998436,-1014.595459,1.0,922.028893646193,406.39931440938244
1408,0.101562,37.981552,-1013.116455,1.0,891.6189806461929,435.16438940938247
1409,0.109375,37.956181,-1011.462585,1.0,933.6260006461929,395.6228244093825
1410,0.101562,37.928162,-1009.885071,1.0,934.5276726461929,410.57460740938245
1411,0.105469,37.897827,-1008.240601,1.0,945.312035646193,406.23146740938245
1412,0.109375,37.869587,-1006.595459,1.0,938.1421746461929,434.38677140938245
1413,0.101562,37.846409,-1005.010071,1.0,951.021690646193,408.7919534093825
1414,0.105469,37.825626,-1003.391296,1.0,959.473961646193,442.21395040938245
1415,0.101562,37.805401,-1001.802551,1.0,960.5609976461928,450.03093640938243
1416,0.109375,37.778637,-1000.036316,1.0,972.244225646193,442.30428240938244
1417,0.101562,37.745819,-998.354004,1.0,985.2309806461928,498.2678134093825
1418,0.101562,37.703423,-996.638062,1.0,976.9807366461929,436.22313640938245
1419,0.105469,37.652191,-994.877502,1.0,970.5149166461929,489.3303134093825
1420,0.101562,37.599136,-993.157166,1.0,988.9739006461929,442.1824864093825
1421,0.101562,37.547108,-991.376282,1.0,1005.672264646193,430.68431740938246
1422,0.101562,37.503815,-989.654785,1.0,996.7192006461929,416.74611540938247
1423,0.109375,37.467083,-987.767456,1.0,982.9433216461929,397.90868240938244
1424,0.109375,37.442596,-985.928284,1.0,974.2234126461929,415.28063140938247
1425,0.101562,37.428608,-984.203064,1.0,976.2047966461929,423.1246254093825
1426,0.101562,37.421677,-982.516418,1.0,948.907677646193,436.19573140938246
1427,0.109375,37.420231,-980.679077,1.0,968.6692126461929,383.41240640938247
1428,0.101562,37.42395,-978.990784,1.0,961.7821886461929,430.22426540938244
1429,0.105469,37.432899,-977.269958,1.0,966.2273186461929,429.3194194093825
1430,0.105469,37.447079,-975.546082,1.0,954.7764516461929,428.19838640938246
1431,0.105469,37.465527,-973.802795,1.0,967.1679316461929,381.37984340938243
1432,0.105469,37.48473,-972.147156,1.0,975.7637566461929,399.36855240938246
1433,0.105469,37.502605,-970.455627,1.0,971.6246576461929,351.28475140938247
1434,0.105469,37.515671,-968.791992,1.0,924.8930286461929,392.15788940938245
1435,0.105469,37.522312,-967.20752,1.0,912.6071406461929,460.67867140938245
1436,0.109375,37.522514,-965.587769,1.0,1093.478172646193,459.43636240938247
1437,0.105469,37.51712,-964.107117,1.0,1012.7699206461929,404.35130940938245
1438,0.105469,37.507401,-962.654785,1.0,973.8859486461929,573.4409094093825
1439,0.105469,37.495274,-961.309692,1.0,972.3752066461929,468.93126540938243
1440,0.105469,37.48138,-960.012207,1.0,983.7779166461929,513.5817784093824
1441,0.101562,37.46743,-958.862793,1.0,973.5562366461929,508.4726474093825
1442,0.105469,37.451683,-957.698914,1.0,953.8520136461929,516.3645544093824
1443,0.105469,37.436066,-956.650818,1.0,681.1263666461929,485.91606840938243
1444,0.105469,37.420059,-955.66571,1.0,577.9713366461929,538.9832064093824
1445,0.101562,37.404255,-954.760864,1.0,483.3034596461929,546.4153964093824
1446,0.105469,37.388275,-953.894165,1.0,449.5328906461929,549.9476234093825
1447,0.105469,37.372604,-953.078186,1.0,523.2908256461928,490.8209754093824
1448,0.109375,37.357136,-952.297913,1.0,995.318565646193,599.0429604093824
1449,0.105469,37.341866,-951.547485,1.0,1193.617821646193,473.0913004093825
1450,0.101562,37.326786,-950.825378,1.0,1012.1452876461929,431.46980940938244
1451,0.105469,37.311882,-950.13147,1.0,204.91743964619292,394.1707984093825
1452,0.109375,37.297379,-949.476868,1.0,79.5361026461929,386.93141840938245
1453,0.105469,37.283089,-948.850769,1.0,120.23271264619291,427.1007604093825
1454,0.109375,37.268917,-948.246948,1.0,178.5405056461929,428.7624124093825
1455,0.105469,37.254913,-947.664124,1.0,184.3634496461929,403.07106740938247
1456,0.109375,37.239922,-947.052185,1.0,299.8541796461929,439.66405440938246
1457,0.109375,37.225159,-946.460815,1.0,310.5308616461929,436.16863140938244
1458,0.109375,37.210442,-945.883057,1.0,911.2289666461929,376.31352940938245
1459,0.109375,37.195499,-945.307617,1.0,1027.930443646193,332.11901040938244
1460,0.113281,37.180317,-944.734253,1.0,1024.541954646193,356.85863440938243
1461,0.109375,37.165359,-944.180603,1.0,657.232292646193,374.47579140938245
1462,0.109375,37.14996,-943.621216,1.0,164.0248806461929,343.53313340938246
1463,0.109375,37.135063,-943.089478,1.0,162.3295676461929,247.27434440938248
1464,0.105469,37.120735,-942.586487,1.0,294.85184564619294,-179.76087259061754
1465,0.109375,37.1054,-942.056458,1.0,294.85184564619294,-179.76087259061754
1466,0.105469,37.091011,-941.566528,1.0,294.85184564619294,-179.76087259061754
1467,0.105469,37.076324,-941.073853,1.0,726.8952266461929,265.3134984093825
1468,0.125,37.059307,-940.511353,1.0,800.8105096461929,476.1368934093824
1469,0.105469,37.045284,-940.054626,1.0,803.3679436461929,475.35680340938245
1470,0.113281,37.030125,-939.566406,1.0,812.9358146461929,466.37886740938245
1471,0.109375,37.015556,-939.101868,1.0,441.2201466461929,530.9986484093824
1472,0.105469,37.001499,-938.657715,1.0,338.8485496461929,547.4070354093825
1473,0.105469,36.987823,-938.22876,1.0,323.4095546461929,550.2814244093825
1474,0.105469,36.974609,-937.818054,1.0,160.5300926461929,585.2524944093825
1475,0.113281,36.960613,-937.387085,1.0,158.2895686461929,560.5323404093824
1476,0.109375,36.94735,-936.982178,1.0,133.9596206461929,578.4496374093825
1477,0.105469,36.934769,-936.601807,1.0,109.3384556461929,563.2940584093825
1478,0.101562,36.922871,-936.245239,1.0,111.6227576461929,544.3611364093824
1479,0.105469,36.910858,-935.887817,1.0,250.9945916461929,536.5695714093824
1480,0.113281,36.898422,-935.520813,1.0,1025.168907646193,540.0441194093825
1481,0.109375,36.886486,-935.170471,1.0,1035.300865646193,519.3448404093824
1482,0.105469,36.875378,-934.836914,1.0,1038.434288646193,523.5767124093825
1483,0.105469,36.866077,-934.502197,1.0,1063.6574946461928,485.7943644093824
1484,0.109375,36.861183,-934.150146,1.0,1463.0688716461927,404.71266840938245
1485,0.105469,36.864075,-933.829712,1.0,1420.7246326461927,450.91219240938244
1486,0.101562,36.876301,-933.518005,1.0,1458.5576406461928,368.3032754093825
1487,0.113281,36.902824,-933.173279,1.0,1720.7472156461931,370.68950540938243
1488,0.109375,36.94289,-932.837585,1.0,1699.0150386461928,373.02068240938246
1489,0.109375,36.997482,-932.502747,1.0,1726.1527336461927,323.25148640938244
1490,0.105469,37.067013,-932.171692,1.0,1729.9038326461928,312.92015740938245
1491,0.105469,37.157387,-931.8255,1.0,1689.323998646193,391.63860240938243
1492,0.105469,37.265205,-931.483643,1.0,1802.511498646193,387.81230840938247
1493,0.109375,37.402958,-931.119263,1.0,1844.6632316461928,250.77864740938247
1494,0.101562,37.551449,-930.790955,1.0,1740.5444576461928,323.46678840938245
1495,0.105469,37.733944,-930.453186,1.0,1675.4695056461928,535.7457804093824
1496,0.113281,37.966942,-930.093506,1.0,1781.1350336461928,305.54378440938245
1497,0.105469,38.196507,-929.794189,1.0,1773.6819086461928,323.88417740938246
1498,0.101562,38.447407,-929.514893,1.0,1709.7644276461929,325.30904340938247
1499,0.101562,38.716442,-929.258789,1.0,1642.2907946461928,363.7066874093825
1500,0.109375,39.010216,-929.019592,1.0,1604.3363276461928,363.44142840938247
1501,0.105469,39.320095,-928.80481,1.0,1567.1477286461927,352.1861794093825
1502,0.105469,39.645718,-928.614929,1.0,1520.1953356461927,383.3690404093825
1503,0.109375,39.994289,-928.447632,1.0,1610.069969646193,428.31453640938247
1504,0.113281,40.361603,-928.306335,1.0,1523.136131646193,444.3291234093825
1505,0.109375,40.743343,-928.194031,1.0,1469.468651646193,428.57558340938243
1506,0.109375,41.150074,-928.109314,1.0,1378.980980646193,476.58037440938244
1507,0.105469,41.591751,-928.054138,1.0,1305.7621086461927,471.69875240938245
1508,0.105469,42.069355,-928.033813,1.0,1252.297386646193,436.30586940938247
1509,0.101562,42.56131,-928.052612,1.0,1168.2622916461928,455.82186040938245
1510,0.113281,43.15189,-928.124023,1.0,1116.356712646193,430.8294594093825
1511,0.101562,43.719505,-928.236694,1.0,1003.8239986461929,576.3348304093824
1512,0.105469,44.330482,-928.396606,1.0,960.4660876461929,705.6691814093824
1513,0.109375,44.993015,-928.604492,1.0,895.8777706461929,590.6635654093825
1514,0.105469,45.68351,-928.848022,1.0,906.3390736461929,455.8482584093825
1515,0.101562,46.379128,-929.108154,1.0,856.0194936461929,594.4152744093825
1516,0.105469,47.123676,-929.391907,1.0,806.4872066461929,654.1555704093824
1517,0.105469,47.936035,-929.698242,1.0,769.6332636461929,657.5485754093825
1518,0.101562,48.713875,-929.97937,1.0,776.1062246461929,536.2280794093824
1519,0.109375,49.600918,-930.268555,1.0,765.7480706461929,350.70491740938246
1520,0.113281,50.523087,-930.5177,1.0,790.454735646193,294.82744540938245
1521,0.109375,51.460129,-930.720398,1.0,804.380028646193,308.48171140938246
1522,0.101562,52.365673,-930.857971,1.0,816.0696646461929,292.0180884093825
1523,0.109375,53.341202,-930.929626,1.0,856.384850646193,308.31078240938245
1524,0.101562,54.325237,-930.923218,1.0,861.133812646193,285.5261454093825
1525,0.105469,55.342937,-930.839722,1.0,866.3889396461929,270.12276340938246
1526,0.109375,56.391422,-930.680176,1.0,882.6886226461929,269.38512340938246
1527,0.101562,57.445827,-930.469727,1.0,913.5898066461929,239.21083740938246
1528,0.101562,58.501003,-930.227356,1.0,1013.705406646193,271.25173140938244
1529,0.113281,59.722355,-929.925964,1.0,1058.702416646193,309.2325354093825
1530,0.113281,60.953987,-929.618713,1.0,1076.669701646193,321.28057040938245
1531,0.101562,62.129761,-929.323975,1.0,1076.496727646193,319.09059840938244
1532,0.113281,63.448174,-929.008179,1.0,1173.5150386461928,315.1719274093825
1533,0.109375,64.724457,-928.72821,1.0,1159.7981196461928,301.5389324093825
1534,0.101562,65.980408,-928.483215,1.0,1148.8816766461928,320.78197340938243
1535,0.105469,67.25721,-928.263977,1.0,1146.2058956461929,423.84310040938243
1536,0.105469,68.589699,-928.064514,1.0,1118.906883646193,331.88124740938247
1537,0.105469,69.94857,-927.889526,1.0,1100.8456656461929,321.36687340938244
1538,0.105469,71.349518,-927.735657,1.0,1118.268761646193,331.8285134093825
1539,0.101562,72.67791,-927.612671,1.0,1105.965599646193,344.99153840938243
1540,0.113281,74.241661,-927.496582,1.0,1094.8252186461928,331.54393640938247
1541,0.101562,75.639877,-927.419006,1.0,1088.691246646193,389.49083640938244
1542,0.101562,77.079048,-927.36438,1.0,970.6381466461929,213.80763940938246
1543,0.105469,78.554222,-927.333618,1.0,970.6381466461929,213.80763940938246
1544,0.105469,80.037727,-927.327332,1.0,970.6381466461929,213.80763940938246
1545,0.101562,81.545425,-927.345032,1.0,1007.2213976461929,433.02669440938246
1546,0.101562,83.064667,-927.38623,1.0,985.8133166461929,391.8923864093825
1547,0.101562,84.561432,-927.44812,1.0,991.448204646193,234.30641840938245
1548,0.113281,86.263458,-927.542419,1.0,965.0452506461929,319.42513140938246
1549,0.109375,87.963531,-927.658447,1.0,927.5052726461929,355.64061640938246
1550,0.113281,89.676025,-927.789001,1.0,937.0240106461929,629.0988074093824
1551,0.113281,91.469398,-927.924927,1.0,921.2093136461929,756.7474894093824
1552,0.101562,93.117935,-928.03479,1.0,331.2595296461929,438.8353794093825
1553,0.105469,94.832626,-928.120483,1.0,326.7446526461929,532.2180094093825
1554,0.105469,96.601616,-928.169861,1.0,270.7432946461929,256.53545340938246
1555,0.101562,98.417114,-928.17572,1.0,965.9540026461929,443.63017940938244
1556,0.105469,100.220291,-928.135925,1.0,952.8567126461929,485.56371240938245
1557,0.101562,102.039551,-928.052185,1.0,956.8566516461929,462.11476840938246
1558,0.101562,103.862785,-927.931824,1.0,959.266197646193,489.32109740938245
1559,0.101562,105.704872,-927.789368,1.0,985.773583646193,430.52696940938245
1560,0.101562,107.569611,-927.645447,1.0,1041.981712646193,463.05083340938245
1561,0.105469,109.473152,-927.519653,1.0,1034.2383046461928,423.04646940938244
1562,0.105469,111.452156,-927.425232,1.0,1007.4789056461929,463.22814040938243
1563,0.105469,113.374229,-927.374695,1.0,986.4966666461929,457.4227824093825
1564,0.113281,115.522453,-927.365051,1.0,978.3172236461929,471.9736244093824
1565,0.101562,117.421623,-927.392212,1.0,958.853417646193,465.65618040938244
1566,0.109375,119.566887,-927.455078,1.0,974.0373766461929,460.44832540938245
1567,0.113281,121.720306,-927.544312,1.0,973.1064076461929,469.74492540938246
1568,0.109375,123.858017,-927.650635,1.0,954.957481646193,469.0664894093825
1569,0.109375,125.955849,-927.766541,1.0,954.1617056461929,457.40050440938245
1570,0.105469,128.097794,-927.893433,1.0,946.0329826461929,431.82103640938243
1571,0.113281,130.275818,-928.026917,1.0,920.9211056461929,473.68266940938247
1572,0.109375,132.495834,-928.161865,1.0,926.233055646193,475.6351844093824
1573,0.113281,134.741638,-928.287781,1.0,919.3744746461929,553.6829134093824
1574,0.109375,136.984497,-928.392151,1.0,933.2170036461929,467.5335304093825
1575,0.109375,139.20462,-928.466858,1.0,916.677086646193,437.96526240938243
1576,0.105469,141.385452,-928.509155,1.0,950.541100646193,425.99553640938245
1577,0.109375,143.590591,-928.520874,1.0,955.8265616461929,455.16088040938246
1578,0.109375,145.903091,-928.508057,1.0,955.559288646193,464.33501340938244
1579,0.105469,148.016403,-928.488831,1.0,959.8610466461929,438.4986794093825
1580,0.105469,150.161652,-928.479248,1.0,967.5042956461929,471.23989040938244
1581,0.113281,152.510986,-928.495728,1.0,956.2554556461929,419.97823240938243
1582,0.105469,154.684235,-928.542419,1.0,946.9455196461929,431.23787640938247
1583,0.105469,156.876175,-928.616516,1.0,938.459007646193,450.97389940938245
1584,0.109375,159.043625,-928.70697,1.0,943.9203116461929,440.6802584093825
1585,0.105469,161.253174,-928.806396,1.0,920.4634026461929,440.90505140938245
1586,0.109375,163.454544,-928.903564,1.0,915.1947256461929,425.64992440938244
1587,0.105469,165.62175,-928.991394,1.0,919.0280996461929,429.23079640938244
1588,0.105469,167.763016,-929.068848,1.0,923.047264646193,403.55589940938245
1589,0.109375,169.990158,-929.140564,1.0,908.0796746461929,406.55589940938245
1590,0.113281,172.326767,-929.208313,1.0,935.9322746461929,414.91924240938243
1591,0.113281,174.626923,-929.26886,1.0,931.0323116461929,404.80828040938246
1592,0.105469,176.717941,-929.318848,1.0,943.712792646193,450.94448040938244
1593,0.113281,179.045731,-929.367859,1.0,940.1635976461929,460.56966340938243
1594,0.101562,181.090607,-929.403259,1.0,936.2756586461929,495.1510534093825
1595,0.101562,183.147644,-929.430115,1.0,1099.5678336461929,340.04747640938245
1596,0.105469,185.334808,-929.448364,1.0,1379.0731436461929,186.03397240938244
1597,0.113281,187.555084,-929.455627,1.0,1341.3227776461931,216.26189340938248
1598,0.113281,189.808151,-929.452271,1.0,980.5055776461929,470.7901524093825
1599,0.101562,191.806473,-929.442261,1.0,979.1929556461929,512.7303384093825
1600,0.105469,193.915604,-929.427917,1.0,955.8051386461929,527.7966834093825
1601,0.109375,196.060287,-929.412415,1.0,963.241478646193,526.0074984093825
1602,0.105469,198.07579,-929.398804,1.0,966.9402096461929,519.9320594093824
1603,0.101562,199.994873,-929.38739,1.0,961.8107536461929,517.2307044093825
1604,0.109375,202.144455,-929.375793,1.0,409.6896136461929,340.7844764093825
1605,0.101562,204.050537,-929.366089,1.0,310.4919056461929,324.7287514093825
1606,0.105469,206.048187,-929.355713,1.0,750.1029896461929,440.5680454093825
1607,0.109375,208.141586,-929.344116,1.0,906.2927486461929,507.3347084093824
1608,0.101562,210.008881,-929.333252,1.0,913.690819646193,504.5792764093825
1609,0.113281,212.072128,-929.320557,1.0,979.0103996461929,530.4962684093824
1610,0.105469,214.044998,-929.307556,1.0,959.8466426461929,530.9070354093825
1611,0.105469,216.013412,-929.293274,1.0,970.2666866461929,530.1230384093825
1612,0.109375,217.982407,-929.276733,1.0,563.3171926461929,-201.03810959061755
1613,0.101562,219.824203,-929.259033,1.0,563.3171926461929,-201.03810959061755
1614,0.101562,221.651825,-929.238708,1.0,563.3171926461929,-201.03810959061755
1615,0.105469,223.490067,-929.214355,1.0,843.3233876461929,220.23927940938245
1616,0.101562,225.352097,-929.182495,1.0,974.8889396461929,574.3898844093825
1617,0.109375,227.284988,-929.13855,1.0,959.4683466461929,564.9554964093825
1618,0.113281,229.255844,-929.081299,1.0,962.603417646193,559.1138224093825
1619,0.113281,231.199188,-929.012451,1.0,971.3482296461929,548.0734774093825
1620,0.117188,233.219421,-928.930481,1.0,983.5589226461929,539.9831454093825
1621,0.109375,235.134216,-928.847656,1.0,986.5832756461929,537.2130044093825
1622,0.113281,237.03949,-928.765381,1.0,815.1584706461929,512.5237954093825
1623,0.113281,238.965103,-928.68634,1.0,569.6207816461929,493.1551424093825
1624,0.113281,240.87532,-928.614502,1.0,572.4783866461929,480.3682164093825
1625,0.113281,242.797134,-928.550598,1.0,582.0409786461929,482.8839024093825
1626,0.109375,244.615097,-928.498413,1.0,576.1455006461929,476.5821444093824
1627,0.101562,246.328842,-928.456909,1.0,979.3476186461929,536.9504314093824
1628,0.101562,247.983353,-928.423889,1.0,972.3979726461929,551.0806804093825
1629,0.113281,249.812225,-928.393555,1.0,972.836083646193,548.4200354093824
1630,0.105469,251.563675,-928.363281,1.0,984.6032946461929,545.9954134093824
1631,0.109375,253.312576,-928.31781,1.0,1029.3281486461929,522.9102694093824
1632,0.105469,254.992493,-928.24823,1.0,1055.652672646193,515.5887974093824
1633,0.105469,256.715607,-928.142639,1.0,1029.4832996461928,521.4897374093824
1634,0.113281,258.483093,-927.99939,1.0,1052.041344646193,524.0820224093825
1635,0.109375,260.2276,-927.831604,1.0,1069.701195646193,513.1671054093824
1636,0.109375,261.965332,-927.652649,1.0,1076.228050646193,501.8406284093825
1637,0.109375,263.675903,-927.48053,1.0,1078.206078646193,502.38426840938246
1638,0.109375,265.387573,-927.324341,1.0,1065.7374506461929,530.0744544093825
1639,0.105469,267.091125,-927.190491,1.0,980.4956286461929,514.7099524093825
1640,0.105469,268.748932,-927.082275,1.0,986.987694646193,496.83550140938246
1641,0.101562,270.378693,-926.994934,1.0,1003.2895136461929,507.3914104093825
1642,0.101562,272.008301,-926.9245,1.0,1026.914574646193,527.2539584093824
1643,0.105469,273.656036,-926.868225,1.0,1019.736656646193,504.0064004093824
1644,0.105469,275.370636,-926.823364,1.0,1009.1577996461929,525.5629794093825
1645,0.109375,277.103302,-926.787415,1.0,995.0110096461929,502.67375840938246
1646,0.101562,278.778778,-926.755981,1.0,995.4144526461929,497.38860240938243
1647,0.105469,280.458191,-926.722107,1.0,998.6308216461929,461.2954624093825
1648,0.105469,282.173553,-926.680969,1.0,1009.8239986461929,459.92916040938246
1649,0.101562,283.812103,-926.634521,1.0,1047.937706646193,526.5156164093825
1650,0.101562,285.50528,-926.580811,1.0,1053.945274646193,537.4515294093825
1651,0.105469,287.172058,-926.525452,1.0,1069.0378046461929,568.2300944093824
1652,0.101562,288.851257,-926.471497,1.0,1080.4924556461929,525.7611614093825
1653,0.101562,290.528931,-926.422363,1.0,1069.3563466461928,529.7184364093824
1654,0.105469,292.23114,-926.378662,1.0,1128.106529646193,347.24379640938247
1655,0.101562,293.910583,-926.340759,1.0,738.7849356461929,386.94719640938246
1656,0.101562,295.59967,-926.305969,1.0,1011.8376696461929,479.2755044093825
1657,0.105469,297.311096,-926.272034,1.0,1022.3663566461929,496.8311074093824
1658,0.101562,298.995972,-926.23877,1.0,914.6493156461929,520.2386394093825
1659,0.113281,300.882111,-926.20105,1.0,912.9764636461929,534.7839274093825
1660,0.113281,302.741364,-926.163757,1.0,912.7012566461929,541.1604534093825
1661,0.109375,304.619537,-926.126709,1.0,927.9845206461929,389.20174340938246
1662,0.101562,306.272797,-926.095337,1.0,930.8172846461929,403.92522340938245
1663,0.105469,308.029205,-926.063354,1.0,933.8913806461929,414.4784154093825
1664,0.105469,309.784088,-926.032776,1.0,949.8218616461929,467.19960740938245
1665,0.101562,311.476135,-926.005127,1.0,963.5735706461929,519.2474894093824
1666,0.101562,313.177063,-925.980408,1.0,967.0669796461929,521.4155794093824
1667,0.101562,314.850311,-925.960144,1.0,973.9487536461929,539.3851234093825
1668,0.113281,316.684906,-925.943604,1.0,962.204552646193,520.3033364093825
1669,0.113281,318.522247,-925.933716,1.0,954.517906646193,524.0144564093824
1670,0.109375,320.275604,-925.929749,1.0,946.0445796461929,542.6086954093824
1671,0.113281,322.07431,-925.929871,1.0,964.0703356461929,531.7596964093824
1672,0.109375,323.874939,-925.933228,1.0,1039.4431996461929,463.41664840938245
1673,0.109375,325.557312,-925.938416,1.0,1021.2013176461929,468.50160940938247
1674,0.113281,327.353821,-925.945801,1.0,1019.6234976461928,471.22862940938245
1675,0.101562,328.944763,-925.954041,1.0,1040.6635366461928,494.5549844093824
1676,0.113281,330.719635,-925.965515,1.0,1022.3290026461929,471.59624440938245
1677,0.109375,332.430573,-925.979126,1.0,935.9588856461929,496.71770340938247
1678,0.109375,334.163818,-925.995605,1.0,927.8730096461929,461.78029540938246
1679,0.109375,335.840302,-926.013916,1.0,921.0688716461929,465.43086940938247
1680,0.105469,337.505096,-926.034424,1.0,914.9115226461929,441.36598840938245
1681,0.109375,339.20636,-926.056763,1.0,934.4044426461929,479.81316240938247
1682,0.109375,340.910187,-926.078308,1.0,992.1339346461929,508.6233434093824
1683,0.109375,342.597839,-926.095581,1.0,975.4109736461929,506.8617464093825
1684,0.109375,344.310425,-926.106384,1.0,973.3197866461929,508.7155674093824
1685,0.109375,346.031525,-926.108582,1.0,954.1016466461929,548.1185214093824
1686,0.105469,347.720947,-926.100708,1.0,931.891197646193,532.5068274093825
1687,0.109375,349.432159,-926.082458,1.0,962.4809806461928,518.1591714093825
1688,0.109375,351.098969,-926.05542,1.0,948.5503776461929,519.1014324093825
1689,0.105469,352.73465,-926.021912,1.0,990.4016956461929,535.7076334093824
1690,0.109375,354.400604,-925.983887,1.0,1022.8686146461929,533.6816934093824
1691,0.109375,356.103394,-925.944397,1.0,1020.3198476461929,530.8588784093824
1692,0.113281,357.813721,-925.909302,1.0,1013.1325916461929,535.4624544093824
1693,0.113281,359.557861,-925.88324,1.0,712.8543326461929,432.1589574093825
1694,0.101562,361.11499,-925.871033,1.0,851.0881586461929,260.84029340938247
1695,0.113281,362.835815,-925.869873,1.0,488.4183586461929,172.80914940938246
1696,0.109375,364.502991,-925.878967,1.0,488.4183586461929,172.80914940938246
1697,0.109375,366.155975,-925.89325,1.0,689.135521646193,282.95354340938246
1698,0.113281,367.873596,-925.907471,1.0,960.4811026461929,400.46684940938246
1699,0.101562,369.428375,-925.915405,1.0,959.5762566461929,449.91747240938247
1700,0.105469,371.05481,-925.916443,1.0,981.1419916461929,504.5521154093825
1701,0.105469,372.645599,-925.910461,1.0,981.1869746461929,477.6987834093825
1702,0.101562,374.187866,-925.900513,1.0,899.252281646193,358.21446940938245
1703,0.113281,375.944641,-925.888,1.0,908.4654776461929,359.27504640938247
1704,0.113281,377.67688,-925.878723,1.0,912.7328726461928,328.92662740938243
1705,0.109375,379.381561,-925.874634,1.0,920.7359246461929,359.55492340938247
1706,0.109375,381.029053,-925.875305,1.0,922.237694646193,342.05651040938244
1707,0.105469,382.640472,-925.879333,1.0,969.1054316461929,494.0764684093824
1708,0.105469,384.289093,-925.885742,1.0,976.880211646193,506.7380284093824
1709,0.105469,385.963928,-925.892822,1.0,984.457298646193,544.8434364093824
1710,0.113281,387.675842,-925.899109,1.0,1031.407372646193,534.2028724093825
1711,0.109375,389.437653,-925.903748,1.0,1065.6032336461928,521.1144324093824
1712,0.101562,390.982452,-925.906067,1.0,1069.116905646193,516.5017614093824
1713,0.109375,392.725677,-925.907104,1.0,1073.869896646193,521.3707804093824
1714,0.105469,394.367126,-925.907654,1.0,1110.024620646193,525.0309364093824
1715,0.101562,396.001465,-925.908447,1.0,1107.087547646193,527.9913244093824
1716,0.101562,397.619415,-925.909973,1.0,1050.329247646193,510.4735024093825
1717,0.109375,399.396271,-925.912964,1.0,967.7249996461929,546.1859044093825
1718,0.101562,400.962402,-925.916626,1.0,988.7815786461929,549.3532024093824
1719,0.117188,402.881073,-925.921448,1.0,967.3778316461929,552.8532024093824
1720,0.101562,404.494385,-925.925354,1.0,1026.4366686461929,481.7383944093824
1721,0.109375,406.291229,-925.928894,1.0,1367.8814936461931,212.39333240938245
1722,0.109375,408.02774,-925.931091,1.0,1303.3775866461929,257.77681640938243
1723,0.101562,409.733582,-925.931946,1.0,966.9328236461929,505.4352334093825
1724,0.109375,411.486938,-925.931396,1.0,977.1769646461929,529.4716714093825
1725,0.105469,413.246552,-925.929443,1.0,960.7578356461929,520.5358804093825
1726,0.105469,414.916748,-925.92688,1.0,954.2755366461929,516.2412634093824
1727,0.105469,416.693756,-925.923035,1.0,925.9132316461929,546.2615274093824
1728,0.113281,418.506226,-925.918701,1.0,938.1914906461928,550.4899814093825
1729,0.105469,420.287384,-925.913696,1.0,924.5699086461929,544.2490154093824
1730,0.109375,422.039124,-925.908203,1.0,916.022545646193,499.59874640938244
1731,0.113281,423.845337,-925.901794,1.0,890.827660646193,512.8386754093824
1732,0.109375,425.640503,-925.894592,1.0,880.4723136461929,493.67894640938243
1733,0.109375,427.3638,-925.886963,1.0,892.8460926461929,485.9413974093825
1734,0.109375,429.112579,-925.878357,1.0,889.868370646193,504.7006144093824
1735,0.101562,430.66333,-925.870117,1.0,877.0163806461929,493.70433740938245
1736,0.113281,432.450714,-925.859985,1.0,888.5099116461929,494.4372474093825
1737,0.113281,434.201935,-925.849243,1.0,883.1531606461929,493.4183264093824
1738,0.113281,435.960815,-925.837769,1.0,934.8826526461929,508.6542884093825
1739,0.105469,437.536377,-925.826599,1.0,939.5590446461929,512.8210364093825
1740,0.113281,439.246582,-925.813721,1.0,957.1518786461929,500.5050574093824
1741,0.101562,440.682037,-925.802185,1.0,952.9322136461928,486.1241984093824
1742,0.113281,442.233032,-925.78894,1.0,950.571495646193,473.16362640938246
1743,0.101562,443.513031,-925.777344,1.0,957.2345816461929,461.02291040938246
1744,0.101562,444.769958,-925.765381,1.0,946.5482416461929,458.5060644093825
1745,0.101562,445.88858,-925.75415,1.0,967.7314076461929,460.02498540938245
1746,0.113281,447.077789,-925.741821,1.0,845.2581416461929,420.54576740938245
1747,0.113281,448.239044,-925.729187,1.0,608.6115046461929,480.9720984093825
1748,0.101562,449.229156,-925.718262,1.0,610.312798646193,467.36098440938247
1749,0.113281,450.337402,-925.705505,1.0,611.338554646193,501.6774204093824
1750,0.109375,451.418823,-925.692749,1.0,621.1528556461928,491.4844884093825
1751,0.109375,452.466034,-925.679993,1.0,817.6210566461929,405.44164140938244
1752,0.105469,453.48349,-925.667358,1.0,901.4122546461929,426.33986540938247
1753,0.109375,454.494507,-925.654663,1.0,891.6309436461929,398.02602340938245
1754,0.105469,455.480499,-925.641968,1.0,881.3907096461929,427.84770840938245
1755,0.105469,456.470001,-925.628967,1.0,605.9245536461929,469.64815440938247
1756,0.105469,457.451721,-925.615906,1.0,591.4641346461929,474.3423374093825
1757,0.109375,458.418823,-925.602783,1.0,587.4586116461928,510.02611440938244
1758,0.109375,459.436096,-925.588623,1.0,532.280235646193,474.5394204093825
1759,0.109375,460.387146,-925.574829,1.0,620.4734736461929,486.5582804093824
1760,0.105469,461.336121,-925.560181,1.0,866.9795766461929,483.9656284093825
1761,0.101562,462.230835,-925.545532,1.0,875.1524286461929,505.78398840938246
1762,0.109375,463.185822,-925.528809,1.0,878.4323356461929,486.9073404093824
1763,0.113281,464.133972,-925.511292,1.0,884.1894766461929,466.91826540938246
1764,0.101562,465.005463,-925.494202,1.0,873.5635006461929,493.83879740938244
1765,0.117188,465.95224,-925.474792,1.0,711.4850086461929,424.06191140938245
1766,0.109375,466.791168,-925.456909,1.0,293.6630786461929,344.82393540938244
1767,0.101562,467.497925,-925.441467,1.0,313.70954164619286,347.6617954093825
1768,0.101562,468.146729,-925.426697,1.0,272.90185664619287,324.6122654093825
1769,0.101562,468.733063,-925.413025,1.0,553.585259646193,-201.83792959061753
1770,0.113281,469.325592,-925.398499,1.0,553.585259646193,-201.83792959061753
1771,0.113281,469.88446,-925.384094,1.0,553.585259646193,-201.83792959061753
1772,0.113281,470.38324,-925.370605,1.0,895.6564566461929,299.4748144093825
1773,0.105469,470.801453,-925.358826,1.0,987.2039416461929,468.6180034093825
1774,0.109375,471.174164,-925.347778,1.0,982.176048646193,471.85472740938246
1775,0.109375,471.492737,-925.338135,1.0,1069.791649646193,500.9929114093825
1776,0.109375,471.737701,-925.330505,1.0,1367.323631646193,531.1453774093825
1777,0.105469,471.924408,-925.324524,1.0,1522.573753646193,531.6223674093825
1778,0.105469,472.050598,-925.320374,1.0,1612.806297646193,537.8455724093825
1779,0.101562,472.115417,-925.31842,1.0,685.4708486461928,502.49639040938246
1780,0.101562,472.128357,-925.317932,1.0,666.2723016461929,508.8773104093824
1781,0.101562,472.123077,-925.318115,1.0,663.722832646193,515.9354164093825
1782,0.101562,472.115448,-925.318298,1.0,664.9272086461929,506.0124424093824
1783,0.113281,472.111694,-925.318359,1.0,246.7010506461929,407.80837140938246
1784,0.105469,472.112915,-925.318359,1.0,241.57999464619292,399.1773294093825
1785,0.109375,472.115845,-925.318237,1.0,239.6885996461929,408.89183740938245
1786,0.105469,472.117554,-925.318237,1.0,557.1657946461929,510.02696940938245
1787,0.109375,472.117493,-925.318237,1.0,548.2129446461929,513.0464394093824
1788,0.105469,472.116455,-925.318237,1.0,328.1187676461929,481.75139540938244
1789,0.101562,472.115692,-925.318237,1.0,342.4839716461929,489.19487640938246
1790,0.113281,472.11557,-925.318237,1.0,341.2232596461929,475.53282840938243
1791,0.109375,472.116119,-925.318237,1.0,815.4388056461929,490.64495040938243
1792,0.101562,472.118134,-925.318237,1.0,849.5019156461929,505.6196204093825
1793,0.105469,472.122253,-925.318176,1.0,844.2591176461929,496.96514040938246
1794,0.109375,472.128967,-925.31781,1.0,830.5352406461928,482.7288124093825
1795,0.105469,472.137634,-925.317566,1.0,721.8584216461929,443.70735840938244
1796,0.101562,472.148224,-925.317078,1.0,502.5504076461929,405.86934540938245
1797,0.105469,472.161194,-925.316467,1.0,466.8395626461929,409.7218844093825
1798,0.101562,472.176025,-925.315674,1.0,984.5880976461929,562.6476354093825
1799,0.101562,472.194153,-925.314514,1.0,993.325768646193,577.1373814093824
1800,0.101562,472.217133,-925.312805,1.0,1047.7539296461928,592.0313634093825
1801,0.113281,472.252136,-925.309875,1.0,1052.4397206461929,648.4737464093824
1802,0.101562,472.294647,-925.305786,1.0,818.0056996461929,624.5297764093824
1803,0.105469,472.350281,-925.30011,1.0,790.507774646193,605.8293374093824
1804,0.101562,472.422668,-925.292419,1.0,796.9533926461929,613.3735264093824
1805,0.105469,472.516571,-925.281799,1.0,806.5532466461929,610.8541174093824
1806,0.105469,472.634735,-925.267761,1.0,818.3032466461929,571.0330114093824
1807,0.101562,472.78067,-925.249207,1.0,816.105309646193,394.13219340938247
1808,0.101562,472.953156,-925.225464,1.0,819.978600646193,376.14198940938246
1809,0.109375,473.179749,-925.190979,1.0,902.569420646193,465.61644640938243
1810,0.113281,473.448547,-925.145203,1.0,816.2276846461929,370.18865140938243
1811,0.101562,473.745087,-925.08905,1.0,256.5817116461929,448.07884840938243
1812,0.101562,474.064087,-925.022095,1.0,219.1618276461929,386.8673314093825
1813,0.105469,474.453857,-924.931641,1.0,230.8178646461929,368.0045084093825
1814,0.101562,474.858215,-924.827759,1.0,278.5693976461929,400.89742140938245
1815,0.101562,475.284332,-924.707031,1.0,351.61486164619294,367.17995340938245
1816,0.113281,475.815674,-924.539978,1.0,472.4508596461929,362.89507240938246
1817,0.113281,476.389313,-924.338135,1.0,489.7351616461929,368.45210940938244
1818,0.109375,476.970215,-924.109924,1.0,535.4093256461929,367.32939840938246
1819,0.109375,477.568939,-923.848511,1.0,524.9002926461928,351.24928940938247
1820,0.105469,478.180481,-923.552246,1.0,553.4783866461929,340.30669340938243
1821,0.113281,478.82019,-923.208618,1.0,613.4700246461929,372.9351414093825
1822,0.109375,479.478882,-922.816345,1.0,568.9145746461929,339.65911040938244
1823,0.109375,480.126099,-922.390381,1.0,568.055504646193,362.38237640938246
1824,0.109375,480.777374,-921.917114,1.0,564.384026646193,339.30614340938246
1825,0.109375,481.416168,-921.404724,1.0,590.1653376461929,328.30470940938244
1826,0.101562,482.028625,-920.863525,1.0,610.3426446461929,386.2288424093825
1827,0.113281,482.664032,-920.242554,1.0,534.8915336461929,362.47762240938243
1828,0.101562,483.248535,-919.609375,1.0,542.7888116461929,334.36983440938246
1829,0.105469,483.811859,-918.9328,1.0,587.9642876461929,349.7440404093825
1830,0.113281,484.396698,-918.146301,1.0,612.0892266461929,388.70964740938246
1831,0.113281,484.955658,-917.294861,1.0,656.5607836461929,348.31767940938244
1832,0.109375,485.422272,-916.485046,1.0,676.9405146461929,405.84331440938246
1833,0.109375,485.845428,-915.642639,1.0,712.3122796461929,353.45827440938245
1834,0.105469,486.200958,-914.82605,1.0,716.2236566461929,343.86214340938244
1835,0.105469,486.506958,-914.026611,1.0,722.2370226461929,343.72640140938245
1836,0.113281,486.811401,-913.122559,1.0,745.939964646193,339.25600340938246
1837,0.113281,487.069672,-912.244995,1.0,725.345177646193,353.04622540938243
1838,0.101562,487.271271,-911.46106,1.0,726.6624996461929,376.6617954093825
1839,0.101562,487.454285,-910.638428,1.0,754.0211416461929,380.53630740938246
1840,0.105469,487.610962,-909.800476,1.0,798.1890496461929,361.8261934093825
1841,0.105469,487.734344,-908.988831,1.0,847.196129646193,393.09365040938246
1842,0.101562,487.829254,-908.187866,1.0,852.484764646193,451.43929240938246
1843,0.101562,487.902618,-907.350708,1.0,884.2552726461929,533.7266154093825
1844,0.109375,487.953735,-906.48291,1.0,902.4304436461929,445.4269934093825
1845,0.101562,487.981598,-905.654724,1.0,924.6301506461929,455.28761940938244
1846,0.101562,487.991943,-904.840942,1.0,936.6029286461929,492.92839740938246
1847,0.109375,487.98703,-903.912415,1.0,958.498680646193,534.9046544093825
1848,0.113281,487.968719,-902.966248,1.0,973.1625606461929,515.2272254093824
1849,0.105469,487.943939,-902.065186,1.0,979.8943716461929,454.0518104093825
1850,0.105469,487.915833,-901.16272,1.0,999.6650016461929,433.90462440938245
1851,0.101562,487.887604,-900.243774,1.0,1003.4264156461929,451.17409440938246
1852,0.105469,487.862396,-899.31012,1.0,1035.654625646193,533.2228304093825
1853,0.105469,487.842224,-898.351013,1.0,1028.019005646193,458.00481340938245
1854,0.101562,487.82843,-897.397949,1.0,1011.9579096461929,421.80846340938245
1855,0.101562,487.821747,-896.449158,1.0,1003.1035396461929,432.45778540938244
1856,0.109375,487.823364,-895.367004,1.0,998.965721646193,444.2266154093825
1857,0.113281,487.834839,-894.245728,1.0,1079.780480646193,454.43028940938245
1858,0.101562,487.854401,-893.175964,1.0,1083.243980646193,445.13436040938245
1859,0.105469,487.884155,-892.034546,1.0,1084.7022936461929,495.25188340938246
1860,0.101562,487.922668,-890.887146,1.0,1058.978600646193,456.19710440938246
1861,0.105469,487.975281,-889.62439,1.0,1092.6448596461928,449.15932340938247
1862,0.105469,488.039642,-888.34552,1.0,1008.8590326461929,424.00521040938247
1863,0.105469,488.114685,-887.069519,1.0,936.8470086461929,473.6893224093825
1864,0.101562,488.197144,-885.809631,1.0,942.3393786461929,474.9885774093824
1865,0.101562,488.286621,-884.507385,1.0,955.4497916461929,458.44704340938245
1866,0.101562,488.374939,-883.230896,1.0,931.8845446461929,471.21346240938243
1867,0.113281,488.472595,-881.786255,1.0,939.0789416461929,489.66948640938244
1868,0.105469,488.562439,-880.402893,1.0,924.2096796461929,437.22676740938243
1869,0.105469,488.648529,-879.016113,1.0,935.5878536461929,419.33360940938246
1870,0.101562,488.730347,-877.620239,1.0,943.7916496461929,380.9603794093825
1871,0.105469,488.805328,-876.210144,1.0,944.9768916461929,447.0087194093825
1872,0.105469,488.869202,-874.790588,1.0,1011.5435416461929,608.7338174093825
1873,0.113281,488.923462,-873.216675,1.0,1030.1917346461928,493.7008584093825
1874,0.113281,488.957428,-871.651855,1.0,1196.9659656461931,534.4258944093824
1875,0.109375,488.971436,-870.081604,1.0,1256.768578646193,549.1882854093825
1876,0.113281,488.967865,-868.470886,1.0,1292.8584216461927,544.4187534093825
1877,0.109375,488.957001,-866.919067,1.0,959.1657946461929,477.3176184093825
1878,0.113281,488.949127,-865.220581,1.0,967.430870646193,496.93785740938245
1879,0.109375,488.952362,-863.615417,1.0,971.435326646193,517.8675454093825
1880,0.109375,488.966156,-862.006592,1.0,985.3915026461929,508.3651034093824
1881,0.109375,488.987976,-860.37323,1.0,949.2243276461929,503.62242840938245
1882,0.109375,489.012665,-858.71051,1.0,903.5627676461929,505.8902504093825
1883,0.109375,489.033173,-857.078064,1.0,868.3094106461929,503.6865154093824
1884,0.105469,489.046661,-855.477844,1.0,839.9745106461929,498.44713540938244
1885,0.101562,489.05246,-853.880981,1.0,839.2068106461929,520.2584144093825
1886,0.105469,489.051941,-852.266968,1.0,841.1947256461929,513.3788974093825
1887,0.109375,489.046021,-850.530029,1.0,841.5462886461929,505.4384074093824
1888,0.113281,489.036285,-848.780273,1.0,841.0541616461929,507.6805334093824
1889,0.109375,489.023956,-847.088989,1.0,850.9619986461929,523.3784704093824
1890,0.109375,489.008759,-845.436462,1.0,855.4848256461929,475.9870524093825
1891,0.105469,488.990021,-843.805725,1.0,891.3320546461929,476.61003740938247
1892,0.101562,488.967926,-842.243591,1.0,1012.4685906461929,451.00963540938244
1893,0.101562,488.943298,-840.756897,1.0,982.9201896461929,465.8607094093825
1894,0.101562,488.914703,-839.244812,1.0,875.1811756461929,429.96709340938247
1895,0.101562,488.884064,-837.7771,1.0,866.548485646193,463.6024694093825
1896,0.101562,488.851105,-836.325195,1.0,844.4369136461929,423.86971240938243
1897,0.101562,488.817108,-834.926453,1.0,858.3471306461929,506.9713664093824
1898,0.105469,488.781128,-833.532593,1.0,853.4531486461929,450.91820440938244
1899,0.109375,488.74353,-832.166565,1.0,846.9172596461929,454.70760240938245
1900,0.105469,488.707092,-830.89679,1.0,847.8327876461929,445.5501014093825
1901,0.113281,488.669037,-829.564209,1.0,861.5628286461929,457.6182774093825
1902,0.101562,488.639801,-828.464844,1.0,864.8117306461929,480.6383584093825
1903,0.113281,488.612579,-827.30011,1.0,855.7071766461929,460.49294240938247
1904,0.101562,488.593903,-826.342529,1.0,855.2159656461929,441.21077640938245
1905,0.101562,488.579407,-825.419861,1.0,857.0722286461929,441.04317340938246
1906,0.101562,488.568787,-824.563599,1.0,853.4213496461929,468.53929840938247
1907,0.101562,488.561401,-823.812012,1.0,844.9208606461929,509.45793840938245
1908,0.105469,488.555603,-823.101135,1.0,852.4283686461929,458.8626014093825
1909,0.105469,488.551239,-822.475769,1.0,863.4585806461929,471.74419340938243
1910,0.109375,488.548035,-821.948669,1.0,892.7594836461928,472.7238684093825
1911,0.105469,488.545746,-821.51178,1.0,892.562035646193,448.41561040938245
1912,0.101562,488.544281,-821.158813,1.0,901.0004506461929,449.27046840938243
1913,0.101562,488.543518,-820.886902,1.0,938.7981196461928,456.89305740938244
1914,0.101562,488.543213,-820.681213,1.0,925.6001216461929,444.91292440938247
1915,0.105469,488.543213,-820.542603,1.0,932.2962276461928,462.89543840938245
1916,0.109375,488.543335,-820.471313,1.0,946.2591176461929,462.56767940938244
1917,0.109375,488.543365,-820.43396,1.0,961.7677846461929,492.28966440938245
1918,0.105469,488.543335,-820.395569,1.0,1194.099144646193,442.8429484093825
1919,0.105469,488.543121,-820.351074,1.0,1249.222435646193,480.5014564093825
1920,0.105469,488.542908,-820.30127,1.0,1234.4640126461927,491.3265294093825
1921,0.101562,488.542816,-820.250488,1.0,1648.901756646193,503.3959874093824
1922,0.101562,488.542847,-820.200378,1.0,1680.329857646193,503.6461704093824
1923,0.113281,488.542877,-820.143066,1.0,1624.829125646193,494.6300574093824
1924,0.109375,488.542908,-820.087341,1.0,780.950096646193,499.4202794093825
1925,0.101562,488.542908,-820.03241,1.0,780.3661736461929,474.0413124093825
1926,0.101562,488.542908,-819.975708,1.0,763.4959956461929,471.5215064093825
1927,0.101562,488.542725,-819.917542,1.0,922.5639886461929,464.75432540938243
1928,0.105469,488.542542,-819.855469,1.0,1278.059349646193,496.17906840938247
1929,0.105469,488.542572,-819.791565,1.0,1310.603172646193,509.3556434093824
1930,0.101562,488.542572,-819.727783,1.0,1269.1965566461927,502.2173374093825
1931,0.101562,488.542542,-819.664124,1.0,1265.7370846461931,520.3889684093824
1932,0.101562,488.542572,-819.59906,1.0,1242.534081646193,496.5129924093825
1933,0.113281,488.542572,-819.525391,1.0,1189.993797646193,517.1779704093825
1934,0.105469,488.542542,-819.457886,1.0,1175.977074646193,476.2550574093824
1935,0.109375,488.542542,-819.391296,1.0,704.8796626461929,460.84685440938244
1936,0.109375,488.542572,-819.330383,1.0,693.9595576461929,480.38634440938245
1937,0.105469,488.542603,-819.27478,1.0,346.1152886461929,482.6436074093824
1938,0.109375,488.542572,-819.223511,1.0,457.7283866461929,488.38701540938246
1939,0.113281,488.542572,-819.176819,1.0,832.2857906461929,360.0295024093825
1940,0.105469,488.542542,-819.140198,1.0,842.6830066461929,318.35628440938245
1941,0.105469,488.542572,-819.116943,1.0,869.556725646193,325.3381264093825
1942,0.101562,488.542572,-819.112061,1.0,881.9817736461929,302.91133840938244
1943,0.105469,488.542572,-819.113098,1.0,872.8294306461929,345.19881340938247
1944,0.105469,488.542572,-819.115906,1.0,898.2079706461928,278.85158440938244
1945,0.109375,488.542542,-819.117493,1.0,627.1833736461929,421.05055940938246
1946,0.109375,488.542603,-819.117432,1.0,666.5454036461929,454.7464514093825
1947,0.109375,488.542603,-819.116516,1.0,671.982231646193,477.0225744093824
1948,0.105469,488.542603,-819.115845,1.0,665.4009636461928,475.5763464093825
1949,0.105469,488.542603,-819.115723,1.0,710.6768426461929,485.3666904093825
1950,0.113281,488.542603,-819.115906,1.0,765.5549556461929,498.70500840938246
1951,0.101562,488.542572,-819.116089,1.0,776.0547106461929,508.0392374093825
1952,0.109375,488.542572,-819.116089,1.0,787.1884386461929,503.5596834093825
1953,0.105469,488.542572,-819.116028,1.0,810.1968616461929,499.0972814093825
1954,0.117188,488.542572,-819.115967,1.0,930.1479116461929,424.26366340938245
1955,0.113281,488.542542,-819.115967,1.0,930.1479116461929,424.26366340938245
1956,0.117188,488.542572,-819.115967,1.0,184.8926816461929,307.94255740938246
1957,0.109375,488.542572,-819.116028,1.0,235.8815996461929,113.31966340938246
1958,0.101562,488.542542,-819.115967,1.0,436.6419306461929,-185.61693659061754
1959,0.109375,488.542572,-819.116028,1.0,436.6419306461929,-185.61693659061754
1960,0.113281,488.542572,-819.115967,1.0,436.6419306461929,-185.61693659061754
1961,0.105469,488.542603,-819.115967,1.0,436.6419306461929,-185.61693659061754
1962,0.109375,488.542572,-819.115967,1.0,741.002464646193,423.9535134093825
1963,0.113281,488.542572,-819.116028,1.0,789.0313346461929,467.81536040938244
1964,0.109375,488.542542,-819.116028,1.0,984.7056506461929,587.5667644093825
1965,0.113281,488.542572,-819.116028,1.0,986.3293696461928,572.6179724093824
1966,0.113281,488.542572,-819.116028,1.0,422.5910576461929,516.4311434093825
1967,0.105469,488.542603,-819.115967,1.0,408.2137996461929,532.0887974093824
1968,0.109375,488.542603,-819.115967,1.0,404.89605064619286,540.3629064093825
1969,0.105469,488.542572,-819.116028,1.0,391.04961464619294,570.7200234093824
1970,0.105469,488.542572,-819.116028,1.0,844.1665276461929,574.8228674093824
1971,0.109375,488.542542,-819.116028,1.0,1006.9447256461929,565.4886394093825
1972,0.117188,488.542572,-819.116028,1.0,1030.306480646193,570.5923984093824
1973,0.113281,488.542572,-819.116028,1.0,1424.7806636461928,574.9873574093824
1974,0.117188,488.542572,-819.116028,1.0,1475.943138646193,554.5928874093825
1975,0.113281,488.542542,-819.116028,1.0,1655.5256586461928,551.5811074093824
1976,0.109375,488.542542,-819.116028,1.0,1566.685326646193,575.4166174093824
1977,0.109375,488.542572,-819.116028,1.0,1569.0245596461928,562.5938024093824
1978,0.105469,488.542542,-819.116028,1.0,1474.7525866461929,568.9103304093825
1979,0.105469,488.542572,-819.116028,1.0,1221.6087886461928,595.9821694093824
1980,0.109375,488.542572,-819.116028,1.0,1222.098412646193,588.5235514093824
1981,0.113281,488.542542,-819.116028,1.0,1208.865013646193,580.4380404093824
1982,0.105469,488.542572,-819.116028,1.0,1215.779076646193,577.3735874093825
1983,0.113281,488.542572,-819.116028,1.0,1210.4931876461928,563.1228554093825
1984,0.113281,488.542572,-819.116028,1.0,986.2389766461929,539.6483074093825
1985,0.101562,488.542572,-819.116028,1.0,987.429833646193,524.7114174093824
1986,0.101562,488.542603,-819.116028,1.0,986.0626456461929,531.4266274093825
1987,0.105469,488.542542,-819.115784,1.0,964.9090816461929,524.0899574093825
1988,0.113281,488.542572,-819.113525,1.0,953.0679556461929,372.46324840938246
1989,0.101562,488.542542,-819.109253,1.0,927.2455676461929,361.98720440938246
1990,0.105469,488.542572,-819.102783,1.0,946.0219356461929,329.58290740938247
1991,0.105469,488.542572,-819.093872,1.0,1305.429100646193,288.4712134093825
1992,0.105469,488.542572,-819.082642,1.0,1432.577904646193,304.84108640938246
1993,0.109375,488.542572,-819.067261,1.0,1435.1552966461927,315.52446640938246
1994,0.105469,488.542542,-819.045288,1.0,1407.7137686461929,306.37981340938245
1995,0.109375,488.542511,-819.006042,1.0,1406.978417646193,304.6079624093825
1996,0.109375,488.542572,-818.933716,1.0,1117.322716646193,518.5009684093825
1997,0.117188,488.542694,-818.812378,1.0,1118.896263646193,476.8610144093825
1998,0.101562,488.542877,-818.660767,1.0,1105.7319576461928,471.57100540938245
1999,0.109375,488.543243,-818.444946,1.0,985.9635246461929,460.54012240938243
2000,0.101562,488.543732,-818.205017,1.0,966.5736316461929,468.43965840938245
2001,0.113281,488.544464,-817.887573,1.0,968.905968646193,493.1905434093825
2002,0.113281,488.54541,-817.519592,1.0,946.844322646193,499.51286940938246
2003,0.109375,488.546722,-817.124756,1.0,587.8320546461929,67.09197140938245
2004,0.101562,488.54834,-816.696899,1.0,587.8320546461929,67.09197140938245
2005,0.105469,488.550476,-816.222412,1.0,930.1382076461929,349.6214514093825
2006,0.101562,488.553131,-815.705566,1.0,904.7525256461929,326.7225864093825
2007,0.109375,488.556366,-815.121216,1.0,920.5844966461929,306.64980240938246
2008,0.109375,488.56015,-814.480347,1.0,887.4082266461929,331.56050740938247
2009,0.113281,488.564667,-813.77063,1.0,902.9523556461929,309.57790240938243
2010,0.109375,488.569763,-813.020325,1.0,905.4659656461929,279.3351354093825
2011,0.109375,488.575287,-812.233521,1.0,902.5686886461929,269.50740740938244
2012,0.109375,488.581055,-811.41156,1.0,896.7126086461928,268.06597040938243
2013,0.101562,488.5867,-810.574646,1.0,907.6337516461929,294.7703164093825
2014,0.109375,488.592407,-809.667236,1.0,890.075096646193,276.92610840938244
2015,0.101562,488.597809,-808.736328,1.0,1054.666161646193,-99.52655859061754
2016,0.105469,488.602814,-807.76947,1.0,878.0311516461929,339.36617140938245
2017,0.105469,488.60733,-806.760742,1.0,878.7891466461929,291.63631340938247
2018,0.113281,488.611237,-805.670715,1.0,867.3988276461929,371.14250840938246
2019,0.109375,488.614014,-804.533264,1.0,908.9295276461929,293.85106540938244
2020,0.109375,488.615417,-803.363403,1.0,984.3946156461928,200.80136740938246
2021,0.109375,488.615082,-802.098938,1.0,951.1238026461929,495.3516154093825
2022,0.109375,488.612823,-800.822998,1.0,944.1242916461929,441.38695440938244
2023,0.101562,488.608307,-799.55719,1.0,954.7549676461929,425.3773714093825
2024,0.105469,488.601044,-798.235229,1.0,961.2736446461929,429.8562534093825
2025,0.101562,488.590942,-796.906555,1.0,987.2101066461929,439.19316740938245
2026,0.109375,488.577393,-795.485596,1.0,996.4016346461929,468.28761940938244
2027,0.113281,488.561035,-793.967102,1.0,953.8373646461929,483.68938340938246
2028,0.113281,488.543793,-792.400269,1.0,997.162315646193,451.56343740938246
2029,0.113281,488.527466,-790.81366,1.0,1003.8397456461929,440.91619040938247
2030,0.109375,488.514557,-789.218811,1.0,1021.2095576461929,467.13506240938244
2031,0.109375,488.506989,-787.616516,1.0,980.8548206461929,405.69249640938244
2032,0.105469,488.505707,-786.026123,1.0,969.1480336461929,332.94344240938244
2033,0.105469,488.51123,-784.401123,1.0,965.050194646193,365.7776094093825
2034,0.109375,488.52417,-782.731384,1.0,955.924156646193,342.64528540938244
2035,0.113281,488.544952,-780.965637,1.0,1306.296043646193,515.9467684093825
2036,0.109375,488.571686,-779.14386,1.0,1299.270409646193,549.6434854093825
2037,0.101562,488.597809,-777.482361,1.0,1556.226219646193,627.2284464093824
2038,0.113281,488.626678,-775.539978,1.0,1531.546654646193,670.5217814093825
2039,0.113281,488.650604,-773.577087,1.0,1540.577416646193,674.2648234093824
2040,0.113281,488.667419,-771.559204,1.0,854.829552646193,485.4204014093824
2041,0.105469,488.676971,-769.587952,1.0,820.3797236461929,445.13661840938244
2042,0.109375,488.682434,-767.642517,1.0,936.156639646193,454.3139254093825
2043,0.105469,488.686554,-765.677795,1.0,955.5126576461929,470.2339084093825
2044,0.109375,488.691681,-763.606995,1.0,972.549339646193,483.8411174093825
2045,0.109375,488.699677,-761.515442,1.0,966.7434316461929,503.00841440938245
2046,0.113281,488.712891,-759.323669,1.0,969.9253166461929,491.61266240938244
2047,0.117188,488.732239,-757.117188,1.0,965.1416256461929,502.7991854093824
2048,0.105469,488.75589,-755.061279,1.0,977.7893916461929,539.8943394093825
2049,0.113281,488.787994,-752.749878,1.0,984.7612536461929,543.6714394093824
2050,0.113281,488.821686,-750.548645,1.0,925.2170036461929,727.5289834093825
2051,0.109375,488.857025,-748.303772,1.0,907.1305166461929,1165.6025914093825
2052,0.109375,488.89151,-746.07373,1.0,903.9457636461929,1180.8951944093824
2053,0.113281,488.925812,-743.776611,1.0,1113.510216646193,1191.4617224093824
2054,0.101562,488.956055,-741.691772,1.0,1083.738548646193,1191.7671424093824
2055,0.117188,488.991394,-739.232239,1.0,1083.2194446461929,1186.4127724093826
2056,0.101562,489.022125,-737.100281,1.0,1175.680138646193,995.7114784093824
2057,0.101562,489.053986,-734.922363,1.0,1050.581688646193,599.9406044093824
2058,0.101562,489.085602,-732.775757,1.0,1042.5855336461927,593.6350014093824
2059,0.113281,489.121216,-730.342773,1.0,686.3806996461929,1045.0699984093824
2060,0.113281,489.156494,-727.868469,1.0,650.5488216461929,1127.6309114093824
2061,0.113281,489.19043,-725.390076,1.0,623.4588856461929,1174.7081824093825
2062,0.105469,489.220306,-723.088684,1.0,993.2013176461929,500.88683240938246
2063,0.105469,489.247559,-720.706116,1.0,1003.1911856461929,499.9113684093825
2064,0.109375,489.26651,-718.289673,1.0,975.0893176461929,576.6229774093824
2065,0.105469,489.272797,-715.927734,1.0,978.9888546461929,574.3451454093824
2066,0.109375,489.263611,-713.479126,1.0,980.2932366461929,571.3278724093825
2067,0.109375,489.237885,-711.038208,1.0,984.8170406461929,577.2733074093825
2068,0.105469,489.200836,-708.679504,1.0,990.7750476461929,564.2537754093825
2069,0.101562,489.160126,-706.409424,1.0,1042.710899646193,600.4990764093825
2070,0.113281,489.116913,-703.821716,1.0,1048.328941646193,576.8164584093824
2071,0.101562,489.090698,-701.595581,1.0,1039.746178646193,580.8340984093825
2072,0.117188,489.079681,-698.971924,1.0,1047.5663076461929,573.9994424093825
2073,0.113281,489.091858,-696.493835,1.0,1017.3233876461929,563.5935584093825
2074,0.109375,489.125183,-694.022888,1.0,1008.3351676461929,544.5816564093825
2075,0.101562,489.168762,-691.85022,1.0,1014.7089466461929,533.6594154093824
2076,0.117188,489.231323,-689.275818,1.0,949.3169796461929,481.47545540938245
2077,0.113281,489.295105,-686.821228,1.0,943.9944696461929,464.34609140938244
2078,0.109375,489.353577,-684.536438,1.0,957.4713366461929,479.1037514093824
2079,0.113281,489.412842,-682.112671,1.0,965.8236316461929,496.7256994093824
2080,0.113281,489.468018,-679.75415,1.0,960.4992306461929,478.0187904093824
2081,0.105469,489.518066,-677.54718,1.0,1178.465050646193,301.08486040938243
2082,0.101562,489.566681,-675.370422,1.0,1473.9645016461927,144.42703940938245
2083,0.105469,489.613342,-673.261902,1.0,1299.374657646193,344.76271740938245
2084,0.101562,489.658478,-671.197021,1.0,1048.407372646193,478.5482094093825
2085,0.101562,489.700195,-669.2052,1.0,1066.041649646193,528.3388584093825
2086,0.105469,489.737915,-667.273438,1.0,1055.2275626461928,487.5494914093824
2087,0.101562,489.771118,-665.384033,1.0,1052.436180646193,508.5615764093825
2088,0.117188,489.802582,-663.314087,1.0,1056.5772936461929,478.9258944093824
2089,0.117188,489.82782,-661.333008,1.0,991.728417646193,468.74373540938245
2090,0.101562,489.845764,-659.623169,1.0,969.4470446461929,463.77901340938246
2091,0.105469,489.858917,-657.981934,1.0,876.5813836461929,416.6654884093825
2092,0.105469,489.86676,-656.354553,1.0,980.7384876461929,368.79946040938245
2093,0.117188,489.868042,-654.715698,1.0,988.8899166461929,414.09288740938246
2094,0.101562,489.863129,-653.350769,1.0,989.4488756461928,430.26280840938244
2095,0.105469,489.853027,-652.045349,1.0,1013.7528316461929,441.17629140938243
2096,0.113281,489.837982,-650.707825,1.0,1008.6483386461929,408.63872440938246
2097,0.113281,489.82196,-649.520142,1.0,1020.9696276461929,359.12001740938246
2098,0.109375,489.806885,-648.489136,1.0,1007.5504386461929,389.53865740938244
2099,0.113281,489.792969,-647.549438,1.0,985.5004506461929,403.71556740938246
2100,0.113281,489.780914,-646.730591,1.0,971.3332756461929,406.75035740938245
2101,0.101562,489.771484,-646.092407,1.0,986.7105336461929,364.55419040938244
2102,0.101562,489.763153,-645.547119,1.0,986.5382316461929,467.29711040938247
2103,0.101562,489.75589,-645.094604,1.0,998.0755236461929,434.51244240938246
2104,0.101562,489.75,-644.752625,1.0,1314.186058646193,470.07842140938243
2105,0.113281,489.745026,-644.485474,1.0,1338.969750646193,501.47185440938244
2106,0.109375,489.74231,-644.349731,1.0,1335.542748646193,508.0685954093825
2107,0.105469,489.741669,-644.321777,1.0,1340.406883646193,520.9248574093824
2108,0.105469,489.741882,-644.332458,1.0,1329.6158686461931,522.8464884093825
2109,0.113281,489.742249,-644.346863,1.0,1314.174217646193,508.4221714093825
2110,0.113281,489.742523,-644.352173,1.0,1321.021263646193,518.6409214093825
2111,0.113281,489.742523,-644.348755,1.0,1323.1958246461927,511.4111854093825
2112,0.101562,489.742493,-644.34375,1.0,1321.082420646193,526.1641154093825
2113,0.113281,489.742432,-644.340942,1.0,1321.5571526461931,528.5002964093825
2114,0.109375,489.742401,-644.341736,1.0,1331.132225646193,516.5778724093825
2115,0.113281,489.742401,-644.343811,1.0,1327.279930646193,495.6226724093824
2116,0.105469,489.742401,-644.34491,1.0,1379.7057116461929,506.7291784093825
2117,0.105469,489.742432,-644.344666,1.0,1382.0857166461929,490.9487224093824
2118,0.105469,489.742432,-644.343994,1.0,1371.305443646193,498.6343904093825
2119,0.113281,489.742432,-644.343384,1.0,1373.8875966461928,485.5347814093825
2120,0.109375,489.742432,-644.343384,1.0,1309.0100336461928,464.3592444093825
2121,0.113281,489.742432,-644.343567,1.0,1311.9806146461929,465.45177340938244
2122,0.113281,489.742432,-644.343689,1.0,1300.412254646193,483.28075340938244
2123,0.113281,489.742432,-644.343689,1.0,971.134667646193,267.43706440938246
2124,0.109375,489.742432,-644.343628,1.0,939.6772696461929,288.29802640938243
2125,0.109375,489.742432,-644.343567,1.0,954.906639646193,273.8161534093825
2126,0.109375,489.742432,-644.343567,1.0,968.4876336461929,315.49028640938246
2127,0.105469,489.742432,-644.343567,1.0,1024.558312646193,360.56001940938245
2128,0.113281,489.742432,-644.343628,1.0,1033.245079646193,347.3936684093824
2129,0.109375,489.742432,-644.343628,1.0,550.1418386461929,392.4783244093825
2130,0.113281,489.742462,-644.342407,1.0,297.1870966461929,326.19505940938245
2131,0.113281,489.742401,-644.338623,1.0,243.8143856461929,330.17049340938246
2132,0.113281,489.742188,-644.332336,1.0,1006.8105096461929,428.41292440938247
2133,0.109375,489.742035,-644.323547,1.0,1182.8567736461928,399.8505774093825
2134,0.105469,489.741852,-644.312805,1.0,1173.194603646193,474.72374640938244
2135,0.105469,489.741638,-644.300293,1.0,1233.4944086461928,473.88957840938247
2136,0.105469,489.741302,-644.284973,1.0,1243.036156646193,516.8714514093824
2137,0.113281,489.740967,-644.266968,1.0,1229.0219966461927,549.1378694093825
2138,0.113281,489.740601,-644.246521,1.0,1220.214256646193,505.4381014093825
2139,0.113281,489.740112,-644.223267,1.0,1234.630394646193,527.6368324093825
2140,0.105469,489.739624,-644.19928,1.0,1207.1002436461931,499.91844840938245
2141,0.109375,489.739166,-644.173401,1.0,1040.025902646193,200.06299540938247
2142,0.101562,489.738678,-644.14624,1.0,880.4037716461929,-41.90253459061754
2143,0.105469,489.738037,-644.11676,1.0,880.4037716461929,-41.90253459061754
2144,0.101562,489.737396,-644.086609,1.0,1190.7514886461927,255.71584240938245
2145,0.113281,489.736755,-644.050964,1.0,1547.5707026461928,515.5705484093825
2146,0.113281,489.736023,-644.011963,1.0,1535.0532466461927,525.6976234093825
2147,0.113281,489.735199,-643.970825,1.0,1520.323509646193,505.7650064093824
2148,0.101562,489.734436,-643.932495,1.0,1100.7088856461928,588.6114414093825
2149,0.113281,489.733521,-643.884216,1.0,1031.0717396461928,494.4513464093825
2150,0.113281,489.732452,-643.827759,1.0,1037.315819646193,404.65145040938245
2151,0.109375,489.731018,-643.75531,1.0,988.1975336461929,447.94292340938244
2152,0.113281,489.728973,-643.651917,1.0,1292.4601066461928,500.3997714093824
2153,0.109375,489.726013,-643.500977,1.0,955.1252066461929,358.88625240938245
2154,0.109375,489.722076,-643.306702,1.0,1057.4960566461928,396.37285540938245
2155,0.109375,489.717102,-643.062134,1.0,1018.1031726461929,419.5611794093825
2156,0.109375,489.710876,-642.759888,1.0,1202.972313646193,543.0131144093824
2157,0.113281,489.70343,-642.405457,1.0,907.3208856461929,456.38109540938245
2158,0.109375,489.694946,-642.008362,1.0,972.9665156461929,460.53197340938243
2159,0.113281,489.68515,-641.560974,1.0,960.7210926461929,406.42534540938243
2160,0.105469,489.674683,-641.091797,1.0,1001.8932116461929,411.75807840938245
2161,0.105469,489.662628,-640.564636,1.0,1033.002831646193,409.08522740938247
2162,0.105469,489.649353,-639.998901,1.0,1044.9268426461929,449.32891040938244
2163,0.105469,489.634552,-639.38739,1.0,1015.3175896461929,456.52272740938247
2164,0.113281,489.617249,-638.689819,1.0,1002.0287716461929,422.8025124093825
2165,0.105469,489.599365,-637.993469,1.0,1010.713829646193,458.90508140938243
2166,0.101562,489.580505,-637.277222,1.0,995.283714646193,446.59108640938246
2167,0.113281,489.556946,-636.41333,1.0,999.6299066461929,438.87422840938245
2168,0.101562,489.534485,-635.61261,1.0,949.1706166461929,445.63103440938244
2169,0.113281,489.506104,-634.637756,1.0,1007.2559436461929,412.02681640938243
2170,0.113281,489.476807,-633.668518,1.0,989.5789416461929,394.03298140938244
2171,0.109375,489.445465,-632.666504,1.0,995.3872306461928,383.9751504093825
2172,0.109375,489.411469,-631.621765,1.0,1002.2189566461929,377.43572140938244
2173,0.101562,489.378967,-630.649414,1.0,980.1435176461929,394.41332140938243
2174,0.113281,489.340332,-629.503052,1.0,1007.3267446461929,384.48009440938245
2175,0.113281,489.300385,-628.314331,1.0,1004.8540886461928,414.89433940938244
2176,0.113281,489.258087,-627.046875,1.0,1018.8803946461929,350.44094040938245
2177,0.113281,489.21405,-625.720032,1.0,909.8021476461929,411.40511240938247
2178,0.113281,489.169769,-624.379578,1.0,894.6037836461929,389.7255774093825
2179,0.109375,489.12677,-623.078552,1.0,946.1881336461929,364.3405374093825
2180,0.109375,489.084717,-621.807678,1.0,948.9347156461929,382.89769640938243
2181,0.109375,489.041992,-620.523132,1.0,963.2720576461929,393.6465984093825
2182,0.113281,489.000183,-619.241516,1.0,959.1505366461929,408.79439440938245
2183,0.113281,488.959747,-617.953369,1.0,961.1636586461929,390.76555540938244
2184,0.109375,488.922791,-616.710205,1.0,967.6259386461929,323.1757114093825
2185,0.109375,488.889771,-615.518188,1.0,911.5349966461929,402.37660940938247
2186,0.101562,488.859314,-614.398682,1.0,889.5973136461929,403.36290640938245
2187,0.113281,488.819366,-613.144165,1.0,939.6908806461929,674.3816444093825
2188,0.109375,488.770233,-611.971191,1.0,891.5287716461929,604.9293124093824
2189,0.105469,488.707062,-610.813599,1.0,925.8004386461929,410.46803940938247
2190,0.113281,488.624268,-609.617798,1.0,953.7479486461929,373.39073840938244
2191,0.101562,488.534821,-608.544067,1.0,944.5334706461929,372.7290254093825
2192,0.101562,488.435486,-607.50415,1.0,945.9918446461929,373.16661740938247
2193,0.117188,488.306824,-606.306335,1.0,961.0046626461929,393.6636874093825
2194,0.113281,488.169952,-605.147278,1.0,967.7233516461929,402.18398240938245
2195,0.113281,488.020172,-603.975037,1.0,1059.306297646193,358.4866554093825
2196,0.101562,487.88385,-602.965576,1.0,1079.332604646193,376.68663740938246
2197,0.113281,487.729706,-601.855164,1.0,1086.271019646193,383.10723040938245
2198,0.113281,487.578064,-600.767761,1.0,1082.2073596461928,404.83577640938245
2199,0.105469,487.434113,-599.720032,1.0,1107.0922476461928,452.84444340938245
2200,0.113281,487.292694,-598.648926,1.0,1128.5898066461928,432.88487940938245
2201,0.113281,487.159058,-597.572937,1.0,1147.6576166461928,442.7891154093825
2202,0.113281,487.033081,-596.48053,1.0,1101.5467156461928,414.13524540938243
2203,0.113281,486.920349,-595.423523,1.0,1094.546105646193,438.3952244093825
2204,0.113281,486.813751,-594.34729,1.0,1060.920616646193,482.78472040938243
2205,0.109375,486.715485,-593.282288,1.0,1066.5488516461928,496.2760534093825
2206,0.113281,486.620514,-592.182922,1.0,1076.6364986461929,467.12868440938246
2207,0.101562,486.537933,-591.176514,1.0,1036.706871646193,489.8144444093824
2208,0.109375,486.454346,-590.109924,1.0,1062.3832026461928,451.9651094093825
2209,0.109375,486.372528,-589.017395,1.0,1076.250816646193,447.25423340938244
2210,0.113281,486.291016,-587.872498,1.0,1156.702599646193,340.99925940938243
2211,0.113281,486.211945,-586.692322,1.0,1388.248070646193,157.10861840938244
2212,0.101562,486.147705,-585.663086,1.0,1233.408592646193,294.8662024093825
2213,0.113281,486.079254,-584.472046,1.0,973.4027946461929,493.6639324093825
2214,0.109375,486.018524,-583.299866,1.0,987.8360216461929,473.7006144093824
2215,0.109375,485.964447,-582.130981,1.0,1031.352623646193,463.2163914093825
2216,0.109375,485.917358,-580.974548,1.0,1008.9128656461929,423.70366540938244
2217,0.109375,485.87439,-579.766602,1.0,1040.3956536461928,421.2261874093825
2218,0.113281,485.836639,-578.533264,1.0,1028.5203486461928,438.24150740938245
2219,0.113281,485.803528,-577.257812,1.0,1171.228539646193,571.8155434093825
2220,0.117188,485.77594,-575.973511,1.0,1146.388695646193,511.8442294093825
2221,0.109375,485.754059,-574.723816,1.0,579.4319086461928,430.75722440938245
2222,0.113281,485.735687,-573.421509,1.0,226.4979526461929,275.19921040938243
2223,0.117188,485.721283,-572.096802,1.0,283.45192764619287,332.35408740938243
2224,0.105469,485.711151,-570.855347,1.0,1161.4826896461927,397.44405240938244
2225,0.101562,485.703827,-569.732666,1.0,1452.1070796461927,316.08815640938246
2226,0.109375,485.696686,-568.518066,1.0,1477.6644526461928,423.9710304093825
2227,0.113281,485.688385,-567.260559,1.0,1414.716698646193,519.0049354093825
2228,0.101562,485.678406,-566.150024,1.0,1379.139793646193,428.69911840938244
2229,0.113281,485.662964,-564.888977,1.0,941.3796626461929,472.47771340938243
2230,0.113281,485.643738,-563.675659,1.0,918.4184806461928,293.75105940938244
2231,0.101562,485.624237,-562.586182,1.0,944.5551386461929,-6.854378590617543
2232,0.101562,485.604919,-561.534241,1.0,944.5551386461929,-6.854378590617543
2233,0.113281,485.583771,-560.34082,1.0,944.5551386461929,-6.854378590617543
2234,0.113281,485.564819,-559.182983,1.0,944.5551386461929,-6.854378590617543
2235,0.109375,485.54776,-558.042419,1.0,944.5551386461929,-6.854378590617543
2236,0.113281,485.53183,-556.894287,0.0,165.0660636461929,-40.20673459061754
2237,0.132812,485.514099,-555.559143,0.0,165.0660636461929,-40.20673459061754
2238,0.105469,485.500336,-554.504944,1.0,1192.3187496461928,529.5876384093824
2239,0.105469,485.486694,-553.44281,1.0,1202.093407646193,554.5701824093825
2240,0.105469,485.47403,-552.423218,1.0,1191.996117646193,537.0490024093824
2241,0.105469,485.461975,-551.401733,1.0,1585.899193646193,502.2287514093824
2242,0.101562,485.451202,-550.432434,1.0,1584.9896476461927,505.99516940938247
2243,0.113281,485.439758,-549.326782,1.0,1600.7676016461928,514.5243444093825
2244,0.101562,485.430756,-548.39447,1.0,1556.040428646193,503.7827674093825
2245,0.113281,485.421112,-547.325745,1.0,596.1481866461929,465.35115740938244
2246,0.101562,485.413055,-546.383911,1.0,593.0336236461928,459.87197040938247
2247,0.101562,485.405457,-545.437195,1.0,600.2817006461929,457.65584440938244
2248,0.105469,485.398163,-544.473816,1.0,598.6585926461929,460.2944254093825
2249,0.105469,485.391449,-543.525757,1.0,1550.1894766461928,433.0219334093825
2250,0.105469,485.385254,-542.573792,1.0,1546.185936646193,441.74336940938247
2251,0.105469,485.379852,-541.6698,1.0,1550.762474646193,446.02474140938244
2252,0.113281,485.374329,-540.647705,1.0,1548.4114006461928,471.27516840938245
2253,0.117188,485.369568,-539.657959,1.0,1371.894798646193,498.90453240938245
2254,0.113281,485.365417,-538.675232,1.0,1375.596581646193,507.23320640938243
2255,0.101562,485.362213,-537.811401,1.0,1348.845604646193,483.37572340938243
2256,0.105469,485.359253,-536.907043,1.0,595.8865286461929,431.81316240938247
2257,0.105469,485.356873,-536.043396,1.0,417.12583264619286,352.1902994093825
2258,0.101562,485.355011,-535.236023,1.0,380.1827326461929,354.88146140938244
2259,0.105469,485.353638,-534.456726,1.0,389.1370476461929,346.25533240938245
2260,0.105469,485.352661,-533.709534,1.0,384.7268146461929,346.16838740938243
2261,0.101562,485.352234,-533.012817,1.0,426.1270076461929,331.89742140938245
2262,0.117188,485.352448,-532.250244,1.0,1610.812157646193,413.0277014093825
2263,0.113281,485.353424,-531.491821,1.0,1591.262962646193,479.8309244093824
2264,0.101562,485.354919,-530.819214,1.0,1596.3445056461928,487.3027864093824
2265,0.109375,485.357178,-530.121277,1.0,1642.3913806461928,466.8243934093825
2266,0.105469,485.359894,-529.468811,1.0,1642.491844646193,467.08312140938244
2267,0.105469,485.363098,-528.810303,1.0,1655.9453356461927,482.15984240938246
2268,0.113281,485.367035,-528.114197,1.0,1641.262962646193,461.39122640938245
2269,0.105469,485.371155,-527.477722,1.0,1634.918724646193,502.7419954093824
2270,0.109375,485.375793,-526.84137,1.0,1442.487938646193,535.0652994093824
2271,0.105469,485.380615,-526.23761,1.0,1080.3131946461929,574.2263094093825
2272,0.113281,485.386749,-525.585327,1.0,1077.180565646193,572.1996984093824
2273,0.101562,485.393494,-525.025024,1.0,1074.914391646193,575.8881754093825
2274,0.113281,485.403931,-524.394165,1.0,1076.588951646193,567.4009314093825
2275,0.101562,485.416809,-523.830566,1.0,1112.751732646193,523.6345744093825
2276,0.121094,485.43631,-523.193787,1.0,1105.457420646193,505.60472740938246
2277,0.117188,485.461243,-522.568726,1.0,1090.226280646193,497.11095340938243
2278,0.109375,485.491486,-521.949036,1.0,1080.7489246461928,485.42565040938246
2279,0.105469,485.525299,-521.354431,1.0,1074.7113276461928,459.46755140938245
2280,0.113281,485.569,-520.679749,1.0,1057.287071646193,462.11376140938245
2281,0.113281,485.618042,-520.006714,1.0,1048.707726646193,443.97878140938246
2282,0.113281,485.675079,-519.304688,1.0,1058.924522646193,459.3480144093825
2283,0.105469,485.735443,-518.627808,1.0,1073.0699086461927,455.4530864093825
2284,0.113281,485.807495,-517.882446,1.0,1043.2107166461929,465.40138940938243
2285,0.113281,485.886383,-517.120422,1.0,1010.0786366461929,460.25298240938247
2286,0.101562,485.960754,-516.437744,1.0,946.9764636461929,338.5000524093825
2287,0.117188,486.055267,-515.607483,1.0,946.3229606461929,345.20226240938246
2288,0.101562,486.14447,-514.855591,1.0,961.628136646193,361.4513774093825
2289,0.101562,486.234863,-514.117676,1.0,928.294518646193,384.79634740938246
2290,0.109375,486.342407,-513.259888,1.0,977.4668206461929,413.67555940938246
2291,0.109375,486.450531,-512.40686,1.0,962.989403646193,395.54204440938247
2292,0.109375,486.56485,-511.506134,1.0,939.8741076461929,398.91442040938244
2293,0.113281,486.683472,-510.56897,1.0,932.0957876461929,428.21929040938244
2294,0.113281,486.804199,-509.609589,1.0,921.7608266461929,454.23744840938247
2295,0.113281,486.92038,-508.680542,1.0,936.4903186461929,432.36034340938244
2296,0.113281,487.035217,-507.755859,1.0,922.5835806461929,415.2023234093825
2297,0.113281,487.151398,-506.81488,1.0,931.825768646193,413.32170740938244
2298,0.105469,487.269714,-505.851013,1.0,914.880882646193,374.55651040938244
2299,0.109375,487.39267,-504.8414,1.0,898.9994746461929,382.21102040938246
2300,0.109375,487.516724,-503.80777,1.0,918.8366326461929,358.79732440938244
2301,0.113281,487.643616,-502.712646,1.0,908.0955436461929,333.66017840938247
2302,0.113281,487.773041,-501.534576,1.0,912.3338246461929,360.3571994093825
2303,0.101562,487.882751,-500.468079,1.0,904.948204646193,331.14601840938246
2304,0.113281,488.005981,-499.170868,1.0,911.8406606461929,346.8149634093825
2305,0.113281,488.121185,-497.831085,1.0,755.4174426461929,77.87484640938246
2306,0.109375,488.222351,-496.494232,1.0,882.4933096461929,460.73000240938245
2307,0.105469,488.308716,-495.159546,1.0,805.6015856461929,330.01372440938246
2308,0.105469,488.380432,-493.820526,1.0,848.3097766461929,343.06536040938244
2309,0.109375,488.439667,-492.413696,1.0,909.6740956461929,338.34764740938243
2310,0.113281,488.486572,-490.890045,1.0,909.114403646193,325.98308440938246
2311,0.113281,488.519348,-489.306671,1.0,904.6902096461929,351.9718844093825
2312,0.117188,488.54068,-487.717834,1.0,868.6610346461929,72.47164040938246
2313,0.113281,488.55658,-486.111481,1.0,795.3576896461929,461.19994240938246
2314,0.113281,488.572479,-484.455627,1.0,907.3425526461929,493.3707804093824
2315,0.109375,488.589935,-482.841705,1.0,948.9969106461929,438.33699740938243
2316,0.109375,488.610382,-481.198456,1.0,940.5768666461929,451.51964440938247
2317,0.109375,488.632751,-479.552063,1.0,927.5547716461929,489.9643474093824
2318,0.113281,488.657257,-477.820679,1.0,867.0453116461929,489.3333654093825
2319,0.117188,488.683228,-475.992157,1.0,911.8093496461929,491.9789954093825
2320,0.101562,488.705566,-474.371826,1.0,894.4650506461929,497.42650540938246
2321,0.113281,488.728607,-472.497894,1.0,902.5214466461929,490.5946574093824
2322,0.109375,488.746185,-470.643311,1.0,970.7189566461929,484.5907504093825
2323,0.113281,488.756836,-468.665924,1.0,950.865257646193,448.98506840938245
2324,0.113281,488.758392,-466.68811,1.0,962.6363756461928,451.0033174093825
2325,0.109375,488.751556,-464.741486,1.0,979.1433346461929,460.3461214093825
2326,0.105469,488.738861,-462.843536,1.0,1009.8258906461929,450.34355840938247
2327,0.101562,488.723053,-460.925262,1.0,993.2073596461929,474.5260534093825
2328,0.109375,488.706177,-458.912323,1.0,999.4261706461929,454.24196540938243
2329,0.109375,488.690643,-456.886627,1.0,975.2170036461929,390.5818704093825
2330,0.109375,488.678864,-454.82843,1.0,971.3501216461929,414.7822484093825
2331,0.113281,488.676575,-452.693268,1.0,980.6709826461929,448.52025540938246
2332,0.109375,488.68811,-450.599426,1.0,975.339684646193,423.6425694093825
2333,0.109375,488.714417,-448.526489,1.0,966.9354486461929,466.21126440938247
2334,0.101562,488.752197,-446.581482,1.0,999.4416126461929,493.4297404093825
2335,0.101562,488.798706,-444.691132,1.0,897.9619986461929,465.25759040938243
2336,0.101562,488.849701,-442.779541,1.0,889.8490836461929,480.4120394093825
2337,0.105469,488.898254,-440.809479,1.0,949.3741686461929,447.12355740938244
2338,0.105469,488.935791,-438.787079,1.0,946.2990346461929,411.48842540938244
2339,0.105469,488.955719,-436.808685,1.0,954.992149646193,426.21831440938246
2340,0.101562,488.957794,-434.909485,1.0,948.4891596461929,401.45348240938245
2341,0.113281,488.940918,-432.778534,1.0,994.9037716461929,426.12758540938245
2342,0.101562,488.912781,-430.940826,1.0,982.0082026461929,462.84575540938243
2343,0.109375,488.871002,-428.88028,1.0,993.2207266461929,446.8214024093825
2344,0.109375,488.826233,-426.89325,1.0,991.5063716461929,457.1198034093825
2345,0.109375,488.783569,-424.88916,1.0,938.8273556461929,355.42937340938244
2346,0.105469,488.751801,-423.017822,1.0,912.2815786461929,323.93636240938247
2347,0.105469,488.730255,-421.069,1.0,940.2278066461929,350.41545740938244
2348,0.117188,488.722076,-419.032745,1.0,942.6848376461929,451.0079564093825
2349,0.105469,488.726471,-417.109344,1.0,998.8814326461929,428.97887340938246
2350,0.109375,488.740051,-415.207367,1.0,980.7481926461929,412.8060214093825
2351,0.105469,488.759094,-413.365295,1.0,921.4428336461929,323.85939740938244
2352,0.101562,488.780304,-411.590088,1.0,906.9857416461929,328.9059664093825
2353,0.105469,488.802429,-409.791138,1.0,905.364403646193,273.41158240938245
2354,0.101562,488.823883,-408.001038,1.0,925.9134146461929,268.41881440938243
2355,0.105469,488.844055,-406.241913,1.0,915.8732536461929,321.45073640938244
2356,0.101562,488.863525,-404.47998,1.0,921.8702016461929,293.80901240938243
2357,0.101562,488.882568,-402.745667,1.0,933.2478876461929,269.33013040938243
2358,0.105469,488.901764,-401.01001,1.0,1005.1102526461929,414.24108040938245
2359,0.105469,488.921539,-399.260071,1.0,989.7345206461929,449.6163854093825
2360,0.105469,488.942505,-397.451691,1.0,968.111656646193,428.96205840938245
2361,0.109375,488.963898,-395.658966,1.0,966.257103646193,460.79335740938245
2362,0.105469,488.984863,-393.935944,1.0,965.6216666461929,509.8562534093825
2363,0.101562,489.005219,-392.26355,1.0,838.0490346461929,450.67848840938245
2364,0.101562,489.023895,-390.622986,1.0,838.0490346461929,450.67848840938245
2365,0.109375,489.040802,-388.895721,1.0,878.9397206461929,414.64824540938247
2366,0.105469,489.053955,-387.180298,1.0,1084.6897206461929,458.86366940938245
2367,0.105469,489.062592,-385.519623,1.0,930.6103756461929,374.58016140938247
2368,0.105469,489.066956,-383.815857,1.0,965.861839646193,393.56227740938243
2369,0.113281,489.066864,-382.055786,1.0,945.587120646193,396.12602940938245
2370,0.109375,489.062531,-380.305298,1.0,957.5888906461929,420.95268940938246
2371,0.109375,489.055359,-378.617523,1.0,951.6584706461929,445.73479340938246
2372,0.105469,489.046417,-377.009949,1.0,974.4153676461929,385.55193240938246
2373,0.101562,489.036163,-375.448059,1.0,938.2347036461929,340.93242540938246
2374,0.113281,489.023376,-373.709198,1.0,958.647545646193,385.0665804093825
2375,0.105469,489.010559,-372.112946,1.0,935.4375846461929,348.63643540938244
2376,0.105469,488.996582,-370.483521,1.0,928.6508416461929,354.45268940938246
2377,0.105469,488.982361,-368.89682,1.0,896.1260616461929,394.39260040938245
2378,0.105469,488.968109,-367.323364,1.0,977.2094356461929,356.44509040938243
2379,0.105469,488.953766,-365.752899,1.0,987.1727526461929,375.20314740938244
2380,0.105469,488.939697,-364.192993,1.0,897.779930646193,280.23259640938244
2381,0.101562,488.926208,-362.685944,1.0,888.0011226461929,281.15276240938243
2382,0.113281,488.911438,-361.014038,1.0,900.0659416461929,305.02757940938244
2383,0.113281,488.896729,-359.348083,1.0,913.4046256461929,292.42864140938246
2384,0.101562,488.88385,-357.884186,1.0,908.7935416461929,320.54250240938245
2385,0.101562,488.870636,-356.40271,1.0,900.5891956461929,277.8174354093825
2386,0.101562,488.857178,-354.890808,1.0,907.4598626461928,265.76216840938247
2387,0.105469,488.843475,-353.36142,1.0,913.9427726461929,262.84300940938243
2388,0.109375,488.82959,-351.805695,1.0,887.5165636461929,268.57939840938246
2389,0.109375,488.816071,-350.234741,1.0,962.9424066461929,385.6010044093825
2390,0.101562,488.804352,-348.752747,1.0,976.4355096461929,390.8700784093825
2391,0.101562,488.79425,-347.315735,1.0,978.8366326461929,401.86785040938247
2392,0.113281,488.784576,-345.66806,1.0,978.6045156461929,364.0194614093825
2393,0.101562,488.778107,-344.239685,1.0,966.1009756461929,410.7491064093825
2394,0.101562,488.773193,-342.771332,1.0,905.661278646193,305.9755774093825
2395,0.101562,488.770172,-341.296661,1.0,897.3835686461929,286.43474440938246
2396,0.105469,488.768921,-339.79892,1.0,884.4973986461929,321.17812240938247
2397,0.109375,488.769379,-338.260986,1.0,908.0018546461929,268.8755714093825
2398,0.109375,488.771393,-336.689392,1.0,902.2220086461929,266.0288914093825
2399,0.109375,488.774719,-335.1185,1.0,918.8499996461929,281.06001940938245
2400,0.101562,488.778595,-333.630066,1.0,891.8435296461929,284.95400140938244
2401,0.101562,488.782593,-332.169006,1.0,913.2084586461929,311.36275440938243
2402,0.101562,488.78653,-330.71048,1.0,900.3503656461929,283.62670040938247
2403,0.105469,488.790375,-329.240509,1.0,882.4424066461929,290.4923314093825
2404,0.105469,488.794067,-327.722382,1.0,889.4840326461929,242.48433640938248
2405,0.105469,488.797668,-326.212677,1.0,898.5659416461929,266.66005640938243
2406,0.101562,488.801239,-324.693115,1.0,907.274254646193,288.46990140938243
2407,0.105469,488.80481,-323.188812,1.0,906.5606926461929,232.34889940938245
2408,0.105469,488.808563,-321.679352,1.0,909.356163646193,271.30831040938244
2409,0.101562,488.812378,-320.182434,1.0,898.7872546461929,261.59914340938246
2410,0.101562,488.816101,-318.719177,1.0,901.9510126461929,259.0695104093825
2411,0.113281,488.820251,-317.079315,1.0,916.4265376461929,283.5546484093825
2412,0.109375,488.824402,-315.439117,1.0,889.361839646193,253.43050340938248
2413,0.105469,488.828156,-313.936127,1.0,951.5087516461929,374.2100444093825
2414,0.105469,488.832001,-312.383942,1.0,982.6280756461929,472.3796914093824
2415,0.109375,488.83606,-310.735748,1.0,958.555870646193,491.6822424093824
2416,0.105469,488.839905,-309.185181,1.0,944.1347896461929,334.94649440938247
2417,0.105469,488.843811,-307.611145,1.0,921.208336646193,292.81038540938243
2418,0.105469,488.847687,-306.052795,1.0,932.8624506461929,300.01503640938245
2419,0.101562,488.851318,-304.5737,1.0,916.623680646193,326.64540740938247
2420,0.113281,488.855469,-302.872894,1.0,934.6503536461929,312.11702640938245
2421,0.113281,488.859558,-301.204926,1.0,933.475670646193,302.79570640938243
2422,0.101562,488.863312,-299.681366,1.0,932.9466786461929,313.11849140938244
2423,0.105469,488.867126,-298.114288,1.0,895.4025506461929,509.19798940938244
2424,0.113281,488.871399,-296.3909,1.0,882.7548456461928,397.3022374093825
2425,0.113281,488.875793,-294.659119,1.0,896.9427726461929,428.10463640938246
2426,0.105469,488.879791,-293.036713,1.0,968.9916006461929,393.0674354093825
2427,0.109375,488.883759,-291.373444,1.0,968.3860096461929,447.9288854093825
2428,0.101562,488.887543,-289.823364,1.0,978.2715686461929,457.91344340938247
2429,0.113281,488.891785,-288.11499,1.0,987.8543326461929,454.93389040938246
2430,0.109375,488.896027,-286.399658,1.0,1001.633629646193,479.52422240938245
2431,0.109375,488.900208,-284.696381,1.0,988.076988646193,490.57231840938243
2432,0.105469,488.904083,-283.103394,1.0,991.466393646193,472.1139444093825
2433,0.101562,488.90802,-281.482941,1.0,938.0881586461929,378.93682040938245
2434,0.101562,488.911621,-279.870453,1.0,917.0068596461929,271.1342384093825
2435,0.105469,488.914581,-278.238617,1.0,903.2776726461929,317.9420994093825
2436,0.105469,488.916626,-276.569733,1.0,1067.7412346461929,529.4462804093824
2437,0.109375,488.917358,-274.804077,1.0,1070.938316646193,543.5004794093825
2438,0.109375,488.916534,-273.071838,1.0,1095.9938586461928,559.6296304093825
2439,0.109375,488.914154,-271.351715,1.0,1091.6501086461928,561.7615884093825
2440,0.105469,488.910248,-269.613586,1.0,999.3438956461929,527.4042884093825
2441,0.109375,488.904755,-267.841858,1.0,1009.1964346461929,513.2131874093825
2442,0.101562,488.898651,-266.215149,1.0,999.036461646193,514.4537874093825
2443,0.105469,488.891357,-264.509369,1.0,983.0107656461929,480.5955114093824
2444,0.105469,488.883575,-262.861542,1.0,989.9934926461929,463.60558240938246
2445,0.101562,488.875397,-261.260742,1.0,970.2860346461929,440.9121314093825
2446,0.109375,488.866516,-259.536224,1.0,1005.3574456461929,427.11128940938244
2447,0.105469,488.858246,-257.899323,1.0,1012.0376216461929,453.65666840938246
2448,0.101562,488.852173,-256.446564,1.0,979.4685296461929,551.2887484093825
2449,0.109375,488.848145,-254.977463,1.0,987.291771646193,487.8939734093825
2450,0.109375,488.846924,-253.611908,1.0,1017.252464646193,466.69258840938244
2451,0.113281,488.848572,-252.33403,1.0,1001.3412096461929,530.2064734093825
2452,0.117188,488.853119,-251.186996,1.0,1031.167381646193,553.5796424093825
2453,0.113281,488.859802,-250.177048,1.0,1041.844139646193,546.5642614093824
2454,0.101562,488.86673,-249.397202,1.0,981.9488756461928,559.5298374093825
2455,0.101562,488.874023,-248.709198,1.0,1008.1061026461929,532.6060704093825
2456,0.113281,488.882446,-248.023346,1.0,955.4180536461929,551.6409824093824
2457,0.113281,488.889954,-247.44194,1.0,986.0351186461929,572.3099894093824
2458,0.105469,488.896667,-246.934982,1.0,966.5876086461928,530.8972084093824
2459,0.101562,488.902893,-246.469955,1.0,970.0207146461929,533.9628824093825
2460,0.117188,488.910583,-245.9095,1.0,906.6913686461929,494.5606604093824
2461,0.113281,488.918243,-245.37175,1.0,910.9958126461929,400.57430140938243
2462,0.113281,488.926239,-244.849609,1.0,870.4878776461929,432.27236040938243
2463,0.101562,488.933258,-244.417542,1.0,1010.8760616461929,373.6779394093825
2464,0.101562,488.94046,-243.984604,1.0,974.9436886461929,401.77818940938243
2465,0.105469,488.947815,-243.565247,1.0,990.1051256461928,422.08611240938245
2466,0.113281,488.95575,-243.124588,1.0,976.4165886461928,431.59172740938243
2467,0.109375,488.96347,-242.702225,1.0,980.3643426461929,449.22090840938245
2468,0.109375,488.971008,-242.294662,1.0,1095.0489736461927,427.99718340938244
2469,0.109375,488.978943,-241.882034,1.0,1089.471214646193,440.11504240938245
2470,0.101562,488.986145,-241.515793,1.0,1096.444115646193,476.48369540938245
2471,0.101562,488.9935,-241.149841,1.0,1107.062401646193,471.08391440938243
2472,0.113281,489.001953,-240.745407,1.0,821.3861926461929,158.30905840938246
2473,0.113281,489.010071,-240.358322,1.0,821.3861926461929,158.30905840938246
2474,0.113281,489.018524,-239.97081,1.0,1176.960960646193,416.5308754093825
2475,0.109375,489.026764,-239.600723,1.0,1314.426170646193,458.13811440938247
2476,0.113281,489.035065,-239.23262,1.0,1261.366844646193,559.2850254093825
2477,0.109375,489.043488,-238.867233,1.0,1263.448021646193,546.5303874093825
2478,0.101562,489.051056,-238.543228,1.0,1212.9415516461927,525.2944254093825
2479,0.109375,489.059601,-238.181122,1.0,1118.1574336461929,439.65730940938244
2480,0.113281,489.068298,-237.818054,1.0,1076.1144036461928,462.09709840938245
2481,0.113281,489.077026,-237.455109,1.0,1083.483910646193,486.80840240938244
2482,0.101562,489.085144,-237.121307,1.0,1077.778099646193,501.7394934093825
2483,0.101562,489.093597,-236.777847,1.0,1092.4977656461929,525.5793984093824
2484,0.113281,489.103149,-236.392883,1.0,1246.082298646193,521.7322304093825
2485,0.109375,489.113098,-235.999054,1.0,1532.772850646193,523.2177654093824
2486,0.109375,489.123657,-235.587479,1.0,1541.5645986461927,545.5855014093825
2487,0.117188,489.135681,-235.123764,1.0,1548.2343986461929,559.1670444093825
2488,0.113281,489.148468,-234.6371,1.0,1555.435570646193,540.8296424093825
2489,0.101562,489.160889,-234.169846,1.0,1560.7545406461927,535.8811564093825
2490,0.113281,489.175781,-233.60527,1.0,1551.577293646193,512.1667394093824
2491,0.117188,489.191467,-233.008499,1.0,1063.935021646193,447.75698040938244
2492,0.101562,489.205963,-232.4505,1.0,1029.4641346461929,463.27303240938244
2493,0.113281,489.222717,-231.797104,1.0,1016.4174426461929,482.7422404093825
2494,0.109375,489.239288,-231.13414,1.0,1022.4164666461929,521.6423864093824
2495,0.109375,489.25531,-230.463333,1.0,981.6410756461929,490.23436640938246
2496,0.113281,489.271423,-229.741028,1.0,1025.773155646193,485.6108314093825
2497,0.101562,489.284882,-229.085312,1.0,1001.9892206461928,479.52782340938245
2498,0.113281,489.299316,-228.293198,1.0,959.712792646193,456.80504540938244
2499,0.113281,489.311554,-227.49472,1.0,977.6296626461929,462.14842940938246
2500,0.117188,489.321808,-226.669464,1.0,424.9938896461929,354.31362040938245
2501,0.113281,489.329865,-225.804962,1.0,459.6359796461929,380.82433240938246
2502,0.113281,489.335938,-224.953812,1.0,985.3160026461929,457.89241740938246
2503,0.109375,489.340729,-224.096298,1.0,1026.4862906461929,489.0667034093825
2504,0.105469,489.344482,-223.228333,1.0,997.2985466461929,482.39012840938244
2505,0.113281,489.347321,-222.309479,1.0,1000.2904896461929,488.8566814093824
2506,0.113281,489.349304,-221.345734,1.0,1017.6548086461929,429.80605240938246
2507,0.113281,489.350159,-220.382645,1.0,1018.8875356461929,438.1815404093825
2508,0.113281,489.349731,-219.379517,1.0,997.1781856461929,377.77019440938244
2509,0.105469,489.348297,-218.447708,1.0,925.6362536461929,-221.78398959061755
2510,0.101562,489.345886,-217.539291,1.0,925.6362536461929,-221.78398959061755
2511,0.101562,489.342377,-216.586975,1.0,1018.708336646193,615.4882724093825
2512,0.101562,489.337952,-215.650146,1.0,1115.344750646193,453.7421484093825
2513,0.113281,489.331696,-214.570526,1.0,1061.400047646193,443.02092640938247
2514,0.101562,489.325134,-213.594528,1.0,1123.391441646193,581.3234164093825
2515,0.101562,489.31778,-212.59079,1.0,941.3206416461929,348.66991340938245
2516,0.101562,489.309418,-211.518478,1.0,968.0543446461929,351.63173540938243
2517,0.105469,489.299896,-210.377182,1.0,920.7762686461929,330.29711040938247
2518,0.101562,489.289581,-209.211472,1.0,923.6214836461929,317.38841940938244
2519,0.105469,489.278137,-207.973557,1.0,952.9537586461929,376.43218140938245
2520,0.105469,489.265839,-206.716034,1.0,755.0644766461929,558.3123694093824
2521,0.101562,489.25354,-205.469162,1.0,1012.5119866461929,464.15532640938244
2522,0.101562,489.241547,-204.230362,1.0,955.396507646193,337.87801240938245
2523,0.113281,489.228546,-202.785904,1.0,945.5128406461929,341.36812540938246
2524,0.101562,489.218048,-201.494308,1.0,959.2832266461929,356.8535074093825
2525,0.101562,489.208679,-200.184677,1.0,939.1107416461929,362.66011740938245
2526,0.105469,489.200195,-198.813644,1.0,971.9196406461929,377.46144740938246
2527,0.101562,489.192993,-197.449524,1.0,985.3192376461928,429.00340940938247
2528,0.101562,489.186798,-196.09227,1.0,969.7071156461928,472.39409540938243
2529,0.105469,489.181549,-194.687347,1.0,964.4598626461928,496.4456704093825
2530,0.113281,489.17691,-193.108917,1.0,955.5228506461929,445.50447740938245
2531,0.101562,489.17392,-191.679184,1.0,970.0669176461929,437.11058740938245
2532,0.113281,489.172028,-190.107574,1.0,987.5805286461929,469.63909040938245
2533,0.109375,489.171661,-188.565002,1.0,972.5296866461929,435.34908240938245
2534,0.113281,489.172852,-186.940765,1.0,988.499535646193,483.0397864093825
2535,0.101562,489.175354,-185.456375,1.0,984.3576896461929,446.08064940938243
2536,0.101562,489.179108,-183.99968,1.0,988.0907826461929,457.2647314093825
2537,0.113281,489.184998,-182.321548,1.0,1003.0051506461929,507.04210540938243
2538,0.101562,489.19162,-180.83548,1.0,960.7343376461929,508.6362224093824
2539,0.101562,489.199341,-179.393784,1.0,963.6400996461929,502.5552284093825
2540,0.109375,489.209045,-177.825104,1.0,974.5389636461929,516.3088904093825
2541,0.109375,489.219971,-176.284637,1.0,1126.631126646193,491.1943274093825
2542,0.105469,489.231873,-174.789612,1.0,1137.380882646193,509.4151524093825
2543,0.109375,489.245056,-173.286621,1.0,955.0118646461929,494.79088540938244
2544,0.105469,489.258636,-171.809647,1.0,982.8110586461929,505.23784540938243
2545,0.109375,489.272278,-170.349609,1.0,986.2838976461929,488.0624304093825
2546,0.105469,489.285675,-168.901276,1.0,980.0348136461929,476.3002234093825
2547,0.109375,489.298859,-167.451447,1.0,991.0583126461929,478.43425640938244
2548,0.105469,489.31131,-166.05603,1.0,982.6110466461929,467.12987440938247
2549,0.105469,489.323639,-164.665787,1.0,975.9485706461929,466.80712040938243
2550,0.105469,489.335907,-163.279221,1.0,926.0323116461929,625.2272254093824
2551,0.105469,489.3479,-161.935287,1.0,996.9958126461929,462.7457494093825
2552,0.113281,489.360809,-160.492813,1.0,981.2365346461929,498.4457924093824
2553,0.109375,489.373047,-159.114243,1.0,1062.3731926461928,456.63875540938244
2554,0.105469,489.384827,-157.751633,1.0,1134.161522646193,399.7514254093825
2555,0.125,489.39743,-156.227264,1.0,1134.161522646193,399.7514254093825
2556,0.109375,489.40799,-154.859558,1.0,1066.2954946461928,291.2740084093825
2557,0.105469,489.417053,-153.603409,1.0,816.4635856461929,415.6810214093825
2558,0.109375,489.426056,-152.258377,1.0,971.6718986461929,380.42934340938245
2559,0.105469,489.434021,-150.988327,1.0,971.3743526461928,447.02754840938246
2560,0.109375,489.441406,-149.721939,1.0,1132.9960566461928,441.55025440938243
2561,0.105469,489.448364,-148.455872,1.0,1256.485985646193,463.75847540938247
2562,0.113281,489.454956,-147.149902,1.0,1323.272972646193,449.90145040938245
2563,0.113281,489.46106,-145.837921,1.0,1261.469139646193,508.49071440938246
2564,0.113281,489.466522,-144.53421,1.0,1282.009422646193,507.68358540938243
2565,0.101562,489.470734,-143.40332,1.0,1278.849876646193,507.1848674093825
2566,0.101562,489.474609,-142.246597,1.0,1282.3619616461929,508.9925454093825
2567,0.101562,489.477905,-141.125916,1.0,1225.627831646193,613.5521764093825
2568,0.109375,489.48111,-139.902603,1.0,1040.620079646193,1144.1190714093825
2569,0.109375,489.483612,-138.726135,1.0,1030.4330676461927,1181.0886754093824
2570,0.109375,489.485809,-137.511322,1.0,1021.4054186461929,1199.6832804093824
2571,0.101562,489.487366,-136.43576,1.0,926.7080316461929,1093.0736614093826
2572,0.113281,489.488678,-135.196289,1.0,955.447350646193,177.80718140938245
2573,0.101562,489.48941,-134.108307,1.0,977.7802966461929,409.0422884093825
2574,0.113281,489.489716,-132.872604,1.0,989.904930646193,499.4357214093825
2575,0.105469,489.489563,-131.751266,1.0,937.484093646193,616.8665074093825
2576,0.113281,489.488861,-130.51474,1.0,999.4943476461929,543.7354044093825
2577,0.113281,489.487762,-129.315247,1.0,1028.1823356461928,527.7792274093824
2578,0.105469,489.486237,-128.157837,1.0,1039.450279646193,503.47490640938247
2579,0.105469,489.484344,-127.009377,1.0,1044.493553646193,534.8821934093825
2580,0.113281,489.481781,-125.786079,1.0,1046.878563646193,507.2394934093825
2581,0.109375,489.47879,-124.572723,1.0,1043.623741646193,503.2153844093824
2582,0.105469,489.475403,-123.395851,1.0,1056.151146646193,525.9420084093824
2583,0.105469,489.471558,-122.207253,1.0,1044.808678646193,545.8358684093824
2584,0.101562,489.467194,-121.023994,1.0,1060.8619616461929,570.6516024093825
2585,0.109375,489.462219,-119.805336,1.0,1049.746849646193,557.7737344093824
2586,0.105469,489.456696,-118.568207,1.0,1048.7000356461929,535.1470254093824
2587,0.105469,489.450928,-117.352135,1.0,1050.191490646193,535.8796914093824
2588,0.101562,489.445099,-116.162292,1.0,1052.4192736461928,534.9723424093825
2589,0.101562,489.439117,-114.948372,1.0,1287.9133536461927,284.82881840938245
2590,0.109375,489.43277,-113.655205,1.0,1424.536766646193,151.70391040938244
2591,0.109375,489.426422,-112.331879,1.0,1449.132347646193,169.22730140938245
2592,0.109375,489.421051,-110.985268,1.0,1124.8727656461929,414.62422840938245
2593,0.109375,489.419067,-109.627968,1.0,1052.772972646193,508.39867340938247
2594,0.101562,489.421417,-108.400475,1.0,1043.9566276461928,502.1710734093824
2595,0.105469,489.429138,-107.073952,1.0,1039.4093256461929,496.2002474093824
2596,0.105469,489.442322,-105.757027,1.0,1018.2374506461929,509.7205724093825
2597,0.105469,489.460266,-104.40831,1.0,1021.5217516461929,503.9543984093824
2598,0.109375,489.48056,-103.044456,1.0,1015.6649406461929,521.3633334093824
2599,0.105469,489.500763,-101.66507,1.0,1029.663597646193,481.42204940938245
2600,0.105469,489.51889,-100.298584,1.0,1003.1684806461928,493.3193274093825
2601,0.109375,489.535156,-98.917542,1.0,994.8161246461929,512.2825844093825
2602,0.105469,489.549591,-97.561737,1.0,1012.6369256461929,506.5247714093824
2603,0.109375,489.564087,-96.153381,1.0,976.880028646193,484.4266274093825
2604,0.109375,489.578339,-94.795258,1.0,970.3574456461929,482.4738074093824
2605,0.105469,489.592438,-93.513092,1.0,956.4878776461929,483.62480840938247
2606,0.101562,489.606995,-92.250534,1.0,968.2799916461929,452.75029640938243
2607,0.101562,489.621521,-91.018417,1.0,944.1062246461929,307.07924540938245
2608,0.105469,489.636414,-89.747406,1.0,944.1062246461929,307.07924540938245
2609,0.105469,489.650299,-88.44989,1.0,802.7350086461929,184.56572640938245
2610,0.109375,489.661469,-87.170296,1.0,708.340538646193,352.7949434093825
2611,0.109375,489.669373,-85.938019,1.0,909.8586666461929,371.0973124093825
2612,0.105469,489.673798,-84.802902,1.0,918.3583606461929,408.27437540938246
2613,0.101562,489.675446,-83.787369,1.0,910.4905016461929,398.31386440938246
2614,0.109375,489.675018,-82.738747,1.0,917.5070426461929,387.95342140938243
2615,0.113281,489.672974,-81.759148,1.0,896.5138176461929,399.3225924093825
2616,0.101562,489.669952,-80.888374,1.0,924.4376456461929,439.42134740938246
2617,0.109375,489.666351,-80.067535,1.0,919.119042646193,392.70149940938245
2618,0.113281,489.662109,-79.290031,1.0,915.8783806461929,412.17116440938247
2619,0.113281,489.657532,-78.582756,1.0,1415.976219646193,128.96401140938246
2620,0.101562,489.653351,-78.018005,1.0,1459.8114246461928,101.19722640938247
2621,0.105469,489.648621,-77.455452,1.0,1095.1216056461928,357.33867540938246
2622,0.105469,489.643738,-76.932632,1.0,1004.4643786461929,357.1913364093825
2623,0.105469,489.638672,-76.42485,1.0,1007.7181636461929,412.84505340938244
2624,0.101562,489.633362,-75.929123,1.0,1016.9890376461929,435.88249840938244
2625,0.105469,489.627655,-75.421692,1.0,955.1681146461929,411.7725444093825
2626,0.101562,489.621796,-74.932289,1.0,949.5105826461929,429.7224034093825
2627,0.101562,489.615906,-74.458458,1.0,969.0907826461929,425.59487040938245
2628,0.109375,489.609344,-73.953949,1.0,1041.464012646193,426.36000740938243
2629,0.105469,489.602783,-73.472084,1.0,1165.524681646193,532.2417514093825
2630,0.109375,489.596069,-72.993271,1.0,1184.109764646193,569.6835854093824
2631,0.105469,489.589142,-72.520386,1.0,1212.796776646193,537.4909584093824
2632,0.109375,489.582092,-72.052681,1.0,1215.897362646193,554.6539224093824
2633,0.101562,489.575012,-71.597534,1.0,1231.160667646193,594.1843784093825
2634,0.101562,489.567657,-71.138191,1.0,1239.602928646193,589.5958774093824
2635,0.109375,489.559082,-70.619934,1.0,1317.0045406461927,629.6476964093824
2636,0.105469,489.550598,-70.118973,1.0,1004.067528646193,672.7469394093824
2637,0.105469,489.541321,-69.591278,1.0,982.4371576461929,500.0510774093824
2638,0.105469,489.531647,-69.051918,1.0,962.1755606461929,479.09532840938243
2639,0.105469,489.521545,-68.502724,1.0,998.300011646193,498.7872234093825
2640,0.105469,489.511017,-67.943039,1.0,990.1987536461929,494.3653484093825
2641,0.105469,489.499786,-67.360191,1.0,999.8201526461929,481.11833840938243
2642,0.105469,489.488037,-66.767029,1.0,1008.3228996461929,460.76830240938244
2643,0.105469,489.476105,-66.17392,1.0,999.267052646193,469.1902994093825
2644,0.101562,489.464203,-65.580421,1.0,982.8469476461929,429.08489140938246
2645,0.101562,489.45224,-64.979446,1.0,1007.068565646193,448.79595140938244
2646,0.105469,489.440521,-64.378807,1.0,963.2051626461929,443.70165140938246
2647,0.109375,489.429535,-63.785683,1.0,995.4392326461929,446.3332434093825
2648,0.109375,489.41922,-63.192764,1.0,979.7683346461929,408.84151340938246
2649,0.101562,489.410187,-62.638367,1.0,976.399437646193,431.00557640938246
2650,0.101562,489.402374,-62.118618,1.0,537.5274896461929,535.6895664093825
2651,0.101562,489.394714,-61.574718,1.0,544.2871636461929,591.9435954093825
2652,0.101562,489.388,-61.060303,1.0,510.2223446461929,449.4244914093825
2653,0.109375,489.381104,-60.502731,1.0,510.2223446461929,449.4244914093825
2654,0.113281,489.374786,-59.95187,1.0,609.5923396461928,329.80080340938247
2655,0.101562,489.369446,-59.451885,1.0,1097.675255646193,307.8238744093825
2656,0.109375,489.364349,-58.928925,1.0,919.2851186461929,362.3935154093825
2657,0.105469,489.360046,-58.442539,1.0,893.6637196461929,372.84355840938247
2658,0.109375,489.356598,-57.996662,1.0,987.8661126461928,409.01848540938244
2659,0.109375,489.354034,-57.631229,1.0,933.7420276461929,326.38506240938244
2660,0.105469,489.352234,-57.339748,1.0,944.2463006461929,432.1416234093825
2661,0.109375,489.350983,-57.120785,1.0,927.0626456461929,369.20101040938243
2662,0.101562,489.350189,-56.975342,1.0,939.437889646193,379.08827840938244
2663,0.101562,489.349731,-56.895618,1.0,930.6774526461929,375.19280140938247
2664,0.105469,489.34967,-56.875751,1.0,918.9491816461929,424.7505714093825
2665,0.109375,489.34967,-56.881763,1.0,916.0063106461929,451.60750540938244
2666,0.101562,489.34967,-56.890095,1.0,927.9432606461929,424.42470440938246
2667,0.109375,489.349579,-56.894321,1.0,955.0010616461929,443.55397740938247
2668,0.109375,489.349609,-56.892899,1.0,931.6610346461929,422.22038940938245
2669,0.101562,489.349579,-56.889862,1.0,932.3511586461929,446.50282940938246
2670,0.101562,489.349579,-56.887848,1.0,1043.043053646193,438.48033840938245
2671,0.109375,489.34964,-56.887745,1.0,1154.779076646193,233.52925740938247
2672,0.109375,489.34964,-56.888855,1.0,1693.965599646193,-185.34531459061753
2673,0.105469,489.34964,-56.889793,1.0,1312.9320306461927,298.58522740938247
2674,0.101562,489.349609,-56.889923,1.0,1315.8369376461928,237.40349440938246
2675,0.109375,489.34964,-56.889523,1.0,1544.969261646193,119.86798740938247
2676,0.113281,489.349609,-56.889118,1.0,1492.616600646193,142.43283740938244
2677,0.113281,489.34964,-56.889023,1.0,1041.3270496461928,456.30562540938246
2678,0.113281,489.34964,-56.889168,1.0,1031.2652826461929,557.6041784093825
2679,0.109375,489.34964,-56.889336,1.0,1052.518089646193,465.06526840938244
2680,0.101562,489.349579,-56.889385,1.0,1068.851769646193,457.19032940938246
2681,0.101562,489.349579,-56.889347,1.0,318.2029956461929,499.8718784093825
2682,0.101562,489.349579,-56.88929,1.0,490.8328786461929,541.1663734093825
2683,0.113281,489.349609,-56.889256,1.0,512.9562916461929,548.3287264093825
2684,0.101562,489.349609,-56.889057,1.0,1020.1936886461929,473.6820594093824
2685,0.101562,489.349609,-56.887184,1.0,1043.306542646193,463.63671040938243
2686,0.101562,489.349609,-56.883209,1.0,1084.249046646193,506.7203894093825
2687,0.101562,489.349609,-56.877083,1.0,1048.635948646193,479.21190540938244
2688,0.101562,489.349609,-56.868805,1.0,995.8722156461929,399.46547640938246
2689,0.101562,489.349609,-56.858551,1.0,993.8972406461929,409.85524640938246
2690,0.109375,489.349609,-56.845295,1.0,984.9292226461929,473.1226724093824
2691,0.105469,489.349518,-56.830151,1.0,982.4368526461928,461.92250740938243
2692,0.109375,489.349365,-56.812588,1.0,1012.0924916461929,439.3791724093825
2693,0.101562,489.349213,-56.794033,1.0,979.7621696461929,439.55034540938243
2694,0.113281,489.34906,-56.771549,1.0,1011.1684196461929,426.93086940938247
2695,0.101562,489.348907,-56.748615,1.0,1071.615196646193,385.5651164093825
2696,0.105469,489.348724,-56.723801,1.0,1070.049584646193,455.3351354093825
2697,0.101562,489.348602,-56.697079,1.0,958.4981316461929,481.9861974093825
2698,0.113281,489.348389,-56.665695,1.0,426.7632376461929,624.7034824093824
2699,0.105469,489.348236,-56.634056,1.0,464.1586236461929,663.7299114093825
2700,0.109375,489.348083,-56.59853,1.0,1026.124230646193,542.8596714093825
2701,0.101562,489.3479,-56.562126,1.0,1047.037865646193,548.6815104093824
2702,0.101562,489.347778,-56.522133,1.0,1023.5049676461929,545.4955364093825
2703,0.113281,489.347504,-56.466919,1.0,987.2662586461929,529.7945474093824
2704,0.101562,489.347198,-56.408047,1.0,996.7546626461929,523.6695474093824
2705,0.105469,489.346863,-56.32962,1.0,996.7182246461929,518.4435344093824
2706,0.109375,489.346375,-56.223042,1.0,997.703514646193,516.5991734093825
2707,0.109375,489.345764,-56.076885,1.0,992.8150256461929,520.1964024093825
2708,0.109375,489.345032,-55.878124,1.0,992.6310046461929,482.04570640938243
2709,0.113281,489.344147,-55.626556,1.0,977.8934566461929,487.6159584093824
2710,0.101562,489.343414,-55.358234,1.0,998.721214646193,485.68340240938244
2711,0.109375,489.342529,-55.015091,1.0,1002.4557726461929,524.1074744093825
2712,0.113281,489.341705,-54.613335,1.0,1035.7257316461928,513.7430944093825
2713,0.109375,489.341187,-54.176418,1.0,1048.0841906461928,503.9114904093825
2714,0.109375,489.340912,-53.689396,1.0,1051.741173646193,501.72612640938246
2715,0.105469,489.341034,-53.164059,1.0,1071.760704646193,495.22954440938247
2716,0.105469,489.341644,-52.600872,1.0,997.514305646193,461.64174540938245
2717,0.109375,489.342896,-51.982185,1.0,992.1824576461929,478.94023840938246
2718,0.101562,489.344727,-51.333157,1.0,976.9428336461929,514.6600254093825
2719,0.105469,489.347107,-50.649193,1.0,937.0608146461929,616.6565464093825
2720,0.105469,489.349731,-49.913166,1.0,944.3401116461929,595.6365884093825
2721,0.105469,489.351898,-49.119114,1.0,881.5160756461929,446.9052654093825
2722,0.109375,489.352478,-48.259422,1.0,967.7226186461929,461.69618940938244
2723,0.109375,489.350739,-47.387833,1.0,967.2455676461929,461.93871240938245
2724,0.105469,489.346497,-46.518654,1.0,959.5296256461929,461.7707434093825
2725,0.109375,489.339386,-45.591244,1.0,973.9633416461929,464.23775440938243
2726,0.109375,489.329407,-44.609936,1.0,966.8536616461929,455.32097540938247
2727,0.109375,489.317352,-43.649422,1.0,995.2008906461929,407.3368444093825
2728,0.105469,489.302521,-42.649555,1.0,991.7152946461929,449.45732740938246
2729,0.105469,489.285736,-41.657978,1.0,1010.769981646193,437.17375840938246
2730,0.105469,489.266754,-40.65419,1.0,968.6241686461929,469.96739840938244
2731,0.109375,489.245575,-39.615978,1.0,966.2956776461929,489.5770174093825
2732,0.109375,489.223328,-38.570934,1.0,148.3344356461929,329.3037024093825
2733,0.105469,489.199677,-37.48225,1.0,157.8168086461929,328.9168614093825
2734,0.105469,489.17511,-36.355446,1.0,198.74271864619288,360.14583540938247
2735,0.109375,489.149048,-35.156342,1.0,686.1595086461929,465.7325354093825
2736,0.105469,489.122803,-33.945442,1.0,680.0100336461929,481.3720004093825
2737,0.105469,489.095856,-32.699783,1.0,568.3192066461929,456.66304640938245
2738,0.105469,489.068451,-31.436893,1.0,518.1130606461929,461.36962040938243
2739,0.105469,489.040741,-30.161777,1.0,454.4137806461929,468.12328240938245
2740,0.101562,489.012787,-28.877707,1.0,621.3607416461929,494.78124140938246
2741,0.109375,488.983826,-27.552629,1.0,990.0292596461929,507.1678384093825
2742,0.105469,488.954315,-26.200541,1.0,970.3238756461928,491.0511394093825
2743,0.121094,488.921265,-24.684113,1.0,969.2753536461929,503.65215240938244
2744,0.109375,488.890198,-23.259785,1.0,990.2319576461929,501.43132740938245
2745,0.109375,488.858826,-21.817228,1.0,1003.2834096461929,485.05406840938247
2746,0.101562,488.829224,-20.461327,1.0,999.8318106461929,481.86504240938245
2747,0.101562,488.799957,-19.101938,1.0,983.4657826461929,474.3478304093825
2748,0.101562,488.771942,-17.736937,1.0,972.8744136461929,478.22045040938247
2749,0.101562,488.745361,-16.344906,1.0,974.3365106461929,458.03334740938243
2750,0.101562,488.721344,-14.948716,1.0,952.8023916461929,453.47072540938245
2751,0.101562,488.700165,-13.534953,1.0,936.3258906461929,323.1422954093825
2752,0.105469,488.681732,-12.08342,1.0,919.1819696461929,314.31957140938243
2753,0.109375,488.665649,-10.51752,1.0,951.3030636461929,306.2632664093825
2754,0.109375,488.653076,-8.933211,1.0,938.2270746461929,303.81865640938247
2755,0.105469,488.64389,-7.404089,1.0,956.9751216461929,349.46950440938247
2756,0.109375,488.635925,-5.762101,1.0,934.3060536461929,290.97923940938244
2757,0.101562,488.629364,-4.2695,1.0,957.4231806461929,309.54891140938247
2758,0.101562,488.62265,-2.759034,1.0,941.8648916461929,392.50466040938244
2759,0.113281,488.614563,-1.036808,1.0,942.3199696461929,371.3829564093825
2760,0.113281,488.605927,0.675237,1.0,912.8373036461929,307.65590540938246
2761,0.109375,488.597198,2.353475,1.0,938.9596186461929,317.99092740938244
2762,0.109375,488.588562,4.010254,1.0,939.8479846461929,313.54106840938243
2763,0.113281,488.580322,5.718039,1.0,917.5223626461928,286.90651640938245
2764,0.109375,488.574768,7.380323,1.0,905.7030266461929,317.70940340938245
2765,0.109375,488.573059,9.042567,1.0,946.9870846461929,348.7651584093825
2766,0.105469,488.576477,10.670314,1.0,949.4262926461929,375.12215340938246
2767,0.109375,488.585022,12.300265,1.0,927.1039056461929,384.65965940938247
2768,0.109375,488.59787,13.963185,1.0,937.6411366461929,417.96263840938246
2769,0.113281,488.613434,15.658081,1.0,958.1506586461929,389.38988440938243
2770,0.113281,488.630188,17.370245,1.0,857.7707756461929,-265.01912759061753
2771,0.109375,488.646729,19.042402,1.0,857.7707756461929,-265.01912759061753
2772,0.109375,488.663177,20.687725,1.0,857.7707756461929,-265.01912759061753
2773,0.109375,488.679779,22.296911,1.0,857.7707756461929,-265.01912759061753
2774,0.101562,488.69574,23.792313,1.0,857.7707756461929,-265.01912759061753
2775,0.101562,488.712311,25.300421,0.0,165.0660636461929,-40.20673459061754
2776,0.101562,488.729095,26.789696,0.0,165.0660636461929,-40.20673459061754
2777,0.105469,488.746216,28.298565,0.0,165.0660636461929,-40.20673459061754
2778,0.101562,488.763275,29.823593,0.0,165.0660636461929,-40.20673459061754
2779,0.105469,488.780334,31.333941,1.0,1038.276024646193,595.6920694093825
2780,0.105469,488.798431,32.87537,1.0,1043.631737646193,508.2297884093824
2781,0.109375,488.818146,34.436359,1.0,1038.4579706461927,509.6179114093825
2782,0.105469,488.839386,35.962376,1.0,980.7152946461929,516.3333044093824
2783,0.105469,488.862213,37.442402,1.0,971.330406646193,529.1598424093825
2784,0.101562,488.886658,38.89053,1.0,965.6682976461929,500.5969764093825
2785,0.101562,488.912781,40.329567,1.0,863.8037346461929,443.35314040938243
2786,0.101562,488.940796,41.798611,1.0,873.8019646461929,485.2385774093824
2787,0.109375,488.970978,43.361427,1.0,882.0207146461929,503.3585734093824
2788,0.109375,489.000519,44.898998,1.0,906.888268646193,445.82228740938245
2789,0.105469,489.028656,46.387539,1.0,957.7166986461929,380.17262940938247
2790,0.101562,489.055359,47.822128,1.0,952.402001646193,381.68416540938244
2791,0.109375,489.083771,49.36031,1.0,817.9406976461929,70.34307040938246
2792,0.105469,489.111542,50.858505,1.0,817.9406976461929,70.34307040938246
2793,0.105469,489.139099,52.342243,1.0,817.9406976461929,70.34307040938246
2794,0.101562,489.165985,53.780338,1.0,817.9406976461929,70.34307040938246
2795,0.109375,489.195984,55.375683,1.0,817.9406976461929,70.34307040938246
2796,0.105469,489.223816,56.85532,1.0,802.3182606461929,510.4616004093824
2797,0.105469,489.251984,58.371044,1.0,925.2472766461929,573.3811564093825
2798,0.105469,489.279572,59.916428,1.0,972.551231646193,602.5779944093824
2799,0.109375,489.305786,61.474335,1.0,968.4342276461929,543.7953404093824
2800,0.101562,489.329529,63.007675,1.0,968.4106676461929,548.0112224093824
2801,0.105469,489.351257,64.545509,1.0,908.4522936461929,524.3229894093824
2802,0.105469,489.370514,66.053528,1.0,843.9436886461929,517.3316564093825
2803,0.101562,489.387787,67.557365,1.0,815.5287096461929,499.0399694093825
2804,0.101562,489.4039,69.117653,1.0,796.9168936461929,505.2691564093825
2805,0.105469,489.417847,70.641098,1.0,789.7101676461929,513.9303504093824
2806,0.109375,489.431396,72.332001,1.0,845.5447626461929,516.8251864093825
2807,0.101562,489.441895,73.874977,1.0,919.8501216461929,533.5701824093825
2808,0.101562,489.4505,75.413155,1.0,917.3518306461929,504.86211340938246
2809,0.101562,489.457184,76.945938,1.0,903.5046016461929,509.6304234093825
2810,0.109375,489.462494,78.681168,1.0,916.7044916461929,515.7916174093824
2811,0.109375,489.465424,80.386848,1.0,931.9851916461929,523.8649204093824
2812,0.105469,489.466125,82.073471,1.0,902.8181996461929,524.6785804093824
2813,0.105469,489.464691,83.805206,1.0,947.5078966461929,556.3026644093825
2814,0.105469,489.46106,85.544456,1.0,912.7853016461929,537.2875284093825
2815,0.101562,489.455109,87.282295,1.0,1163.461388646193,525.7647624093825
2816,0.105469,489.446259,89.169373,1.0,174.1069846461929,875.1420204093824
2817,0.109375,489.434509,91.077827,1.0,517.985802646193,1067.2709264093824
2818,0.101562,489.420685,92.89315,1.0,354.4297106461929,800.6323154093825
2819,0.101562,489.404541,94.681808,1.0,354.4297106461929,800.6323154093825
2820,0.101562,489.385498,96.50605,1.0,915.8106926461929,397.34447340938243
2821,0.109375,489.361816,98.490578,1.0,944.5932246461929,422.28929840938247
2822,0.109375,489.335052,100.473938,1.0,927.5508656461928,443.47792740938246
2823,0.109375,489.305786,102.424606,1.0,924.3991326461929,472.84166640938247
2824,0.109375,489.272186,104.458466,1.0,921.5940786461929,425.28642940938244
2825,0.113281,489.23468,106.528473,1.0,919.9824456461929,462.0349034093825
2826,0.101562,489.19696,108.446983,1.0,921.1316766461929,454.64769640938243
2827,0.105469,489.155334,110.412079,1.0,920.6160516461929,453.08776040938244
2828,0.113281,489.106476,112.557076,1.0,895.0741206461929,470.1347574093825
2829,0.101562,489.059937,114.470055,1.0,917.3863756461928,470.88021040938247
2830,0.109375,489.005859,116.555824,1.0,921.903221646193,470.30855440938245
2831,0.105469,488.94696,118.630875,1.0,909.534569646193,466.93337140938246
2832,0.101562,488.884949,120.553932,1.0,890.3924186461929,450.50026640938245
2833,0.105469,488.810974,122.539726,1.0,890.3645256461929,415.39614040938244
2834,0.101562,488.725006,124.526634,1.0,894.0334706461929,452.78005140938245
2835,0.105469,488.626129,126.492004,1.0,871.1789176461929,459.43526340938246
2836,0.101562,488.512787,128.429367,1.0,849.7588736461929,425.91026940938247
2837,0.109375,488.374817,130.437042,1.0,851.332481646193,438.0938024093825
2838,0.109375,488.207306,132.475388,1.0,877.142052646193,452.70568040938247
2839,0.109375,488.012299,134.459427,1.0,875.1952136461929,450.25475240938243
2840,0.101562,487.793823,136.350708,1.0,859.2561886461929,470.7201754093825
2841,0.101562,487.549103,138.189117,1.0,786.806542646193,448.42095140938244
2842,0.101562,487.272217,140.027756,1.0,796.0172966461929,461.7301244093825
2843,0.101562,486.966034,141.857224,1.0,805.7787716461929,464.6841044093825
2844,0.109375,486.623993,143.721924,1.0,802.273399646193,469.83849240938247
2845,0.101562,486.26474,145.529877,1.0,822.8589716461929,486.2722694093825
2846,0.101562,485.892395,147.275665,1.0,870.0714346461929,497.3934854093825
2847,0.101562,485.488403,149.051392,1.0,879.5369496461929,517.4305944093825
2848,0.113281,485.017761,150.999161,1.0,843.5780266461929,402.88219340938247
2849,0.105469,484.565216,152.777573,1.0,814.604271646193,218.35985440938248
2850,0.101562,484.11969,154.455154,1.0,814.604271646193,218.35985440938248
2851,0.101562,483.657806,156.130859,1.0,909.6499256461929,362.3374544093825
2852,0.101562,483.183075,157.794052,1.0,925.8559196461929,431.19533440938244
2853,0.101562,482.688446,159.469208,1.0,897.6056756461929,436.44142840938247
2854,0.109375,482.155853,161.211945,1.0,878.3960806461929,474.48522140938246
2855,0.113281,481.576996,163.039017,1.0,819.8864986461929,475.69554840938247
2856,0.113281,480.994446,164.812195,1.0,823.3859486461929,459.33574540938247
2857,0.105469,480.422119,166.495926,1.0,832.7187736461929,464.38848040938245
2858,0.101562,479.858887,168.101974,1.0,824.494896646193,445.7836214093825
2859,0.105469,479.263885,169.748276,1.0,764.6134876461929,480.7593294093824
2860,0.105469,478.662537,171.364853,1.0,783.2680286461929,490.7916174093824
2861,0.105469,478.062805,172.932739,1.0,784.4734736461929,506.2789834093825
2862,0.105469,477.415436,174.579117,1.0,800.1997306461928,478.7247234093825
2863,0.101562,476.790741,176.125381,1.0,805.7907946461929,486.5287394093824
2864,0.105469,476.137817,177.699921,1.0,806.9646236461929,481.6096104093824
2865,0.105469,475.470825,179.267197,1.0,801.5697866461929,482.2089144093825
2866,0.105469,474.781433,180.845963,1.0,884.5128406461929,408.81758840938244
2867,0.105469,474.067169,182.44017,1.0,898.9666986461929,385.18904740938245
2868,0.105469,473.370544,183.957428,1.0,908.1470576461929,388.61769740938246
2869,0.105469,472.630463,185.531021,1.0,895.7195666461929,389.85262240938243
2870,0.101562,471.930511,186.984665,1.0,887.6891716461929,425.46779540938246
2871,0.109375,471.127625,188.612885,1.0,854.2575306461929,434.84108640938246
2872,0.109375,470.345581,190.160706,1.0,851.3927846461929,439.70378740938247
2873,0.105469,469.556366,191.685806,1.0,843.9107906461929,433.5465004093825
2874,0.105469,468.749084,193.20961,1.0,787.8252186461929,479.5009684093825
2875,0.105469,467.934937,194.710236,1.0,799.0070426461929,480.5975864093824
2876,0.105469,467.107849,196.197113,1.0,797.8678216461929,461.18260840938245
2877,0.101562,466.307953,197.599548,1.0,808.6350336461929,451.00731540938244
2878,0.109375,465.415588,199.123978,1.0,804.3540886461928,453.09566440938244
2879,0.109375,464.536346,200.585876,1.0,793.6879506461929,490.1144934093825
2880,0.105469,463.637665,202.040115,1.0,780.3576896461929,449.03847440938245
2881,0.109375,462.706085,203.505234,1.0,804.0058216461929,465.4917214093825
2882,0.109375,461.736023,204.985443,1.0,810.8630606461929,447.77498540938245
2883,0.109375,460.753967,206.438568,1.0,829.592613646193,442.20238440938243
2884,0.101562,459.832275,207.761276,1.0,839.4438716461929,440.83388440938245
2885,0.105469,458.862213,209.111206,1.0,832.9114006461929,439.0494914093825
2886,0.105469,457.87796,210.438232,1.0,833.7004016461929,452.0415254093825
2887,0.101562,456.916199,211.695038,1.0,807.3568346461929,453.06636740938245
2888,0.101562,455.90683,212.973724,1.0,846.2599726461929,445.0189424093825
2889,0.105469,454.864349,214.25325,1.0,832.1839226461929,452.0344764093825
2890,0.101562,453.846893,215.463898,1.0,845.6868526461928,469.17397240938243
2891,0.105469,452.772003,216.704758,1.0,837.1046986461929,479.43938340938246
2892,0.101562,451.692688,217.914505,1.0,832.2831656461929,490.7191684093824
2893,0.105469,450.565643,219.142517,1.0,807.5394526461929,486.2626254093825
2894,0.109375,449.435089,220.340942,1.0,774.7795646461929,498.64507240938246
2895,0.101562,448.324005,221.488129,1.0,819.4926386461929,513.8452064093825
2896,0.105469,447.159332,222.659897,1.0,777.7641836461929,497.27422240938245
2897,0.105469,445.981567,223.814499,1.0,829.5705196461929,474.2588414093825
2898,0.109375,444.7836,224.958405,1.0,884.9945916461929,497.3417884093825
2899,0.109375,443.551636,226.104279,1.0,894.096214646193,483.94231340938245
2900,0.109375,442.303131,227.237091,1.0,894.2950676461929,492.7939974093824
2901,0.101562,441.11673,228.289932,1.0,911.5625846461929,480.19487640938246
2902,0.101562,439.947144,229.309128,1.0,939.2853016461929,456.41734940938244
2903,0.101562,438.784363,230.307739,1.0,945.8181386461929,468.55254240938245
2904,0.101562,437.606628,231.307114,1.0,914.0879146461929,477.6586214093825
2905,0.109375,436.315735,232.390182,1.0,849.0138176461929,503.0147014093825
2906,0.109375,435.050171,233.440048,1.0,870.7719356461929,500.08379240938245
2907,0.109375,433.740906,234.513458,1.0,867.7610096461929,507.7465124093825
2908,0.101562,432.525818,235.497345,1.0,865.1982656461929,526.1582554093825
2909,0.105469,431.303986,236.473587,1.0,868.3222896461929,507.79497440938246
2910,0.101562,430.063293,237.450317,1.0,851.5598986461929,478.8470984093825
2911,0.101562,428.855927,238.386261,1.0,846.484764646193,464.19283240938245
2912,0.109375,427.537811,239.391434,1.0,863.4958126461929,454.64913040938245
2913,0.105469,426.244873,240.360596,1.0,861.7564326461929,473.25188340938246
2914,0.105469,424.954254,241.311996,1.0,870.4149406461929,481.89305740938244
2915,0.105469,423.653595,242.255203,1.0,862.712792646193,461.1277994093825
2916,0.105469,422.38739,243.15892,1.0,854.5689326461929,469.57305040938246
2917,0.101562,421.130127,244.042435,1.0,851.1571276461929,479.50444740938246
2918,0.101562,419.873413,244.912048,1.0,857.9508906461929,481.50395840938245
2919,0.109375,418.489838,245.853928,1.0,855.6498036461929,468.02001140938245
2920,0.105469,417.153046,246.748718,1.0,853.110985646193,486.1226724093824
2921,0.105469,415.8396,247.613297,1.0,856.9474726461929,477.6113804093825
2922,0.105469,414.503571,248.476593,1.0,861.3660516461929,446.44713540938244
2923,0.101562,413.171631,249.320282,1.0,825.2804806461929,469.3910134093825
2924,0.105469,411.835785,250.148849,1.0,800.7192616461929,462.32253140938246
2925,0.105469,410.490814,250.964859,1.0,813.6014636461929,463.09322240938246
2926,0.109375,409.045349,251.821381,1.0,802.8340686461929,469.05855440938245
2927,0.101562,407.721954,252.586807,1.0,812.8136226461929,460.95793840938245
2928,0.109375,406.294189,253.391098,1.0,818.4409416461929,435.5392064093825
2929,0.109375,404.821228,254.195206,1.0,807.0190056461929,439.31816740938245
2930,0.109375,403.337585,254.977936,1.0,833.1841056461928,426.03682640938246
2931,0.109375,401.906067,255.705933,1.0,818.4689566461929,444.34990640938247
2932,0.109375,400.420135,256.433167,1.0,817.808251646193,442.74367440938244
2933,0.109375,398.898285,257.148315,1.0,786.1853876461929,460.12563240938243
2934,0.109375,397.376282,257.834564,1.0,787.9568716461929,457.2366554093825
2935,0.109375,395.890015,258.479004,1.0,809.5542226461929,450.6430884093825
2936,0.105469,394.427307,259.090942,1.0,825.814781646193,439.93117440938244
2937,0.105469,392.930328,259.696594,1.0,826.7234736461929,385.38262040938247
2938,0.109375,391.404236,260.293854,1.0,837.3383416461929,395.88988440938243
2939,0.109375,389.819519,260.893219,1.0,840.7719966461929,391.65746240938245
2940,0.105469,388.360138,261.426666,1.0,850.2729726461929,399.0341404093825
2941,0.101562,386.92041,261.935455,1.0,856.9510736461929,395.36110640938244
2942,0.113281,385.303894,262.485077,1.0,783.6699456461929,444.3096224093825
2943,0.109375,383.694122,263.00943,1.0,716.8918086461929,416.91371840938245
2944,0.101562,382.275085,263.45224,1.0,750.1562736461929,434.9640724093825
2945,0.109375,380.687683,263.926086,1.0,827.0783316461929,418.89012840938244
2946,0.109375,379.078186,264.383392,1.0,934.9288566461929,387.20830440938244
2947,0.101562,377.615173,264.779022,1.0,959.2769396461929,419.88936540938244
2948,0.101562,376.139069,265.158813,1.0,1035.0385366461928,399.22692040938244
2949,0.101562,374.63559,265.525635,1.0,1032.527977646193,411.1017064093825
2950,0.105469,373.060852,265.888153,1.0,1060.8348016461928,390.4862284093825
2951,0.109375,371.485565,266.22879,1.0,877.2751086461928,417.5781774093825
2952,0.101562,369.935394,266.542969,1.0,881.7315296461929,416.13503140938246
2953,0.101562,368.449768,266.825439,1.0,885.7586906461929,426.6240154093825
2954,0.109375,366.804169,267.117981,1.0,896.177086646193,402.81441440938244
2955,0.101562,365.320984,267.3638,1.0,908.9323356461929,401.09249040938244
2956,0.101562,363.802948,267.598511,1.0,881.9388666461929,422.88460440938246
2957,0.101562,362.281281,267.817413,1.0,885.0367056461929,423.28728440938244
2958,0.101562,360.74173,268.023621,1.0,844.005211646193,413.14684240938243
2959,0.105469,359.190826,268.217529,1.0,916.5111926461929,415.44090940938247
2960,0.101562,357.640259,268.399261,1.0,919.3206416461929,486.1074134093825
2961,0.109375,356.011719,268.578613,1.0,949.0906606461929,522.2674474093825
2962,0.105469,354.401337,268.74527,1.0,964.1487056461929,551.3192664093824
2963,0.101562,352.885376,268.89328,1.0,956.358238646193,548.1112584093825
2964,0.101562,351.36026,269.034821,1.0,962.9468616461929,558.2542034093825
2965,0.109375,349.746948,269.177277,1.0,969.7055286461929,585.0162264093825
2966,0.113281,348.12384,269.313599,1.0,973.6409536461929,603.5776284093824
2967,0.101562,346.612854,269.434631,1.0,970.3904046461929,605.4544594093825
2968,0.101562,345.140747,269.547211,1.0,986.001610646193,607.0076204093824
2969,0.101562,343.677063,269.653748,1.0,980.7657096461929,635.1635044093824
2970,0.101562,342.193481,269.756104,1.0,986.6014636461929,648.4110634093825
2971,0.105469,340.709595,269.852386,1.0,1007.0736926461929,629.9658724093824
2972,0.105469,339.228149,269.942261,1.0,980.4880606461929,544.7027504093825
2973,0.101562,337.760468,270.024933,1.0,929.1029286461929,401.5358494093825
2974,0.101562,336.364349,270.097565,1.0,932.157860646193,333.7430944093825
2975,0.101562,335.02887,270.161591,1.0,920.4720086461929,314.29497440938246
2976,0.101562,333.647003,270.22229,1.0,921.4988026461929,325.41655640938245
2977,0.105469,332.308319,270.275665,1.0,941.1121456461929,401.99697040938247
2978,0.101562,330.973358,270.323761,1.0,1041.4848256461928,532.1573404093824
2979,0.109375,329.615479,270.367401,1.0,1021.8910756461929,547.7208774093824
2980,0.105469,328.29425,270.404724,1.0,965.4552236461928,485.2224644093825
2981,0.101562,327.102448,270.43396,1.0,985.3449336461929,493.0607214093825
2982,0.109375,325.817535,270.460785,1.0,937.3748406461929,485.2781284093825
2983,0.109375,324.572784,270.482086,1.0,964.6720816461929,495.51201540938246
2984,0.113281,323.297119,270.499237,1.0,946.7690666461929,528.8220134093824
2985,0.105469,322.077423,270.511292,1.0,966.8461536461929,507.56163740938246
2986,0.109375,320.861511,270.519165,1.0,953.9618766461929,497.5826334093824
2987,0.109375,319.634827,270.52298,1.0,918.5875476461929,278.4531774093825
2988,0.101562,318.533447,270.523285,1.0,935.5985346461929,282.41704440938247
2989,0.109375,317.345459,270.520905,1.0,970.1709826461929,378.61275440938243
2990,0.113281,316.130798,270.516907,1.0,1011.7376336461929,473.72582140938243
2991,0.109375,314.943237,270.512512,1.0,995.7755976461929,510.6829744093825
2992,0.113281,313.781494,270.509064,1.0,984.543846646193,525.7084874093824
2993,0.105469,312.65152,270.509644,1.0,986.2447136461928,520.8154824093824
2994,0.101562,311.621155,270.515564,1.0,961.991295646193,521.2150184093824
2995,0.101562,310.581543,270.527283,1.0,1066.2146236461929,512.8039464093824
2996,0.113281,309.400024,270.546631,1.0,1162.199974646193,545.2239904093825
2997,0.113281,308.263,270.569794,1.0,1156.372948646193,541.1080234093824
2998,0.113281,307.142242,270.594971,1.0,1121.0169916461928,563.2545694093825
2999,0.113281,306.025879,270.620728,1.0,1125.7493526461928,562.4456094093824
3000,0.113281,304.894623,270.646423,1.0,1131.9279406461928,565.5110384093824
3001,0.113281,303.797485,270.670837,1.0,1069.316979646193,545.6013704093824
3002,0.109375,302.753326,270.693756,1.0,1021.567528646193,557.9150304093824
3003,0.105469,301.736877,270.716095,1.0,1006.079552646193,550.1538614093824
3004,0.109375,300.712402,270.73877,1.0,1015.8026966461929,547.0139074093825
3005,0.101562,299.75296,270.760132,1.0,1010.682579646193,570.1457434093825
3006,0.105469,298.780945,270.781677,1.0,600.2192006461929,580.0717684093825
3007,0.101562,297.859467,270.801819,1.0,543.4850086461929,561.0913614093824
3008,0.101562,296.926697,270.821869,1.0,537.777672646193,549.1252354093824
3009,0.101562,296.008881,270.841217,1.0,717.5629506461929,450.33754640938247
3010,0.113281,295.006378,270.862061,1.0,945.233910646193,325.05925640938244
3011,0.109375,294.030243,270.882172,1.0,939.8359606461929,338.03423240938247
3012,0.109375,293.055542,270.902039,1.0,947.2622306461928,330.1263344093825
3013,0.109375,292.104156,270.921204,1.0,948.9559566461929,331.87099340938244
3014,0.101562,291.231415,270.938629,1.0,1067.172508646193,401.32601040938243
3015,0.101562,290.360809,270.955688,1.0,1115.7755976461929,468.31636740938245
3016,0.101562,289.520905,270.971893,1.0,1127.1011586461927,488.4375524093824
3017,0.113281,288.555237,270.990143,1.0,1138.110680646193,508.0869664093825
3018,0.101562,287.752808,271.005035,1.0,1136.4845206461928,504.01512840938244
3019,0.101562,286.987885,271.018768,1.0,1006.7057116461929,478.9250404093824
3020,0.113281,286.187836,271.032379,1.0,1020.7001576461929,507.6586214093825
3021,0.109375,285.440948,271.044342,1.0,966.1569446461929,512.0050574093824
3022,0.113281,284.693146,271.055511,1.0,969.241478646193,486.55187140938244
3023,0.105469,284.008179,271.064972,1.0,983.1323476461929,488.6065584093825
3024,0.101562,283.337097,271.073578,1.0,979.8664176461929,475.23870040938243
3025,0.113281,282.594452,271.082367,1.0,916.4930656461929,339.12721940938246
3026,0.101562,281.956879,271.089172,1.0,912.9930656461929,327.07118940938244
3027,0.105469,281.30545,271.095551,1.0,915.8750236461929,289.15212140938246
3028,0.105469,280.632202,271.101471,1.0,927.7101066461929,264.0352394093825
3029,0.101562,280.011108,271.106384,1.0,916.6725086461929,302.70732740938246
3030,0.109375,279.322205,271.111084,1.0,931.915917646193,294.15227440938247
3031,0.101562,278.709656,271.114716,1.0,945.3874746461929,277.80861540938247
3032,0.101562,278.070953,271.11795,1.0,929.2065056461929,298.66948640938244
3033,0.101562,277.44632,271.120453,1.0,938.0004506461929,278.85158440938244
3034,0.105469,276.812622,271.122467,1.0,1285.6583486461927,381.77681640938243
3035,0.101562,276.182648,271.124115,1.0,1767.6437006461929,469.35381240938244
3036,0.105469,275.562988,271.125427,1.0,1702.913475646193,507.8433754093825
3037,0.101562,274.951141,271.126404,1.0,1689.8463366461929,536.8558874093825
3038,0.101562,274.334534,271.127167,1.0,937.5418326461929,383.72408240938245
3039,0.113281,273.650757,271.127716,1.0,926.4275746461929,373.8280864093825
3040,0.109375,272.985229,271.12793,1.0,936.2466666461929,355.9343784093825
3041,0.113281,272.294281,271.127777,1.0,936.4466786461929,354.02248340938246
3042,0.101562,271.677185,271.127197,1.0,974.159569646193,461.95015640938243
3043,0.105469,271.053619,271.126129,1.0,960.664024646193,470.7361364093825
3044,0.101562,270.435577,271.124054,1.0,960.1783076461929,433.3980624093825
3045,0.113281,269.756195,271.12027,1.0,966.4979486461929,437.75847540938247
3046,0.113281,269.070709,271.114807,1.0,979.6776356461929,494.7260654093825
3047,0.105469,268.452148,271.108368,1.0,961.6326526461929,507.0600504093825
3048,0.101562,267.851196,271.100983,1.0,1017.356346646193,473.62584640938246
3049,0.109375,267.185608,271.09201,1.0,1007.3858876461929,439.87627340938246
3050,0.101562,266.591248,271.083282,1.0,931.4375236461929,369.39113540938246
3051,0.113281,265.894196,271.072449,1.0,928.1407096461929,292.5390234093825
3052,0.101562,265.273132,271.062134,1.0,932.4488146461929,282.59529740938245
3053,0.101562,264.656555,271.051147,1.0,912.7398916461929,329.69435840938246
3054,0.101562,264.026611,271.039154,1.0,939.9054186461929,286.83016140938247
3055,0.101562,263.400208,271.02655,1.0,922.7738276461929,271.15315940938245
3056,0.105469,262.739899,271.012665,1.0,912.1765376461929,298.22750040938246
3057,0.105469,262.085999,270.998291,1.0,928.5141836461929,289.88881640938246
3058,0.101562,261.442169,270.983704,1.0,931.406822646193,281.56096540938245
3059,0.109375,260.722137,270.966766,1.0,926.205406646193,282.03691740938245
3060,0.113281,259.99472,270.948914,1.0,900.5449456461929,303.81200340938244
3061,0.113281,259.241425,270.929626,1.0,921.0003286461929,315.67809240938243
3062,0.101562,258.569366,270.911865,1.0,985.0353626461929,253.73509840938243
3063,0.101562,257.875549,270.893127,1.0,1448.7384266461927,207.64070840938246
3064,0.101562,257.189972,270.874237,1.0,1359.480370646193,260.1654884093825
3065,0.113281,256.400848,270.852264,1.0,967.915917646193,313.0154944093825
3066,0.101562,255.700577,270.832764,1.0,966.727745646193,359.2665324093825
3067,0.113281,254.898819,270.810638,1.0,988.5454336461929,520.6834024093824
3068,0.109375,254.084152,270.788544,1.0,995.7585686461929,538.4533604093824
3069,0.105469,253.342346,270.769073,1.0,999.0686266461929,542.0281284093825
3070,0.105469,252.562393,270.749329,1.0,1015.5575186461929,529.1472694093825
3071,0.105469,251.757339,270.729767,1.0,986.1919176461929,491.4121614093824
3072,0.105469,250.947983,270.711121,1.0,802.0158316461929,463.71541540938244
3073,0.109375,250.118286,270.693085,1.0,685.5965206461929,483.39183740938245
3074,0.121094,249.158615,270.673615,1.0,879.9353876461929,331.99553640938245
3075,0.113281,248.280396,270.657288,1.0,871.154930646193,322.6395484093825
3076,0.109375,247.385635,270.642029,1.0,863.7468496461929,286.35295740938244
3077,0.101562,246.555832,270.629089,1.0,889.0840686461929,285.63179640938245
3078,0.113281,245.59848,270.615631,1.0,867.0384146461929,279.52455840938245
3079,0.105469,244.709702,270.604492,1.0,876.0703356461929,267.42940440938247
3080,0.109375,243.779251,270.594208,1.0,896.6354606461929,225.24919840938247
3081,0.109375,242.820419,270.585144,1.0,913.9848256461929,239.66576340938246
3082,0.109375,241.845261,270.577576,1.0,926.213646646193,278.3285134093825
3083,0.109375,240.85083,270.57135,1.0,901.2901236461929,236.76814940938243
3084,0.113281,239.824692,270.566315,1.0,919.9804316461929,242.08998740938245
3085,0.113281,238.822571,270.5625,1.0,940.0228506461929,283.29936940938245
3086,0.101562,237.87439,270.559784,1.0,945.7305536461929,260.09728140938245
3087,0.105469,236.947693,270.557861,1.0,925.155113646193,295.3997714093825
3088,0.113281,235.930664,270.55661,1.0,939.7503286461929,288.30974440938246
3089,0.105469,235.015488,270.556396,1.0,944.2669306461929,263.9987704093825
3090,0.109375,234.057465,270.557159,1.0,943.1914296461929,298.07573640938244
3091,0.109375,233.116272,270.558868,1.0,959.8685536461929,297.41701440938243
3092,0.109375,232.187271,270.561493,1.0,974.7311026461929,275.28737540938243
3093,0.105469,231.285599,270.564941,1.0,1004.5933466461929,463.63112540938243
3094,0.105469,230.404968,270.569092,1.0,1001.4050526461929,477.49571940938245
3095,0.105469,229.528931,270.573944,1.0,979.501610646193,485.18541640938247
3096,0.105469,228.697693,270.579346,1.0,992.7874386461929,473.1119914093824
3097,0.101562,227.879211,270.585266,1.0,999.8327876461929,474.0584634093825
3098,0.105469,227.051788,270.59201,1.0,979.2601556461929,457.17531540938245
3099,0.117188,226.160461,270.599823,1.0,977.0872426461929,471.15941540938246
3100,0.109375,225.303757,270.607391,1.0,988.5518426461929,453.33141240938244
3101,0.109375,224.499222,270.614075,1.0,977.7749866461929,444.37706640938245
3102,0.109375,223.709122,270.619995,1.0,985.9488146461929,443.12605940938244
3103,0.105469,222.944733,270.625031,1.0,982.955406646193,432.57857440938244
3104,0.101562,222.207474,270.629272,1.0,993.4361196461929,427.80684540938245
3105,0.101562,221.500122,270.632874,1.0,1054.4203726461928,489.12877540938246
3106,0.101562,220.793213,270.636108,1.0,1048.184715646193,514.1913974093825
3107,0.105469,220.078598,270.639038,1.0,1028.9515616461929,528.3774944093825
3108,0.105469,219.358353,270.641663,1.0,999.7284786461929,534.6118074093824
3109,0.109375,218.65683,270.643951,1.0,986.946495646193,522.9951694093825
3110,0.105469,217.967667,270.645782,1.0,1003.1692126461929,530.4527504093825
3111,0.105469,217.286331,270.647156,1.0,951.9161616461929,447.62911140938246
3112,0.109375,216.6073,270.648132,1.0,953.8222286461929,448.18416540938244
3113,0.105469,215.974136,270.648651,1.0,983.372643646193,443.73540440938245
3114,0.101562,215.354614,270.648865,1.0,982.7013176461929,420.02040740938247
3115,0.105469,214.749252,270.648743,1.0,978.0014886461929,402.18459240938245
3116,0.105469,214.161758,270.648407,1.0,959.0550166461929,392.69530440938246
3117,0.105469,213.592575,270.647797,1.0,955.5870596461929,350.9420994093825
3118,0.109375,213.045227,270.646973,1.0,935.2322626461929,369.78993940938244
3119,0.105469,212.542328,270.645996,1.0,976.6441276461929,392.86077040938244
3120,0.109375,212.067657,270.644836,1.0,980.3562246461929,368.77593140938245
3121,0.113281,211.607712,270.643616,1.0,1031.944115646193,411.0527564093825
3122,0.105469,211.209366,270.642303,1.0,936.7661366461929,338.82604140938247
3123,0.105469,210.843735,270.641022,1.0,1090.555931646193,364.67885540938244
3124,0.117188,210.476334,270.639587,1.0,1007.0177846461929,375.11614140938246
3125,0.113281,210.158936,270.638367,1.0,973.7604606461929,353.07588840938246
3126,0.109375,209.897995,270.637238,1.0,974.8674556461929,361.4150614093825
3127,0.113281,209.66983,270.63623,1.0,910.8255236461929,319.89226440938245
3128,0.109375,209.490005,270.635406,1.0,905.0880976461929,267.07601040938243
3129,0.105469,209.358673,270.634766,1.0,917.4817736461929,259.11370040938243
3130,0.109375,209.287842,270.63443,1.0,882.9488146461929,286.7292704093825
3131,0.113281,209.274918,270.634399,1.0,921.9209826461929,300.98223040938245
3132,0.109375,209.281921,270.63443,1.0,903.8615956461929,306.5761934093825
3133,0.109375,209.290207,270.63446,1.0,930.910423646193,292.2153544093825
3134,0.101562,209.29306,270.63446,1.0,904.3586666461929,318.26741740938246
3135,0.113281,209.291138,270.63446,1.0,919.5614246461929,325.7642124093825
3136,0.109375,209.287918,270.63446,1.0,941.4357536461929,334.14784940938245
3137,0.109375,209.286362,270.63446,1.0,926.2290276461929,293.07790240938243
3138,0.105469,209.286789,270.63443,1.0,919.1855096461929,287.48479340938246
3139,0.105469,209.287903,270.63443,1.0,919.1855096461929,287.48479340938246
3140,0.109375,209.288651,270.63443,1.0,919.1855096461929,287.48479340938246
3141,0.101562,209.288574,270.63446,1.0,919.1855096461929,287.48479340938246
3142,0.101562,209.288177,270.63446,0.0,165.0660636461929,-40.20673459061754
3143,0.101562,209.287857,270.63446,0.0,165.0660636461929,-40.20673459061754
3144,0.105469,209.287796,270.63446,1.0,1040.304649646193,334.38622240938247
3145,0.109375,209.287949,270.63446,1.0,929.6153796461929,282.3374544093825
3146,0.113281,209.288116,270.63446,1.0,909.0837636461929,284.2473974093825
3147,0.109375,209.287949,270.63446,1.0,892.1377186461929,302.06218640938243
3148,0.105469,209.285782,270.63446,1.0,893.8063586461928,244.69182540938243
3149,0.109375,209.281357,270.63446,1.0,901.5600216461929,271.03154640938243
3150,0.109375,209.274338,270.63446,1.0,905.8006826461929,271.89354640938245
3151,0.105469,209.265244,270.63446,1.0,877.8136836461929,229.68385940938248
3152,0.101562,209.254501,270.63446,1.0,888.1718376461929,257.05666240938245
3153,0.101562,209.241425,270.63446,1.0,904.8203966461929,258.91017840938247
3154,0.105469,209.226151,270.634369,1.0,895.6939936461929,264.33571540938243
3155,0.109375,209.207947,270.634216,1.0,907.233910646193,227.38722940938248
3156,0.117188,209.186676,270.634033,1.0,914.6822136461928,218.99553640938245
3157,0.109375,209.163498,270.63385,1.0,901.6509636461928,250.63707640938247
3158,0.113281,209.137939,270.633698,1.0,995.0990226461929,270.54677540938246
3159,0.109375,209.110519,270.633514,1.0,976.037315646193,336.59853240938247
3160,0.109375,209.081787,270.633362,1.0,969.5047236461929,343.3948894093825
3161,0.109375,209.050323,270.633179,1.0,961.2824946461928,322.7509984093825
3162,0.105469,209.017197,270.633026,1.0,948.448021646193,383.44069540938244
3163,0.113281,208.980377,270.632843,1.0,982.0895626461929,376.55721240938243
3164,0.113281,208.942459,270.63269,1.0,936.3777706461929,376.60842040938246
3165,0.109375,208.902542,270.632507,1.0,934.8189326461929,403.73808940938244
3166,0.113281,208.859268,270.632324,1.0,911.7052236461928,280.2889324093825
3167,0.105469,208.816437,270.632172,1.0,1028.326683646193,386.17864140938246
3168,0.113281,208.768845,270.631836,1.0,370.3934716461929,352.9235454093825
3169,0.109375,208.720917,270.6315,1.0,500.3177416461929,448.15383040938246
3170,0.105469,208.672745,270.631165,1.0,539.5541316461929,461.75688840938244
3171,0.109375,208.622559,270.630829,1.0,1010.0148556461929,351.7431864093825
3172,0.113281,208.565918,270.630493,1.0,906.0662466461929,391.34084240938245
3173,0.113281,208.508606,270.630157,1.0,948.389488646193,373.31343740938246
3174,0.113281,208.448746,270.629791,1.0,967.1637806461929,408.28749740938247
3175,0.113281,208.387711,270.629456,1.0,984.6883166461929,421.39403440938247
3176,0.113281,208.324341,270.629089,1.0,971.4322746461929,646.9461584093824
3177,0.113281,208.258316,270.628784,1.0,945.555687646193,553.0366734093825
3178,0.113281,208.189667,270.628418,1.0,986.9394156461929,414.43648440938244
3179,0.105469,208.117599,270.62796,1.0,976.7654656461929,420.01402940938243
3180,0.109375,208.035248,270.627472,1.0,997.1464466461929,430.69402240938246
3181,0.109375,207.934387,270.626831,1.0,967.8760616461929,422.6006694093825
3182,0.101562,207.826752,270.62616,1.0,1002.0950556461929,428.21865040938246
3183,0.101562,207.698425,270.625397,1.0,989.5021596461929,422.02251340938244
3184,0.113281,207.515518,270.624237,1.0,991.723961646193,440.33696640938246
3185,0.113281,207.292374,270.622742,1.0,1074.694969646193,452.35051640938246
3186,0.113281,207.022568,270.620972,1.0,987.5558096461929,434.71083740938246
3187,0.109375,206.706787,270.618744,1.0,990.211937646193,412.53478140938245
3188,0.109375,206.3479,270.61618,1.0,978.3334586461929,379.91252840938245
3189,0.105469,205.950546,270.61322,1.0,968.9436886461929,460.75997040938245
3190,0.109375,205.508942,270.609741,1.0,968.5534906461929,383.9361794093825
3191,0.109375,204.998505,270.605499,1.0,966.6463856461929,387.8337624093825
3192,0.113281,204.461716,270.600708,1.0,968.4668206461929,415.80107740938246
3193,0.113281,203.896393,270.595306,1.0,977.069603646193,420.96257740938245
3194,0.113281,203.327316,270.589417,1.0,960.0513546461929,429.43907840938243
3195,0.109375,202.78833,270.583496,1.0,968.3741076461929,412.36604940938247
3196,0.101562,202.270309,270.577423,1.0,971.6661616461929,451.62703640938247
3197,0.109375,201.759384,270.571167,1.0,984.3725826461929,403.48961540938245
3198,0.109375,201.248169,270.564575,1.0,962.8634876461929,371.76497540938243
3199,0.101562,200.830582,270.55899,1.0,965.8862536461929,375.30495340938245
3200,0.105469,200.475006,270.554016,1.0,961.7739496461929,391.17204940938245
3201,0.101562,200.185547,270.549805,1.0,955.7468496461929,391.23882240938246
3202,0.113281,199.953461,270.546387,1.0,976.3705676461929,412.00429440938245
3203,0.117188,199.816055,270.544312,1.0,969.8490226461929,405.44933240938246
3204,0.101562,199.775406,270.54364,1.0,981.2339716461929,365.61901040938244
3205,0.117188,199.778946,270.543732,1.0,966.3098986461929,407.48039940938247
3206,0.101562,199.789062,270.543945,1.0,972.5193106461929,390.65196940938245
3207,0.113281,199.795639,270.544067,1.0,967.2680286461929,348.58129040938246
3208,0.101562,199.794998,270.544098,1.0,971.0130236461929,378.96379740938244
3209,0.101562,199.79158,270.544067,1.0,985.615440646193,405.25389740938243
3210,0.101562,199.788589,270.544037,1.0,1025.910851646193,368.90846940938246
3211,0.101562,199.786285,270.544006,1.0,1014.5284656461929,392.85790140938246
3212,0.113281,199.782333,270.543915,1.0,1003.1316156461929,378.26305340938245
3213,0.101562,199.776428,270.543762,1.0,1006.3526846461929,384.19652440938245
3214,0.101562,199.768051,270.54361,1.0,1001.7561886461929,393.0637424093825
3215,0.109375,199.756073,270.543457,1.0,1032.070885646193,356.4328224093825
3216,0.109375,199.742126,270.543304,1.0,1132.501610646193,381.57057840938245
3217,0.105469,199.72641,270.54303,1.0,1044.144188646193,419.26470140938244
3218,0.113281,199.70784,270.542694,1.0,1040.110008646193,415.19206940938244
3219,0.113281,199.686401,270.542328,1.0,1053.148888646193,394.76128340938243
3220,0.113281,199.662582,270.542023,1.0,1055.469139646193,384.3257664093825
3221,0.117188,199.635773,270.541595,1.0,1064.059288646193,404.88576440938243
3222,0.113281,199.606857,270.541077,1.0,1033.4737176461929,403.32509540938247
3223,0.113281,199.576157,270.540558,1.0,1059.014610646193,397.52980740938244
3224,0.113281,199.542938,270.540039,1.0,921.8486566461929,378.03804640938245
3225,0.109375,199.509186,270.53952,1.0,308.6431966461929,317.67592540938244
3226,0.113281,199.472,270.53891,1.0,291.2639856461929,293.20131640938246
3227,0.113281,199.43132,270.538239,1.0,335.4790426461929,325.84908240938245
3228,0.101562,199.393295,270.537628,1.0,298.9394466461929,314.26763040938243
3229,0.113281,199.344833,270.536835,1.0,356.5539486461929,342.20552740938246
3230,0.113281,199.286758,270.535858,1.0,894.248680646193,365.99428440938243
3231,0.101562,199.225357,270.534851,1.0,1007.6076286461929,379.72490640938247
3232,0.113281,199.136917,270.533356,1.0,1100.330834646193,387.00020540938243
3233,0.109375,199.028717,270.531555,1.0,1013.3782586461929,342.77828140938243
3234,0.109375,198.890244,270.529175,1.0,938.6767206461928,305.36180740938244
3235,0.105469,198.71907,270.526184,1.0,924.1350946461929,337.52458840938243
3236,0.109375,198.503876,270.522339,1.0,924.1222156461929,327.67110340938245
3237,0.113281,198.225677,270.517303,1.0,921.7437976461929,324.8395914093825
3238,0.101562,197.940109,270.512054,1.0,897.9089596461929,360.9539404093825
3239,0.113281,197.570297,270.505005,1.0,842.7426996461929,365.07341640938245
3240,0.109375,197.156631,270.496918,1.0,911.6896596461929,566.0679844093825
3241,0.109375,196.695496,270.487549,1.0,859.1129996461929,339.8009554093825
3242,0.113281,196.18161,270.476746,1.0,900.013268646193,348.43852940938245
3243,0.101562,195.657242,270.465302,1.0,935.1490716461929,406.21514040938246
3244,0.109375,195.044785,270.451447,1.0,954.1040276461929,325.93907840938243
3245,0.113281,194.376328,270.435791,1.0,1077.911461646193,371.78975540938245
3246,0.109375,193.675201,270.418823,1.0,1467.824730646193,561.2765414093825
3247,0.113281,192.925964,270.400177,1.0,1080.066673646193,469.84905140938247
3248,0.101562,192.228607,270.382355,1.0,731.6067736461929,417.06252240938244
3249,0.101562,191.501785,270.363342,1.0,815.5667956461929,639.6578894093825
3250,0.117188,190.641327,270.340271,1.0,815.5667956461929,639.6578894093825
3251,0.109375,189.78157,270.31665,1.0,1118.5750966461928,297.3703224093825
3252,0.109375,188.891907,270.291595,1.0,903.245751646193,428.21453040938246
3253,0.113281,187.953903,270.264526,1.0,909.7838366461929,370.0331944093825
3254,0.117188,186.928757,270.234161,1.0,917.0387196461929,385.0169594093825
3255,0.113281,185.911026,270.203186,1.0,960.4142696461929,391.11016040938244
3256,0.113281,184.86615,270.170715,1.0,1036.7451406461928,362.32942840938244
3257,0.113281,183.759964,270.135803,1.0,953.452843646193,384.35893940938246
3258,0.109375,182.648682,270.100494,1.0,1055.0719836461928,415.60555140938243
3259,0.109375,181.533722,270.065033,1.0,1106.4475336461928,411.62334340938247
3260,0.109375,180.337219,270.027374,1.0,1053.8918086461929,373.41716640938245
3261,0.105469,179.108337,269.989868,1.0,1070.049217646193,350.24559740938247
3262,0.105469,177.884186,269.954041,1.0,1166.4291006461929,409.72896440938246
3263,0.113281,176.466644,269.915222,1.0,968.425194646193,345.0607524093825
3264,0.101562,175.186066,269.883423,1.0,911.3301626461929,400.7596654093825
3265,0.101562,173.894684,269.85553,1.0,867.3857656461929,343.37279440938244
3266,0.101562,172.602951,269.832458,1.0,890.0148556461929,297.36382240938246
3267,0.113281,171.094589,269.811676,1.0,879.5703966461929,225.87111540938247
3268,0.109375,169.582245,269.795624,1.0,925.3008046461929,295.61382240938246
3269,0.117188,168.01506,269.781158,1.0,1082.165550646193,445.41173440938246
3270,0.113281,166.430069,269.766418,1.0,954.9149406461929,400.1625584093825
3271,0.109375,164.871063,269.749512,1.0,962.7784046461929,382.38906040938247
3272,0.109375,163.294937,269.728821,1.0,945.885521646193,357.38521440938246
3273,0.113281,161.656158,269.703247,1.0,910.0736316461929,321.90993440938246
3274,0.101562,160.204712,269.678467,1.0,901.0357906461929,240.41139940938245
3275,0.101562,158.674103,269.653229,1.0,915.830589646193,264.01760040938245
3276,0.113281,156.981415,269.6297,1.0,945.6599356461929,274.31130140938245
3277,0.109375,155.237045,269.612274,1.0,920.250572646193,262.96718540938247
3278,0.109375,153.530289,269.602295,1.0,915.1072626461929,256.4410624093825
3279,0.101562,151.821823,269.598389,1.0,918.6151966461929,211.99317040938246
3280,0.109375,149.986435,269.599365,1.0,908.211937646193,247.28359140938244
3281,0.109375,148.018967,269.604218,1.0,959.4092646461929,353.49895340938247
3282,0.113281,145.995987,269.610809,1.0,976.281822646193,457.58901140938246
3283,0.117188,143.848816,269.618347,1.0,973.4330676461929,445.8649204093825
3284,0.109375,141.771667,269.625824,1.0,969.0583126461929,505.0663974093825
3285,0.109375,139.63443,269.633911,1.0,970.1689076461929,498.4937044093824
3286,0.113281,137.386856,269.643219,1.0,971.3746576461929,497.3610144093825
3287,0.109375,135.19751,269.652618,1.0,1000.8881466461929,537.7769084093825
3288,0.105469,133.038391,269.660828,1.0,1076.729454646193,590.9442664093824
3289,0.105469,130.871429,269.666382,1.0,1105.804894646193,590.3416054093825
3290,0.101562,128.675003,269.668091,1.0,1114.1105586461929,605.1635044093824
3291,0.109375,126.323128,269.665894,1.0,1146.955162646193,664.9589144093825
3292,0.109375,123.91468,269.661316,1.0,1170.600365646193,671.9550084093825
3293,0.109375,121.470596,269.657196,1.0,1201.8075186461929,697.4169834093825
3294,0.117188,118.827652,269.655823,1.0,927.1000606461929,450.51741740938246
3295,0.113281,116.247421,269.659088,1.0,919.6178216461929,384.87981340938245
3296,0.109375,113.685387,269.667145,1.0,918.0752186461929,318.61626340938244
3297,0.113281,111.088135,269.67984,1.0,927.4065176461929,332.04085440938246
3298,0.105469,108.54705,269.696045,1.0,965.1576166461929,472.8211584093824
3299,0.109375,105.91893,269.716461,1.0,995.5564806461929,500.7799594093825
3300,0.109375,103.12471,269.741699,1.0,972.7123646461929,487.6216344093824
3301,0.117188,100.273964,269.768982,1.0,973.3550646461929,472.6807164093825
3302,0.113281,97.39785,269.794037,1.0,939.7342156461929,488.7908244093825
3303,0.117188,94.505981,269.808319,1.0,937.8233876461929,499.9200354093824
3304,0.113281,91.720497,269.804901,1.0,939.062035646193,482.7455974093824
3305,0.101562,89.287216,269.784302,1.0,951.8566516461929,498.9446324093825
3306,0.113281,86.502144,269.740509,1.0,973.525475646193,518.9434734093825
3307,0.109375,83.817917,269.685211,1.0,1004.5735706461929,426.27428340938246
3308,0.113281,81.083038,269.625763,1.0,1003.4063956461929,435.26872940938244
3309,0.117188,78.336655,269.574677,1.0,1013.0028316461929,419.53118040938244
3310,0.113281,75.626862,269.544312,1.0,982.2997676461929,354.53630740938246
3311,0.113281,72.954643,269.540192,1.0,932.4114006461929,282.1517554093825
3312,0.113281,70.327003,269.561859,1.0,922.5783316461929,285.30428240938244
3313,0.113281,67.699402,269.604248,1.0,944.1473626461928,370.3689494093825
3314,0.109375,65.231125,269.654449,1.0,950.9898916461929,370.5509554093825
3315,0.109375,62.78376,269.704712,1.0,962.6668326461929,488.29289940938247
3316,0.105469,60.459274,269.743317,1.0,969.3931506461929,481.0214144093825
3317,0.101562,58.174793,269.765961,1.0,981.5458606461929,496.06059940938246
3318,0.109375,55.861946,269.769592,1.0,1572.0089346461928,602.9532384093825
3319,0.117188,53.388172,269.751465,1.0,1565.3463366461929,638.4802774093824
3320,0.113281,51.063801,269.71756,1.0,1313.172386646193,591.1838294093825
3321,0.105469,48.856373,269.678436,1.0,437.6549006461929,416.29411940938246
3322,0.109375,46.741074,269.64035,1.0,464.0155266461929,455.49278940938245
3323,0.113281,44.545441,269.604065,1.0,382.1336446461929,359.61324240938245
3324,0.105469,42.509537,269.57428,1.0,644.5163506461929,423.49526140938246
3325,0.113281,40.398304,269.546143,1.0,948.8697136461928,532.0342324093824
3326,0.105469,38.497284,269.521362,1.0,955.9153066461929,541.9876014093825
3327,0.105469,36.602489,269.495605,1.0,1502.359886646193,659.5486364093824
3328,0.109375,34.72768,269.468445,1.0,1498.222313646193,668.5759804093825
3329,0.113281,32.840305,269.439697,1.0,1529.348534646193,672.1037514093824
3330,0.113281,31.041115,269.41272,1.0,1535.373070646193,660.5195834093824
3331,0.105469,29.374228,269.389709,1.0,1535.529076646193,647.5148234093824
3332,0.105469,27.805244,269.37085,1.0,1536.837303646193,642.8324504093824
3333,0.105469,26.266512,269.355469,1.0,1551.411766646193,660.4019694093824
3334,0.101562,24.796143,269.343781,1.0,1545.099388646193,656.1621614093824
3335,0.105469,23.319025,269.334656,1.0,1545.3944326461929,657.9040444093824
3336,0.105469,21.925577,269.328094,1.0,1002.5272456461929,585.4822914093825
3337,0.105469,20.54932,269.323456,1.0,979.3428576461929,580.7237464093824
3338,0.109375,19.193283,269.320587,1.0,965.0387806461929,589.3121254093825
3339,0.109375,17.888479,269.319641,1.0,1042.6394276461929,600.5938634093825
3340,0.113281,16.622351,269.320496,1.0,1617.3589106461927,625.6041784093825
3341,0.113281,15.411521,269.32312,1.0,1576.9514396461927,666.6359774093825
3342,0.105469,14.360057,269.326965,1.0,1581.091820646193,671.2352214093825
3343,0.105469,13.326157,269.332367,1.0,1541.027855646193,670.2585364093825
3344,0.101562,12.344293,269.33905,1.0,1544.022850646193,663.6650914093825
3345,0.109375,11.374025,269.347351,1.0,1545.1662836461928,671.7714754093824
3346,0.105469,10.452055,269.356689,1.0,1545.772972646193,667.4359044093825
3347,0.113281,9.50103,269.367828,1.0,1543.5353016461927,682.2451694093825
3348,0.109375,8.621641,269.379578,1.0,1541.303612646193,681.0982584093824
3349,0.109375,7.818339,269.391479,1.0,1546.132958646193,687.3454504093825
3350,0.113281,7.073472,269.403564,1.0,1542.789818646193,689.6928014093825
3351,0.117188,6.337871,269.416351,1.0,1543.690331646193,694.7160564093824
3352,0.105469,5.699005,269.428345,1.0,1557.8871086461927,688.2664714093825
3353,0.109375,5.089119,269.440735,1.0,1555.8232656461928,694.9832674093825
3354,0.105469,4.481121,269.454163,1.0,1555.099388646193,685.9933994093825
3355,0.109375,3.860667,269.469055,1.0,1534.829979646193,674.2922274093825
3356,0.109375,3.234741,269.485291,1.0,1533.979149646193,695.4868694093825
3357,0.117188,2.61206,269.502563,1.0,1515.6001216461927,672.5344764093825
3358,0.101562,2.06844,269.518433,1.0,1045.8872306461928,506.9443274093825
3359,0.109375,1.490047,269.536011,1.0,1016.8991936461929,494.89818440938245
3360,0.105469,0.939442,269.553436,1.0,963.8594596461929,442.7383644093825
3361,0.105469,0.400029,269.571106,1.0,926.8740466461929,399.34719040938245
3362,0.105469,-0.134495,269.589294,1.0,916.8586666461929,379.59410740938245
3363,0.105469,-0.665164,269.608063,1.0,906.7575306461929,381.50456940938244
3364,0.105469,-1.176194,269.626862,1.0,911.2235956461928,354.51500640938247
3365,0.105469,-1.69346,269.647247,1.0,923.3570796461929,339.85845140938244
3366,0.109375,-2.208533,269.669891,1.0,924.075096646193,322.65004640938247
3367,0.109375,-2.71514,269.694489,1.0,928.3758776461929,320.32927640938243
3368,0.109375,-3.217129,269.72113,1.0,865.5721056461929,332.78453740938244
3369,0.109375,-3.709996,269.748932,1.0,837.7351306461929,407.01277840938246
3370,0.105469,-4.178621,269.775909,1.0,846.6104366461929,429.4217444093825
3371,0.105469,-4.641083,269.801666,1.0,843.2018666461929,448.22267840938247
3372,0.101562,-5.085033,269.824768,1.0,864.1582876461929,456.3156344093825
3373,0.105469,-5.53403,269.846252,1.0,870.0774166461929,468.55272540938245
3374,0.109375,-6.003231,269.866882,1.0,878.8941886461929,473.4626384093824
3375,0.101562,-6.415801,269.88446,1.0,971.684471646193,331.3460304093825
3376,0.109375,-6.867378,269.903564,1.0,942.8473746461929,318.4966044093825
3377,0.109375,-7.302497,269.922302,1.0,909.7663806461929,437.8832004093825
3378,0.113281,-7.755894,269.941956,1.0,901.1234366461929,463.65416640938247
3379,0.117188,-8.200596,269.960907,1.0,902.809288646193,433.64876440938247
3380,0.105469,-8.617028,269.977966,1.0,858.1409536461929,461.59468740938246
3381,0.105469,-9.02098,269.993774,1.0,818.4779286461929,458.6111364093825
3382,0.105469,-9.430692,270.009308,1.0,810.1487666461929,484.39421740938246
3383,0.109375,-9.859681,270.025208,1.0,799.5308466461929,467.94893540938244
3384,0.109375,-10.325859,270.042328,1.0,771.5315176461929,475.0059734093825
3385,0.113281,-10.848551,270.061401,1.0,772.6257556461929,484.3364174093824
3386,0.113281,-11.410454,270.081604,1.0,760.2221306461929,482.43578240938245
3387,0.109375,-12.006438,270.102356,1.0,848.3827136461929,471.03453740938244
3388,0.105469,-12.633887,270.123474,1.0,927.0523916461929,484.20348240938245
3389,0.105469,-13.280427,270.144257,1.0,971.0619746461929,517.7556064093825
3390,0.109375,-13.966999,270.165222,1.0,947.4521716461929,490.3431924093825
3391,0.105469,-14.677815,270.18576,1.0,956.2851796461929,500.47185440938244
3392,0.105469,-15.443073,270.206604,1.0,939.9502186461929,519.0115274093824
3393,0.109375,-16.247486,270.227112,1.0,910.089501646193,528.9674594093825
3394,0.109375,-17.080902,270.246948,1.0,932.9307486461929,510.5241004093824
3395,0.109375,-17.962666,270.266418,1.0,932.2406246461929,526.7969884093825
3396,0.105469,-18.845945,270.284424,1.0,922.8077626461929,529.9206454093825
3397,0.109375,-19.767822,270.301849,1.0,930.9683466461929,525.8797524093825
3398,0.101562,-20.675289,270.317749,1.0,935.3167956461929,527.1426304093825
3399,0.101562,-21.594069,270.332916,1.0,943.2470326461929,511.33776040938244
3400,0.101562,-22.538923,270.347656,1.0,921.3993156461929,380.07329440938247
3401,0.101562,-23.523371,270.362244,1.0,926.4549186461929,301.16072740938245
3402,0.105469,-24.564159,270.37674,1.0,916.265343646193,319.2953714093825
3403,0.113281,-25.708826,270.391754,1.0,910.564110646193,317.06981540938244
3404,0.105469,-26.872967,270.406006,1.0,935.2733386461929,314.8716954093825
3405,0.109375,-28.072006,270.419678,1.0,956.8730706461929,369.37679240938246
3406,0.105469,-29.308187,270.43277,1.0,979.8312006461929,446.1094274093825
3407,0.105469,-30.55703,270.444916,1.0,984.312218646193,441.17360640938244
3408,0.105469,-31.89221,270.456604,1.0,963.7905506461929,463.00096840938244
3409,0.109375,-33.256615,270.467072,1.0,963.641197646193,477.3026034093824
3410,0.101562,-34.559277,270.475677,1.0,959.838646646193,475.6238924093825
3411,0.105469,-35.94738,270.483398,1.0,953.5619136461929,489.9277864093824
3412,0.109375,-37.384708,270.489929,1.0,1477.044945646193,666.0200724093825
3413,0.109375,-38.849068,270.4953,1.0,1472.7812736461929,658.0685344093824
3414,0.113281,-40.359585,270.499481,1.0,1587.409691646193,474.3632724093825
3415,0.105469,-41.839981,270.502655,1.0,467.2280506461929,153.06412440938246
3416,0.105469,-43.287514,270.505066,1.0,788.5972526461929,321.25411140938246
3417,0.105469,-44.768475,270.506989,1.0,883.5251086461928,339.87578540938244
3418,0.105469,-46.236446,270.508453,1.0,921.1886836461929,344.51952240938243
3419,0.117188,-47.903996,270.509613,1.0,936.1803216461929,340.55870740938246
3420,0.101562,-49.355267,270.510162,1.0,909.6213006461929,328.31130140938245
3421,0.105469,-50.881462,270.510193,1.0,890.6617666461929,-13.255246590617542
3422,0.109375,-52.474594,270.509583,1.0,898.9309316461929,403.41985240938243
3423,0.113281,-54.131889,270.50827,1.0,968.0883416461929,378.9194254093825
3424,0.109375,-55.811867,270.506226,1.0,963.338646646193,377.54042740938246
3425,0.105469,-57.488918,270.503601,1.0,964.1748286461929,500.65264040938246
3426,0.105469,-59.175064,270.500458,1.0,969.3763666461929,529.6993324093825
3427,0.101562,-60.899467,270.496704,1.0,981.7614376461929,537.0324014093825
3428,0.105469,-62.695259,270.491974,1.0,990.8393786461929,540.6982334093825
3429,0.105469,-64.54306,270.485626,1.0,982.0209586461929,553.4857094093825
3430,0.109375,-66.52626,270.476776,1.0,976.2321406461929,553.7732454093824
3431,0.109375,-68.553307,270.464691,1.0,961.8153926461929,557.1975624093825
3432,0.109375,-70.601303,270.448822,1.0,947.5431756461929,405.63448240938243
3433,0.105469,-72.698547,270.429565,1.0,975.7254876461928,420.24434540938245
3434,0.109375,-74.802269,270.408173,1.0,939.401329646193,394.12749440938245
3435,0.101562,-76.908188,270.385468,1.0,941.4517446461929,379.50286040938244
3436,0.105469,-79.006378,270.362366,1.0,937.8539056461929,374.5790324093825
3437,0.101562,-81.154266,270.338806,1.0,957.7286616461929,450.16756340938247
3438,0.105469,-83.390503,270.314667,1.0,974.9194576461929,545.4396274093824
3439,0.105469,-85.680405,270.290863,1.0,990.7124256461929,520.0562044093824
3440,0.105469,-87.994438,270.268127,1.0,995.0612416461929,546.6010044093824
3441,0.109375,-90.362717,270.246643,1.0,980.7177356461929,564.1310954093825
3442,0.105469,-92.787773,270.226929,1.0,995.8794176461929,564.5831214093824
3443,0.109375,-95.309067,270.209198,1.0,1002.9829946461929,562.0867224093824
3444,0.113281,-97.923424,270.194,1.0,977.596031646193,538.2911904093825
3445,0.113281,-100.552261,270.182068,1.0,941.1579216461929,291.8275674093825
3446,0.105469,-103.103096,270.173737,1.0,943.5014886461929,296.88823640938244
3447,0.101562,-105.537918,270.16861,1.0,945.4643786461929,306.09578640938247
3448,0.105469,-108.091736,270.166168,1.0,961.5110096461929,322.8422464093825
3449,0.105469,-110.797523,270.166687,1.0,949.1147086461929,330.9192724093825
3450,0.113281,-113.673325,270.17038,1.0,965.7830436461929,511.03331640938245
3451,0.113281,-116.537743,270.175781,1.0,975.2429436461929,536.0496134093825
3452,0.105469,-119.306976,270.178986,1.0,1496.187889646193,658.5306314093824
3453,0.109375,-122.183411,270.175873,1.0,1597.8758776461927,736.8292154093824
3454,0.101562,-124.94014,270.16333,1.0,1595.230980646193,740.8440464093825
3455,0.101562,-127.6521,270.140625,1.0,1581.7821276461927,711.7633584093825
3456,0.101562,-130.362778,270.108826,1.0,994.0967646461929,525.7457804093824
3457,0.101562,-133.162781,270.068634,1.0,983.8322376461929,544.1014324093825
3458,0.117188,-136.28772,270.01767,1.0,991.7806636461929,548.3879314093824
3459,0.113281,-139.486023,269.962769,1.0,1018.485985646193,574.2390054093825
3460,0.109375,-142.493271,269.911346,1.0,1019.4221426461929,583.1320104093825
3461,0.109375,-145.628586,269.858948,1.0,1022.7989126461929,568.1647864093825
3462,0.113281,-148.752808,269.807861,1.0,1027.2366566461928,555.5413124093825
3463,0.109375,-151.872314,269.757904,1.0,987.3109976461928,573.2964394093824
3464,0.105469,-154.924973,269.710602,1.0,893.5277336461929,569.5958774093824
3465,0.101562,-157.897217,269.666656,1.0,893.5660636461929,571.6923134093825
3466,0.101562,-160.845917,269.625854,1.0,933.135704646193,363.45632040938244
3467,0.109375,-164.011856,269.585968,1.0,952.528221646193,364.23952440938245
3468,0.117188,-167.488861,269.547516,1.0,922.0287716461929,362.36171640938244
3469,0.101562,-170.475555,269.519379,1.0,937.1927726461929,357.82546140938246
3470,0.113281,-173.89093,269.493774,1.0,990.5231556461929,536.0535194093825
3471,0.117188,-177.330902,269.479095,1.0,995.1540156461929,517.4649574093825
3472,0.113281,-180.750488,269.479218,1.0,998.5749746461929,513.5771404093824
3473,0.109375,-184.083817,269.496155,1.0,992.6553576461929,501.41228440938244
3474,0.109375,-187.414001,269.531067,1.0,1017.0273066461929,518.9224764093825
3475,0.113281,-190.880905,269.58728,1.0,1031.3265616461929,519.7693394093825
3476,0.105469,-194.189011,269.657288,1.0,1023.5812006461929,547.4949254093824
3477,0.109375,-197.606842,269.739471,1.0,1035.5034416461929,544.6424474093825
3478,0.109375,-200.906113,269.819794,1.0,1005.231163646193,539.1756504093825
3479,0.105469,-204.199814,269.890228,1.0,1016.6747066461929,544.3531404093825
3480,0.101562,-207.279327,269.939789,1.0,1005.3822866461929,546.9498814093824
3481,0.101562,-210.402359,269.969879,1.0,1008.2217646461929,530.2155064093824
3482,0.101562,-213.387115,269.978485,1.0,1031.449669646193,558.9773474093824
3483,0.101562,-216.424011,269.969971,1.0,1049.5525746461929,565.9193644093824
3484,0.113281,-219.834274,269.949158,1.0,1049.609276646193,573.0064614093825
3485,0.105469,-222.769958,269.929352,1.0,1050.146019646193,574.0583414093825
3486,0.105469,-225.732391,269.912231,1.0,1062.7665026461927,574.9246134093825
3487,0.105469,-228.599274,269.900085,1.0,1058.8076406461928,568.4482944093825
3488,0.101562,-231.327393,269.892181,1.0,1050.080834646193,562.2465734093824
3489,0.101562,-233.90506,269.886078,1.0,1052.301048646193,566.0659704093824
3490,0.105469,-236.460526,269.879822,1.0,1065.2847526461928,556.4261394093825
3491,0.101562,-238.809113,269.873199,1.0,1074.5122306461928,564.8397134093825
3492,0.113281,-241.359589,269.865479,1.0,1056.1053096461928,591.1893224093825
3493,0.113281,-243.722046,269.859009,1.0,1063.8854606461928,580.3886634093825
3494,0.109375,-245.990234,269.85437,1.0,1081.9320306461927,573.5979534093825
3495,0.113281,-248.199936,269.852112,1.0,1054.423729646193,580.9009314093825
3496,0.105469,-250.149765,269.85199,1.0,1064.5031976461928,573.6550204093825
3497,0.101562,-251.957932,269.85318,1.0,1061.9333736461929,589.2425454093825
3498,0.117188,-253.905289,269.855591,1.0,1067.460594646193,572.4147254093824
3499,0.113281,-255.693573,269.858704,1.0,1076.238060646193,566.5673134093825
3500,0.113281,-257.371613,269.862671,1.0,446.8646786461929,507.51183240938246
3501,0.113281,-258.993134,269.867737,1.0,448.0805896461929,524.5596224093824
3502,0.109375,-260.421173,269.873505,1.0,304.6100396461929,350.90386140938244
3503,0.105469,-261.823822,269.880432,1.0,716.8467036461929,349.50197540938245
3504,0.109375,-263.233978,269.88858,1.0,923.5187006461929,487.99535240938246
3505,0.117188,-264.69516,269.898102,1.0,926.3727046461929,524.5707924093824
3506,0.113281,-266.148499,269.908356,1.0,918.8869866461929,521.7254554093824
3507,0.109375,-267.519287,269.918732,1.0,916.9298946461929,511.7952184093824
3508,0.109375,-268.860687,269.929352,1.0,1048.454430646193,510.1079014093824
3509,0.105469,-270.122192,269.939758,1.0,1059.3956536461928,516.4774694093825
3510,0.105469,-271.333862,269.950134,1.0,1046.2337886461928,518.0129924093825
3511,0.105469,-272.547546,269.960632,1.0,1050.713951646193,516.0243444093825
3512,0.105469,-273.730774,269.971069,1.0,1191.815331646193,523.2950964093825
3513,0.105469,-274.935089,269.98172,1.0,1185.6731196461928,531.1350014093824
3514,0.109375,-276.139404,269.99234,1.0,1203.736229646193,528.7805094093825
3515,0.109375,-277.348267,270.003082,1.0,1025.2549676461929,521.1483684093824
3516,0.109375,-278.553009,270.013855,1.0,997.3467036461929,536.7009194093824
3517,0.109375,-279.769684,270.024811,1.0,1003.1598136461929,531.3033974093825
3518,0.113281,-281.047607,270.036377,1.0,969.475670646193,537.6262734093824
3519,0.101562,-282.205872,270.046753,1.0,940.2879876461928,527.0101844093824
3520,0.105469,-283.372192,270.056793,1.0,971.5207146461929,540.0441814093824
3521,0.101562,-284.552612,270.066559,1.0,933.7162716461929,454.74864840938244
3522,0.105469,-285.798462,270.076233,1.0,913.8817986461929,340.60439240938246
3523,0.109375,-287.095734,270.085693,1.0,921.1003656461929,313.16850940938247
3524,0.109375,-288.407104,270.094604,1.0,844.398583646193,42.52890640938246
3525,0.109375,-289.776489,270.103302,1.0,477.6694576461929,160.24524640938245
3526,0.109375,-291.137909,270.111328,1.0,188.7713996461929,281.59407740938246
3527,0.109375,-292.530701,270.118958,1.0,268.7526176461929,350.93297440938244
3528,0.105469,-293.91275,270.126007,1.0,229.0763096461929,349.34032340938245
3529,0.101562,-295.291626,270.132294,1.0,1158.472801646193,503.17034040938245
3530,0.105469,-296.685364,270.137573,1.0,985.5229726461929,385.2892064093825
3531,0.101562,-298.137299,270.141083,1.0,1048.4754266461928,502.8868934093824
3532,0.105469,-299.612823,270.141663,1.0,1000.1850216461929,534.9639804093824
3533,0.109375,-301.199951,270.138489,1.0,984.6455926461929,513.8646764093825
3534,0.109375,-302.798401,270.131104,1.0,155.4566286461929,-25.563500590617544
3535,0.105469,-304.395355,270.120087,1.0,149.01794464619292,393.3780434093824
3536,0.105469,-305.986938,270.106018,1.0,49.5717326461929,232.32112840938248
3537,0.105469,-307.62677,270.088806,1.0,-0.5593943538071073,233.91289440938243
3538,0.109375,-309.39444,270.067383,1.0,14.522469646192889,354.34059840938244
3539,0.105469,-311.12204,270.043976,1.0,996.8861926461929,336.74993040938244
3540,0.113281,-313.007202,270.015503,1.0,1060.533409646193,429.5440894093825
3541,0.113281,-314.962158,269.98291,1.0,1063.419029646193,491.6503214093824
3542,0.101562,-316.795044,269.949524,1.0,1059.344566646193,509.7570104093825
3543,0.101562,-318.634033,269.91275,1.0,1033.612755646193,511.9495764093824
3544,0.109375,-320.656433,269.868286,1.0,1031.7235956461927,501.05028440938247
3545,0.105469,-322.621033,269.820831,1.0,1069.840599646193,508.6920694093825
3546,0.101562,-324.523041,269.770935,1.0,1088.8241816461928,500.03008140938243
3547,0.113281,-326.69101,269.710754,1.0,1050.7448356461928,502.56835040938245
3548,0.109375,-328.826752,269.651184,1.0,1055.531883646193,450.69866140938245
3549,0.113281,-331.058105,269.594604,1.0,1461.254662646193,113.97637040938247
3550,0.109375,-333.20166,269.550415,1.0,1453.062401646193,126.63378040938247
3551,0.109375,-335.323151,269.519348,1.0,1093.884422646193,456.54158740938243
3552,0.105469,-337.429321,269.503082,1.0,1067.6931996461929,553.1444004093825
3553,0.101562,-339.454102,269.502319,1.0,1064.9842156461928,529.7028114093824
3554,0.101562,-341.437103,269.516052,1.0,1050.906456646193,540.8254924093825
3555,0.101562,-343.414612,269.542542,1.0,1039.1559076461929,512.1701574093825
3556,0.109375,-345.556519,269.580597,1.0,1039.442894646193,507.9679484093824
3557,0.113281,-347.679962,269.62262,1.0,1042.526756646193,493.5959384093825
3558,0.105469,-349.720093,269.663513,1.0,970.4240956461929,479.5234294093824
3559,0.109375,-351.796936,269.704681,1.0,904.4237296461929,707.8456944093824
3560,0.101562,-353.686829,269.742493,1.0,1004.1260616461929,492.8987954093825
3561,0.117188,-355.843506,269.787872,1.0,997.6126336461929,466.65679040938244
3562,0.101562,-357.731079,269.831146,1.0,995.1718986461929,462.9750584093825
3563,0.101562,-359.609314,269.878876,1.0,975.3994986461929,475.9119784093824
3564,0.101562,-361.369019,269.928375,1.0,1122.810448646193,457.8319614093825
3565,0.109375,-363.250549,269.986908,1.0,1113.0095446461928,458.91155140938247
3566,0.105469,-365.086975,270.05011,1.0,1142.801781646193,469.00585040938245
3567,0.101562,-366.750092,270.11377,1.0,1125.675255646193,434.0894994093825
3568,0.105469,-368.450592,270.187561,1.0,1142.552696646193,436.07656040938247
3569,0.109375,-370.148682,270.272095,1.0,1123.607933646193,440.21391940938247
3570,0.109375,-371.827667,270.36795,1.0,951.3031246461929,307.48955440938244
3571,0.113281,-373.462891,270.474182,1.0,922.9309926461929,317.53993940938244
3572,0.101562,-374.891876,270.577362,1.0,963.1481556461929,349.06825940938245
3573,0.101562,-376.308716,270.689362,1.0,1055.1404656461928,381.1952734093825
3574,0.109375,-377.730835,270.812836,1.0,1072.4375236461929,407.98497640938245
3575,0.109375,-379.101044,270.943512,1.0,1065.125511646193,411.01494540938245
3576,0.101562,-380.360077,271.075012,1.0,1092.4776846461928,405.89226440938245
3577,0.105469,-381.561951,271.212433,1.0,1195.374168646193,543.3922034093824
3578,0.101562,-382.632446,271.346619,1.0,1119.2757806461927,607.9659334093825
3579,0.113281,-383.799561,271.506958,1.0,1078.390587646193,391.6411964093825
3580,0.109375,-384.849121,271.664185,1.0,887.4436886461929,307.39800140938246
3581,0.113281,-385.877808,271.8302,1.0,900.4543696461928,306.23271840938247
3582,0.109375,-386.832733,271.994568,1.0,1452.309959646193,422.00136440938246
3583,0.121094,-387.797974,272.169952,1.0,1505.8582996461928,483.6695474093824
3584,0.101562,-388.568237,272.31601,1.0,1504.2325676461928,514.5334384093825
3585,0.113281,-389.370117,272.473663,1.0,969.5020986461928,408.93801040938246
3586,0.105469,-390.045074,272.61087,1.0,1006.7884756461929,392.63265140938245
3587,0.105469,-390.642609,272.73584,1.0,913.0340206461929,319.18974940938244
3588,0.109375,-391.212219,272.858063,1.0,914.838829646193,305.76583040938243
3589,0.101562,-391.667908,272.95813,1.0,907.5331656461929,296.1539834093825
3590,0.105469,-392.08194,273.050751,1.0,908.8648306461929,296.15367840938245
3591,0.113281,-392.489563,273.143433,1.0,926.6106196461928,328.05107740938246
3592,0.109375,-392.834778,273.223083,1.0,909.4381336461929,296.28960340938244
3593,0.101562,-393.104218,273.28595,1.0,901.6996696461929,304.58437240938247
3594,0.105469,-393.335663,273.340485,1.0,876.8486566461929,290.8313514093825
3595,0.105469,-393.514313,273.382996,1.0,871.0989006461929,265.43697240938246
3596,0.101562,-393.639893,273.412964,1.0,885.7318966461929,289.59990640938247
3597,0.101562,-393.721985,273.432678,1.0,873.7930536461929,278.87193940938243
