,0,1,2,3,4,5
0,0.0,-318.094177,4.425294,1.0,1031.5747478776716,413.85411649704747
1,0.106934,-318.106659,4.40508,1.0,1034.0550338776718,417.66097049704746
2,0.110352,-318.106018,4.391912,1.0,1032.2214148776718,423.5523894970475
3,0.111816,-318.107452,4.381179,1.0,1030.4141638776719,427.66353449704746
4,0.109375,-318.109497,4.378277,1.0,1266.4019568776719,257.16086349704744
5,0.102539,-318.11084,4.383094,1.0,1333.4885048776719,195.22374549704747
6,0.106445,-318.111237,4.391362,1.0,1308.3326208776718,197.80861449704747
7,0.101562,-318.11084,4.396229,1.0,1297.3025918776718,203.75037149704747
8,0.100586,-318.110229,4.395323,1.0,1290.6056928776718,204.26769049704748
9,0.100098,-318.10965,4.390756,1.0,1321.9880168776717,183.26120549704748
10,0.101562,-318.109222,4.386621,1.0,1343.7510778776718,184.1050314970475
11,0.101074,-318.1091,4.385746,1.0,1359.3371378776717,183.58357849704748
12,0.101562,-318.109192,4.387709,1.0,1357.8112588776717,185.75508649704747
13,0.102051,-318.109375,4.390214,1.0,1354.8733928776717,184.3511794970475
14,0.111328,-318.109711,4.391369,1.0,1218.0257368776718,330.7948514970475
15,0.109863,-318.109924,4.390686,1.0,1125.9720258776717,455.05116849704746
16,0.10498,-318.109924,4.389514,1.0,1031.6565958776719,505.6423544970475
17,0.10791,-318.109802,4.388826,1.0,1020.0641278776718,511.7261564970475
18,0.10498,-318.109772,4.388889,1.0,1014.2665808776718,504.27455749704745
19,0.103027,-318.109741,4.389318,1.0,982.6404218776718,506.6380824970475
20,0.104004,-318.109711,4.389716,1.0,980.6147258776717,506.4144494970475
21,0.103027,-318.109741,4.389876,1.0,1394.6366988776717,314.26680549704747
22,0.102051,-318.109772,4.389812,1.0,1388.6681928776718,310.8738304970475
23,0.104492,-318.109802,4.389636,1.0,1407.5472208776719,291.4158834970475
24,0.103516,-318.109833,4.389483,1.0,1405.9152628776717,289.0181944970475
25,0.103516,-318.109802,4.389433,1.0,1406.1633098776717,289.58991049704747
26,0.102539,-318.109802,4.389492,1.0,1401.9676308776718,286.2327934970475
27,0.103027,-318.109772,4.389599,1.0,1386.8904828776717,293.30174849704747
28,0.104004,-318.109772,4.38968,1.0,1342.2681678776717,323.53896149704747
29,0.102051,-318.109741,4.389691,1.0,1029.6499428776717,530.0952054970475
30,0.100586,-318.109772,4.38965,1.0,1028.3989668776717,530.6345424970475
31,0.109375,-318.109802,4.389597,1.0,1012.0078528776718,520.3482874970475
32,0.111816,-318.109802,4.389582,1.0,991.2563878776717,504.8906454970475
33,0.101562,-318.109802,4.389605,1.0,987.9244788776717,502.8511864970475
34,0.101562,-318.109802,4.389644,1.0,988.6562298776718,503.86931449704747
35,0.101562,-318.109802,4.389592,1.0,985.8248088776718,507.2864584970475
36,0.104004,-318.109802,4.389156,1.0,986.7532758776717,507.2985434970475
37,0.103516,-318.109802,4.387874,1.0,985.5870768776717,510.7735494970475
38,0.103516,-318.109955,4.385106,1.0,998.6771648776718,506.8989774970475
39,0.100586,-318.110168,4.380415,1.0,999.7582198776718,500.0355734970475
40,0.102539,-318.110504,4.373565,1.0,999.7751258776717,498.8893944970475
41,0.103516,-318.110931,4.364468,1.0,1387.7702428776718,287.4175774970475
42,0.108887,-318.11145,4.352728,1.0,1369.2914838776717,266.7827814970475
43,0.106934,-318.112122,4.338998,1.0,1329.7144568776719,253.17389449704748
44,0.106445,-318.112823,4.323212,1.0,1268.9345498776718,227.98860749704747
45,0.103516,-318.113678,4.305844,1.0,1198.5461218776718,134.67524549704748
46,0.102539,-318.114594,4.286761,1.0,1137.6423138776718,-40.731950502952515
47,0.104004,-318.115631,4.265392,1.0,1137.6423138776718,-40.731950502952515
48,0.102051,-318.11673,4.242439,1.0,1137.6423138776718,-40.731950502952515
49,0.108398,-318.118011,4.216126,1.0,1137.6423138776718,-40.731950502952515
50,0.108398,-318.119415,4.18768,0.0,68.50205487767175,57.29787249704748
51,0.106934,-318.12088,4.157611,0.0,68.50205487767175,57.29787249704748
52,0.102539,-318.122406,4.126837,0.0,68.50205487767175,57.29787249704748
53,0.10498,-318.124023,4.093495,0.0,68.50205487767175,57.29787249704748
54,0.105957,-318.125793,4.05799,0.0,68.50205487767175,57.29787249704748
55,0.103027,-318.127594,4.021687,0.0,68.50205487767175,57.29787249704748
56,0.105469,-318.129517,3.982665,0.0,68.50205487767175,57.29787249704748
57,0.105957,-318.131561,3.941631,0.0,68.50205487767175,57.29787249704748
58,0.106445,-318.133667,3.898486,1.0,1004.4268598776717,326.91664649704745
59,0.105469,-318.135925,3.85377,1.0,990.9092208776717,343.48067249704746
60,0.105469,-318.138214,3.807561,1.0,1012.6042278776717,365.4845794970475
61,0.107422,-318.140656,3.75858,1.0,877.6749678776717,294.14558949704747
62,0.11084,-318.14328,3.706085,1.0,894.4869178776718,308.1153464970475
63,0.107422,-318.145874,3.653399,1.0,898.6498208776718,313.6975914970475
64,0.111816,-318.148712,3.596594,1.0,907.9526778776717,329.23454849704746
65,0.103516,-318.151398,3.542346,1.0,913.7071328776717,333.2994894970475
66,0.113281,-318.15448,3.480713,1.0,911.5899458776718,329.9741724970475
67,0.109863,-318.157593,3.41677,1.0,912.7712198776718,327.59502249704747
68,0.11084,-318.161041,3.345429,1.0,914.9297888776717,324.8805144970475
69,0.10791,-318.164856,3.264646,1.0,913.6354168776718,318.1819364970475
70,0.111328,-318.169739,3.162383,1.0,936.9289958776718,354.4513754970475
71,0.111816,-318.176147,3.025639,1.0,980.7747598776717,459.88735049704746
72,0.108398,-318.184448,2.848956,1.0,977.5880538776718,456.7914024970475
73,0.112305,-318.195374,2.615121,1.0,977.4328408776718,452.42537449704747
74,0.109863,-318.208374,2.337548,1.0,950.7350258776718,453.8461814970475
75,0.108887,-318.223541,2.01298,1.0,954.2621868776718,460.90297549704746
76,0.110352,-318.240967,1.636757,1.0,980.6024578776718,481.05406749704747
77,0.111816,-318.260895,1.204508,1.0,980.8691808776717,483.5776274970475
78,0.103027,-318.281128,0.760009,1.0,980.1943768776717,483.9597074970475
79,0.108887,-318.304382,0.243751,1.0,980.0860388776717,485.96471249704746
80,0.11084,-318.329773,-0.329685,1.0,976.9615888776717,487.0183924970475
81,0.107422,-318.355957,-0.932738,1.0,415.32956987767176,389.4402064970475
82,0.107422,-318.383545,-1.585281,1.0,418.2959698776718,387.5904444970475
83,0.105957,-318.411896,-2.272042,1.0,1104.3188268776717,379.1473594970475
84,0.104004,-318.440704,-2.992219,1.0,1184.1766158776718,359.7250274970475
85,0.10791,-318.471588,-3.788546,1.0,1322.6238808776718,217.8717704970475
86,0.106934,-318.502655,-4.621615,1.0,1318.5225628776718,220.91176449704747
87,0.108398,-318.534485,-5.509544,1.0,1261.8423868776717,244.99843449704747
88,0.106445,-318.56546,-6.413591,1.0,976.2758588776718,455.5746364970475
89,0.105957,-318.595825,-7.343807,1.0,979.4861248776717,461.0823574970475
90,0.105957,-318.625793,-8.310265,1.0,980.4275918776717,459.88753349704746
91,0.105957,-318.655029,-9.309156,1.0,950.9111738776718,459.2929894970475
92,0.126953,-318.688965,-10.547729,1.0,947.6710608776717,463.7684234970475
93,0.100098,-318.715027,-11.565815,1.0,946.2847088776717,458.6531884970475
94,0.109863,-318.743103,-12.738354,1.0,944.2353308776718,459.10860249704746
95,0.11084,-318.770599,-13.967476,1.0,943.4029948776717,460.9359034970475
96,0.110352,-318.797333,-15.24368,1.0,991.1344398776718,484.75075349704747
97,0.109375,-318.82309,-16.550716,1.0,1008.0876868776718,495.0217494970475
98,0.110352,-318.848663,-17.915949,1.0,1010.9837438776717,492.85506249704747
99,0.11084,-318.873688,-19.306601,1.0,986.1452428776718,461.5561124970475
100,0.109375,-318.898315,-20.683924,1.0,1332.5481978776718,216.60648149704747
101,0.107422,-318.922668,-22.038607,1.0,1330.5445348776718,209.61055549704747
102,0.108887,-318.947266,-23.392269,1.0,1320.5204878776717,203.55010049704748
103,0.107422,-318.972168,-24.713104,1.0,958.7685338776718,317.10301749704746
104,0.106934,-318.99823,-26.021557,1.0,928.3448888776718,325.4510404970475
105,0.104492,-319.024872,-27.280998,1.0,908.6868078776718,320.35808349704746
106,0.104004,-319.053162,-28.53039,1.0,939.2942298776718,392.02181049704745
107,0.10791,-319.084198,-29.814034,1.0,971.8165078776717,457.2534084970475
108,0.106934,-319.11676,-31.076271,1.0,969.4829508776718,458.1056424970475
109,0.109863,-319.151794,-32.35453,1.0,966.3480018776718,461.4831444970475
110,0.100098,-319.18515,-33.51598,1.0,966.0972698776718,463.6420194970475
111,0.104492,-319.220123,-34.708942,1.0,959.4361368776717,463.3729154970475
112,0.105469,-319.255341,-35.908394,1.0,958.2525428776718,455.94188449704745
113,0.106934,-319.290192,-37.115486,1.0,1028.9076338776717,507.2102264970475
114,0.105469,-319.323212,-38.292591,1.0,1029.4217328776717,506.1086634970475
115,0.103516,-319.35434,-39.437141,1.0,1033.6475628776716,504.9738674970475
116,0.102539,-319.383972,-40.562603,1.0,1031.6954138776719,504.64638349704745
117,0.104004,-319.413055,-41.694153,1.0,1032.8094278776716,503.8828334970475
118,0.103027,-319.44101,-42.80471,1.0,945.3406168776718,436.9001974970475
119,0.102539,-319.468018,-43.898666,1.0,945.2746378776718,439.6423544970475
120,0.102539,-319.494354,-44.98888,1.0,941.3765668776717,435.7336634970475
121,0.103516,-319.519897,-46.072166,1.0,942.1827188776717,435.4562284970475
122,0.106445,-319.545471,-47.181442,1.0,943.1648358776717,433.9558314970475
123,0.10791,-319.570404,-48.294277,1.0,943.8098548776718,436.9466154970475
124,0.106934,-319.594055,-49.386925,1.0,944.2204998776717,431.4012354970475
125,0.112793,-319.618042,-50.529182,1.0,942.0695598776717,432.5531524970475
126,0.108887,-319.64035,-51.621166,1.0,972.3946938776718,428.4503384970475
127,0.11084,-319.662048,-52.724819,1.0,974.7853188776718,431.81609149704747
128,0.107422,-319.681549,-53.780369,1.0,973.1407878776718,428.32906149704746
129,0.106445,-319.699127,-54.81768,1.0,970.9015908776718,426.6551724970475
130,0.110352,-319.715271,-55.87273,1.0,969.4088538776717,425.4757594970475
131,0.109375,-319.729248,-56.904675,1.0,969.3052168776718,424.97588149704745
132,0.106934,-319.740875,-57.889091,1.0,930.7454018776717,469.93285149704747
133,0.109863,-319.751129,-58.875908,1.0,928.2495528776717,465.8636374970475
134,0.108398,-319.759613,-59.819725,1.0,935.3888348776718,464.67177349704747
135,0.108398,-319.766815,-60.734631,1.0,933.0909218776718,461.93346249704746
136,0.108887,-319.773102,-61.604881,1.0,934.4459638776717,460.69832449704745
137,0.112305,-319.778778,-62.422127,1.0,933.7800088776718,456.79729249704747
138,0.106934,-319.783569,-63.120792,1.0,976.5911048776718,400.28990749704747
139,0.108398,-319.787872,-63.741196,1.0,977.0005288776717,402.0049344970475
140,0.10498,-319.791382,-64.257042,1.0,975.7789098776717,401.03536049704746
141,0.108398,-319.794403,-64.698914,1.0,976.3724158776718,395.09624249704746
142,0.10498,-319.796661,-65.043198,1.0,974.3116248776718,395.2529504970475
143,0.105957,-319.798279,-65.302437,1.0,975.4422408776718,397.35274349704747
144,0.108398,-319.799316,-65.478134,1.0,974.1829018776717,398.5220854970475
145,0.108398,-319.799774,-65.561745,1.0,975.0822548776717,401.0236414970475
146,0.109375,-319.799744,-65.569344,1.0,973.6356608776717,394.10945649704746
147,0.106934,-319.799713,-65.558479,1.0,976.0299478776717,398.3097744970475
148,0.109375,-319.799683,-65.548637,1.0,973.0680338776717,391.1823634970475
149,0.10791,-319.799713,-65.546539,1.0,955.3017378776717,380.4554954970475
150,0.110352,-319.799774,-65.550072,1.0,902.8163248776717,318.19676749704746
151,0.106934,-319.799774,-65.555321,1.0,1008.0342208776717,384.9001674970475
152,0.103027,-319.799744,-65.560905,1.0,1005.6195478776717,389.51775149704747
153,0.10791,-319.799744,-65.567871,1.0,1002.9899698776718,388.1308494970475
154,0.106934,-319.799744,-65.577065,1.0,1001.7344768776718,392.93724649704745
155,0.110352,-319.799744,-65.589432,1.0,1001.8829138776717,399.6434844970475
156,0.10791,-319.799774,-65.604332,1.0,1000.7444258776718,399.49889149704745
157,0.110352,-319.799744,-65.62178,1.0,1034.6910808776718,164.1372054970475
158,0.100586,-319.799744,-65.639519,1.0,1034.6910808776718,164.1372054970475
159,0.10498,-319.799805,-65.659843,1.0,1034.6910808776718,164.1372054970475
160,0.103516,-319.799957,-65.681908,1.0,1034.6910808776718,164.1372054970475
161,0.102051,-319.80011,-65.705658,0.0,68.50205487767175,57.29787249704748
162,0.102539,-319.800293,-65.731468,0.0,68.50205487767175,57.29787249704748
163,0.104004,-319.800446,-65.759529,1.0,828.4777018776717,455.70226049704746
164,0.102539,-319.800598,-65.789032,1.0,837.4838668776717,438.4951684970475
165,0.104004,-319.800751,-65.820946,1.0,857.9415078776717,445.19548649704745
166,0.124023,-319.800964,-65.86132,1.0,853.5986128776717,453.9486904970475
167,0.100098,-319.801086,-65.895782,1.0,850.6766768776718,458.3552764970475
168,0.112793,-319.80127,-65.936867,1.0,846.7206828776717,453.9798484970475
169,0.101074,-319.801422,-65.975479,1.0,604.2270308776717,436.8749594970475
170,0.110352,-319.801575,-66.019463,1.0,472.52762887767176,444.1033224970475
171,0.111816,-319.801758,-66.066132,1.0,475.25495387767177,438.2795614970475
172,0.100098,-319.80191,-66.109543,1.0,480.95389787767175,430.5706084970475
173,0.100098,-319.802063,-66.154732,1.0,374.99299087767173,428.46669549704745
174,0.109375,-319.802246,-66.205849,1.0,378.3168438776718,424.9666344970475
175,0.103516,-319.802399,-66.256104,1.0,374.86057587767175,424.27876849704745
176,0.111816,-319.802551,-66.312233,1.0,1279.8082068776719,451.8157864970475
177,0.111816,-319.802734,-66.370171,1.0,1277.3355508776717,447.9377044970475
178,0.111328,-319.802887,-66.429825,1.0,1409.9606728776716,443.9961754970475
179,0.112305,-319.80307,-66.492134,1.0,1455.7151898776717,437.4934294970475
180,0.110352,-319.803253,-66.555031,1.0,1447.8788858776718,434.8179224970475
181,0.101562,-319.803375,-66.614273,1.0,1443.5447798776718,429.42873149704747
182,0.104492,-319.803558,-66.677193,1.0,1442.9470008776718,425.46504749704746
183,0.105957,-319.803741,-66.742538,1.0,1391.5529578776718,405.2025664970475
184,0.103516,-319.803864,-66.807755,1.0,1153.5479528776718,284.63687749704746
185,0.109375,-319.804047,-66.878487,1.0,1154.3147988776718,286.4433804970475
186,0.103027,-319.804199,-66.946686,1.0,1285.9623818776718,274.4844264970475
187,0.102539,-319.804352,-67.016113,1.0,1294.3423868776717,279.9743704970475
188,0.104004,-319.804504,-67.088112,1.0,1307.4966838776718,293.5434474970475
189,0.10498,-319.804657,-67.162071,1.0,1313.9804488776717,299.35452849704745
190,0.103516,-319.80484,-67.236343,1.0,1312.3135778776718,299.7714594970475
191,0.102539,-319.804993,-67.311577,1.0,1309.2881878776718,297.54211949704745
192,0.105957,-319.805145,-67.390709,1.0,917.8859048776718,324.2855734970475
193,0.10498,-319.805298,-67.470604,1.0,915.9123328776717,320.28526849704747
194,0.108398,-319.805481,-67.55468,1.0,918.1462198776718,320.7338164970475
195,0.109375,-319.805603,-67.641296,1.0,915.4817298776718,320.0490324970475
196,0.107422,-319.805786,-67.729332,1.0,911.6942548776717,320.9913534970475
197,0.109863,-319.805939,-67.824196,1.0,907.8368328776718,320.7646084970475
198,0.108398,-319.806183,-67.928551,1.0,940.3670448776718,347.6962184970475
199,0.11084,-319.806549,-68.059158,1.0,1011.8512368776718,457.1157744970475
200,0.108398,-319.806885,-68.228096,1.0,1009.8177288776717,452.47191449704746
201,0.101562,-319.80722,-68.429955,1.0,954.8788248776717,444.81953949704746
202,0.103516,-319.807495,-68.67878,1.0,952.2060338776718,439.8589994970475
203,0.106934,-319.807556,-68.982155,1.0,949.0049848776717,440.4716394970475
204,0.111816,-319.807251,-69.34816,1.0,1071.4034828776716,487.8053494970475
205,0.102051,-319.806396,-69.72654,1.0,1070.6554358776716,489.92546649704747
206,0.109375,-319.804657,-70.179878,1.0,1065.3616738776718,479.3882354970475
207,0.111328,-319.801605,-70.688873,1.0,1064.4649458776717,475.97612549704746
208,0.107422,-319.796997,-71.229553,1.0,1066.2180578776718,483.0475064970475
209,0.104492,-319.790527,-71.802116,1.0,1068.8209638776716,481.78844249704747
210,0.106445,-319.781708,-72.427025,1.0,829.6562298776718,455.5032864970475
211,0.110352,-319.769501,-73.129066,1.0,830.1006268776717,455.10799249704746
212,0.107422,-319.754425,-73.858559,1.0,837.8330488776718,451.1799834970475
213,0.106934,-319.73584,-74.630928,1.0,842.8057658776718,447.25496449704747
214,0.109375,-319.712677,-75.470253,1.0,844.0344038776717,446.80312149704747
215,0.111816,-319.684448,-76.375854,1.0,848.8934728776718,446.4682824970475
216,0.111328,-319.651276,-77.330673,1.0,842.9777628776718,440.38066649704746
217,0.109375,-319.613464,-78.318489,1.0,841.2959388776718,438.4054164970475
218,0.110352,-319.569672,-79.366714,1.0,844.0792638776718,442.5174764970475
219,0.11084,-319.52005,-80.464951,1.0,1008.4907628776717,443.14790949704746
220,0.109863,-319.465271,-81.606613,1.0,1011.8894448776717,441.3449614970475
221,0.100586,-319.410522,-82.695465,1.0,1014.5151168776717,439.7563684970475
222,0.111328,-319.345764,-83.954117,1.0,1016.9386388776718,437.00264549704747
223,0.101562,-319.285339,-85.141518,1.0,1017.6226598776717,438.65633149704746
224,0.109863,-319.220947,-86.473953,1.0,990.2481488776717,431.3812774970475
225,0.110352,-319.160736,-87.860352,1.0,987.6208288776718,425.6021024970475
226,0.111328,-319.108368,-89.275375,1.0,988.9151408776718,419.83559249704746
227,0.10791,-319.067352,-90.642105,1.0,986.0904948776717,412.4584864970475
228,0.109863,-319.036407,-92.017303,1.0,980.3185218776717,405.8854884970475
229,0.10498,-319.016907,-93.317299,1.0,980.2923988776718,402.0541894970475
230,0.103516,-319.006775,-94.585121,1.0,975.6779578776717,397.5886134970475
231,0.105957,-319.005157,-95.876236,1.0,975.6528118776718,395.6652124970475
232,0.103027,-319.011475,-97.120483,1.0,975.1433508776718,393.8452354970475
233,0.103027,-319.02533,-98.352715,1.0,1018.3795568776718,460.7965904970475
234,0.101074,-319.046021,-99.550575,1.0,1014.9797768776717,462.73195449704747
235,0.101562,-319.073944,-100.749763,1.0,1014.2573648776718,466.78114849704747
236,0.10498,-319.109955,-101.969658,1.0,1043.3678388776716,460.4494834970475
237,0.106445,-319.15387,-103.196693,1.0,1042.7228798776719,462.4044094970475
238,0.107422,-319.205139,-104.428223,1.0,1036.9551798776718,458.54240949704746
239,0.104492,-319.260162,-105.613983,1.0,1031.0982458776716,454.2313134970475
240,0.101074,-319.317139,-106.747856,1.0,1027.3807778776718,452.20250549704747
241,0.102051,-319.377869,-107.885063,1.0,1027.0411168776718,452.1328334970475
242,0.104004,-319.44278,-109.036583,1.0,1036.474710877672,380.6007594970475
243,0.101562,-319.508667,-110.145866,1.0,922.5950728776718,349.1658834970475
244,0.103027,-319.578552,-111.261734,1.0,1034.3229168776718,451.3101104970475
245,0.106934,-319.654968,-112.414246,1.0,1034.9295448776718,443.87465449704746
246,0.104492,-319.733124,-113.525635,1.0,1036.0942788776717,445.98882049704747
247,0.104492,-319.815094,-114.626717,1.0,1030.2949018776717,442.37868349704746
248,0.109375,-319.904846,-115.770889,1.0,909.0558268776717,316.4700524970475
249,0.104492,-319.993805,-116.853432,1.0,909.7159828776718,316.98204649704746
250,0.103027,-320.084198,-117.915497,1.0,913.1882118776717,314.89473549704746
251,0.107422,-320.180939,-119.017303,1.0,915.5500288776717,310.5501464970475
252,0.101074,-320.274139,-120.049919,1.0,914.9498088776718,308.4835264970475
253,0.106445,-320.375061,-121.138443,1.0,961.5105388776717,379.2339074970475
254,0.101562,-320.474426,-122.185478,1.0,1031.5865888776716,474.3280844970475
255,0.106934,-320.581421,-123.28685,1.0,1030.8864538776718,472.8029994970475
256,0.104004,-320.68866,-124.367592,1.0,1030.8531898776719,473.4424344970475
257,0.108887,-320.804169,-125.508217,1.0,1017.5349528776718,470.2771514970475
258,0.104492,-320.917786,-126.607735,1.0,1007.7304488776717,474.56044549704745
259,0.103027,-321.033356,-127.705566,1.0,1007.1116738776717,474.0220244970475
260,0.100586,-321.148743,-128.781784,1.0,1009.8738198776717,472.0020354970475
261,0.101074,-321.268066,-129.874359,1.0,1007.6617228776718,471.7565824970475
262,0.103027,-321.392548,-130.992966,1.0,1007.6154578776717,468.3594874970475
263,0.102051,-321.519531,-132.112503,1.0,1012.6053258776717,456.62294549704745
264,0.100586,-321.647919,-133.223938,1.0,1011.6982828776718,447.3404144970475
265,0.108887,-321.790649,-134.435455,1.0,1005.8619178776718,447.3850914970475
266,0.11084,-321.939667,-135.672607,1.0,977.4270428776717,316.7926234970475
267,0.100586,-322.079681,-136.80777,1.0,471.00394687767175,333.12062649704745
268,0.111816,-322.241089,-138.080307,1.0,495.00712087767175,367.8303124970475
269,0.110352,-322.405548,-139.335663,1.0,547.8091228776718,364.5821744970475
270,0.104004,-322.567474,-140.53093,1.0,980.7872108776718,318.49922749704746
271,0.10498,-322.737213,-141.743729,1.0,930.2454628776718,311.1371824970475
272,0.102051,-322.908234,-142.927658,1.0,912.9576818776718,305.00812349704745
273,0.111328,-323.102081,-144.228943,1.0,912.1107588776717,306.7755794970475
274,0.109863,-323.300629,-145.520889,1.0,913.7754308776717,310.53011149704747
275,0.109375,-323.504883,-146.812119,1.0,909.5905558776717,310.96088249704746
276,0.11084,-323.719055,-148.127426,1.0,993.3568518776717,396.9110014970475
277,0.109863,-323.938202,-149.435349,1.0,996.2914228776717,405.9200954970475
278,0.10791,-324.161682,-150.732056,1.0,997.0428258776717,406.50377449704746
279,0.106934,-324.389923,-152.021713,1.0,996.7269088776718,407.33626349704747
280,0.111328,-324.634064,-153.36412,1.0,1050.0328168776718,418.46574949704745
281,0.101562,-324.864044,-154.596954,1.0,1039.7787878776717,422.5099084970475
282,0.105469,-325.110413,-155.885849,1.0,972.1996258776718,480.7719934970475
283,0.106934,-325.366119,-157.193878,1.0,967.1375528776717,481.30708849704746
284,0.105469,-325.624878,-158.49234,1.0,954.9486488776718,478.9406944970475
285,0.10791,-325.89444,-159.826355,1.0,949.2849528776718,475.3383694970475
286,0.107422,-326.166504,-161.162537,1.0,947.5163368776717,476.5269984970475
287,0.108398,-326.442505,-162.513306,1.0,945.7112218776717,476.5681054970475
288,0.104004,-326.708069,-163.810928,1.0,944.9947308776717,476.7634484970475
289,0.101074,-326.96933,-165.083588,1.0,942.5785928776718,479.1663114970475
290,0.103516,-327.238739,-166.389877,1.0,943.6023358776717,482.2137054970475
291,0.109863,-327.528046,-167.782074,1.0,944.0113318776718,481.8480124970475
292,0.10498,-327.807617,-169.11496,1.0,1006.6749678776717,471.8741054970475
293,0.104492,-328.091522,-170.453094,1.0,1006.8220008776717,474.00539249704747
294,0.102539,-328.373535,-171.765762,1.0,1002.2466838776718,469.7703764970475
295,0.106445,-328.67157,-173.135254,1.0,1001.5951948776717,471.5018514970475
296,0.10498,-328.969513,-174.486435,1.0,997.9420568776718,466.94881249704747
297,0.103516,-329.269012,-175.827164,1.0,995.9047648776717,465.7926234970475
298,0.107422,-329.584351,-177.220276,1.0,995.9241128776717,464.47139549704747
299,0.102539,-329.891449,-178.559723,1.0,994.1945598776717,464.5709744970475
300,0.105469,-330.209839,-179.930466,1.0,994.2065838776717,464.52007049704747
301,0.109863,-330.548737,-181.370834,1.0,906.5851238776718,285.4104824970475
302,0.104004,-330.873566,-182.733505,1.0,905.2438148776718,287.4566404970475
303,0.103027,-331.198639,-184.080765,1.0,903.4346718776718,286.0674954970475
304,0.104004,-331.532501,-185.447495,1.0,916.2892858776718,310.9953674970475
305,0.104492,-331.872498,-186.822479,1.0,916.4904578776717,309.7983154970475
306,0.105957,-332.22229,-188.220062,1.0,912.8140058776718,306.3844964970475
307,0.104004,-332.567841,-189.583618,1.0,912.7288618776718,307.21831349704746
308,0.101562,-332.909485,-190.916412,1.0,911.2470498776718,306.7916774970475
309,0.103516,-333.260864,-192.270935,1.0,912.8359168776717,305.5226344970475
310,0.103516,-333.613525,-193.61499,1.0,914.5876258776717,304.7942714970475
311,0.103516,-333.968964,-194.954269,1.0,960.1853438776717,435.5627344970475
312,0.103516,-334.326263,-196.287415,1.0,970.1036788776718,475.0751554970475
313,0.104004,-334.688049,-197.625687,1.0,970.3061928776717,476.9261074970475
314,0.106934,-335.06076,-198.994125,1.0,966.8705848776717,475.26045749704747
315,0.107422,-335.433929,-200.35675,1.0,977.8887738776717,481.2485864970475
316,0.106445,-335.803711,-201.70166,1.0,985.4867348776718,476.97948249704746
317,0.107422,-336.174622,-203.047409,1.0,984.9099528776718,483.9424954970475
318,0.103516,-336.532227,-204.34285,1.0,984.0593058776717,486.00823049704746
319,0.112305,-336.917816,-205.738373,1.0,982.7078658776718,487.21135549704746
320,0.101562,-337.263306,-206.988586,1.0,986.6218058776717,491.5192474970475
321,0.100586,-337.605652,-208.227386,1.0,983.6842448776717,492.6208094970475
322,0.104004,-337.956665,-209.497757,1.0,984.7417398776718,492.56404649704746
323,0.105469,-338.310608,-210.778717,1.0,981.8743688776717,495.73067249704746
324,0.109863,-338.677032,-212.10463,1.0,1339.4028118776719,205.18250049704747
325,0.111816,-339.048706,-213.448715,1.0,1331.9072058776717,205.39278249704748
326,0.102051,-339.384399,-214.661209,1.0,1297.0897008776717,214.1529754970475
327,0.103027,-339.722412,-215.880066,1.0,1296.4927778776716,214.7208004970475
328,0.11084,-340.084351,-217.182755,1.0,1288.3891398776718,209.94119849704748
329,0.100098,-340.410736,-218.355103,1.0,893.4004928776718,431.3246364970475
330,0.104004,-340.745789,-219.556,1.0,935.2524208776717,447.8763334970475
331,0.110352,-341.100311,-220.823822,1.0,933.6872968776718,448.14870249704745
332,0.102051,-341.425476,-221.984512,1.0,931.4939368776718,445.7827354970475
333,0.111816,-341.780548,-223.249451,1.0,929.4605508776717,437.5258994970475
334,0.100098,-342.094299,-224.365677,1.0,940.2024328776718,325.55486149704745
335,0.109375,-342.435486,-225.578049,1.0,942.3204138776717,335.72911649704747
336,0.100098,-342.744446,-226.674866,1.0,919.8422648776717,312.2560784970475
337,0.110352,-343.083466,-227.878082,1.0,917.0021768776718,316.9871734970475
338,0.100098,-343.387878,-228.958298,1.0,909.5320228776718,274.5589504970475
339,0.110352,-343.720764,-230.139633,1.0,899.6453658776718,-110.79021650295252
340,0.108887,-344.045135,-231.290985,1.0,899.6453658776718,-110.79021650295252
341,0.111328,-344.374298,-232.459366,1.0,899.6453658776718,-110.79021650295252
342,0.108887,-344.693634,-233.592834,1.0,899.6453658776718,-110.79021650295252
343,0.11084,-345.015656,-234.73558,0.0,68.50205487767175,57.29787249704748
344,0.109863,-345.331635,-235.857117,1.0,821.0486858776718,297.52266449704746
345,0.106445,-345.634155,-236.93074,1.0,929.7404578776717,325.6957604970475
346,0.101562,-345.920715,-237.947754,1.0,920.7495528776717,324.24947149704747
347,0.101562,-346.204803,-238.957016,1.0,914.8381758776718,323.5470794970475
348,0.101074,-346.484467,-239.955704,1.0,913.3638708776717,321.9069724970475
349,0.102539,-346.762451,-240.957672,1.0,915.5319008776718,323.6008514970475
350,0.102539,-347.033752,-241.94986,1.0,910.6713048776718,319.9662994970475
351,0.103516,-347.300903,-242.945816,1.0,913.4780068776718,319.64378949704746
352,0.102051,-347.556152,-243.919937,1.0,932.4753828776718,455.5270594970475
353,0.103027,-347.806061,-244.900009,1.0,939.1088668776717,453.89491849704746
354,0.104004,-348.047729,-245.875732,1.0,939.7034708776717,452.0395414970475
355,0.102051,-348.277527,-246.831573,1.0,941.9831338776718,446.2784634970475
356,0.102051,-348.498352,-247.777908,1.0,947.3582558776718,446.06593849704745
357,0.104004,-348.715118,-248.73555,1.0,952.0492958776717,447.14696349704747
358,0.105957,-348.927734,-249.704773,1.0,913.4470618776718,490.89861149704745
359,0.105469,-349.130432,-250.658569,1.0,919.2590128776718,490.42409349704747
360,0.105957,-349.326447,-251.612076,1.0,921.1195478776717,495.1139434970475
361,0.103027,-349.509644,-252.534378,1.0,926.1267498776717,494.22887249704746
362,0.102539,-349.683533,-253.441055,1.0,927.3464148776718,493.2480374970475
363,0.10791,-349.859253,-254.391479,1.0,932.5743208776718,497.64226349704745
364,0.106934,-350.02475,-255.320969,1.0,934.4347938776717,503.9703274970475
365,0.105957,-350.182159,-256.237396,1.0,947.2952678776718,490.2278954970475
366,0.105469,-350.332764,-257.145447,1.0,951.0010168776718,493.01759949704746
367,0.10498,-350.475586,-258.036743,1.0,958.9422408776718,494.3354394970475
368,0.104492,-350.612213,-258.920319,1.0,962.1590978776718,493.9710294970475
369,0.106445,-350.74472,-259.809204,1.0,985.8973188776718,460.10448249704746
370,0.10791,-350.871796,-260.693451,1.0,989.6214398776717,457.92281149704746
371,0.105469,-350.985199,-261.509186,1.0,996.0198158776717,458.4563504970475
372,0.108887,-351.095154,-262.319061,1.0,1001.8696698776718,457.7470914970475
373,0.10498,-351.196808,-263.073761,1.0,1078.4033608776717,494.51149549704746
374,0.105957,-351.294189,-263.792023,1.0,1125.0597938776718,514.7301844970475
375,0.10791,-351.391022,-264.495087,1.0,1107.7375288776718,504.8025114970475
376,0.105469,-351.488617,-265.190521,1.0,921.7562048776717,337.6659754970475
377,0.107422,-351.589722,-265.897705,1.0,920.4075728776718,334.0505274970475
378,0.106445,-351.688446,-266.575684,1.0,924.0887858776717,322.3430074970475
379,0.107422,-351.789032,-267.252838,1.0,916.9974768776717,319.6595664970475
380,0.106445,-351.891815,-267.931488,1.0,915.0354408776717,317.36794049704747
381,0.106445,-351.99646,-268.607697,1.0,917.3737588776718,316.7200834970475
382,0.109375,-352.105438,-269.295624,1.0,949.4543868776717,350.7357694970475
383,0.104492,-352.211914,-269.950958,1.0,1064.3451948776717,481.1862394970475
384,0.108887,-352.327026,-270.639862,1.0,1105.6475628776718,507.5640774970475
385,0.104492,-352.440887,-271.300446,1.0,1163.4601848776717,528.1444914970475
386,0.104492,-352.558044,-271.957764,1.0,1164.2825728776718,526.2203884970475
387,0.103027,-352.677734,-272.608032,1.0,1177.0136518776717,516.8447164970476
388,0.106445,-352.806763,-273.286316,1.0,1179.7685338776716,518.2968344970475
389,0.106445,-352.938812,-273.95932,1.0,1181.0063268776717,521.6993004970475
390,0.105957,-353.07428,-274.629852,1.0,1183.8285928776718,522.3854884970475
391,0.107422,-353.215027,-275.308441,1.0,1185.7100628776718,528.9512234970475
392,0.106445,-353.35788,-275.980164,1.0,1114.3494668776718,525.5539764970474
393,0.108887,-353.509064,-276.673401,1.0,940.3401288776718,498.0459804970475
394,0.11084,-353.670227,-277.39386,1.0,931.0881148776717,494.3886014970475
395,0.108398,-353.836731,-278.119232,1.0,908.0514318776718,491.36461449704746
396,0.106445,-354.007294,-278.843567,1.0,902.1006878776717,489.37148049704746
397,0.104492,-354.183136,-279.571716,1.0,894.9646398776717,488.2928064970475
398,0.10498,-354.368652,-280.32309,1.0,892.9268598776717,487.0731104970475
399,0.101562,-354.55542,-281.065033,1.0,888.9080608776718,483.9238184970475
400,0.104492,-354.753906,-281.840698,1.0,915.3637488776718,347.2896024970475
401,0.102539,-354.956238,-282.619598,1.0,915.6499428776717,308.9711204970475
402,0.100586,-355.161621,-283.400696,1.0,913.1411538776717,309.0841574970475
403,0.105957,-355.384125,-284.236298,1.0,915.1895548776718,310.7307644970475
404,0.101562,-355.603027,-285.048584,1.0,869.1545208776718,-63.00365650295252
405,0.101074,-355.827026,-285.870575,1.0,869.1545208776718,-63.00365650295252
406,0.102051,-356.058472,-286.712372,1.0,869.1545208776718,-63.00365650295252
407,0.102051,-356.294006,-287.562897,1.0,869.1545208776718,-63.00365650295252
408,0.109863,-356.550629,-288.485016,1.0,869.1545208776718,-63.00365650295252
409,0.108398,-356.805969,-289.399475,1.0,890.5555828776718,416.0750024970475
410,0.103027,-357.051819,-290.278351,1.0,895.5741988776717,405.7346704970475
411,0.103516,-357.300598,-291.166199,1.0,894.1020308776717,405.5125024970475
412,0.104004,-357.552368,-292.062836,1.0,894.7302038776718,408.0529994970475
413,0.112305,-357.827118,-293.038635,1.0,892.2594398776718,410.9896754970475
414,0.110352,-358.099365,-294.003723,1.0,888.7855628776717,409.8831694970475
415,0.101074,-358.349548,-294.890076,1.0,909.6492108776717,310.6467794970475
416,0.101074,-358.600525,-295.779114,1.0,906.2095748776718,316.19649349704747
417,0.112305,-358.880768,-296.772339,1.0,908.3755898776717,318.4983114970475
418,0.112793,-359.163544,-297.775421,1.0,907.2148848776718,319.4189964970475
419,0.102051,-359.420105,-298.686371,1.0,904.5895788776718,320.7191984970475
420,0.101562,-359.676819,-299.599548,1.0,902.9361368776717,325.4972134970475
421,0.100098,-359.929138,-300.500336,1.0,902.5777388776718,328.3852744970475
422,0.100098,-360.181335,-301.404724,1.0,903.5710248776718,323.6902064970475
423,0.100098,-360.433716,-302.314545,1.0,873.9033608776717,473.8230804970475
424,0.10498,-360.696899,-303.269318,1.0,874.4199018776718,473.0808004970475
425,0.101562,-360.951385,-304.199646,1.0,874.1189368776718,467.89577249704746
426,0.102051,-361.204681,-305.134827,1.0,875.6215008776718,466.8001004970475
427,0.101562,-361.455505,-306.071289,1.0,877.4545088776717,466.5313014970475
428,0.100586,-361.702057,-307.003601,1.0,877.7068888776718,464.19496749704746
429,0.104004,-361.962219,-308.001099,1.0,876.8705848776717,459.09502249704747
430,0.101562,-362.221985,-309.014893,1.0,880.0310468776718,462.9152124970475
431,0.102539,-362.489532,-310.080231,1.0,875.5370278776718,460.87740149704746
432,0.102051,-362.757996,-311.174103,1.0,875.3727218776718,457.48634949704746
433,0.101562,-363.02533,-312.291443,1.0,1279.7752478776717,232.2123464970475
434,0.105957,-363.296143,-313.454681,1.0,1272.1950478776716,227.5207274970475
435,0.103027,-363.55307,-314.589691,1.0,1267.4124548776717,227.04520249704748
436,0.103027,-363.804504,-315.730774,1.0,1019.4498088776718,127.83866649704748
437,0.102051,-364.048279,-316.865356,1.0,865.8285928776718,475.9320584970475
438,0.103516,-364.291382,-318.023529,1.0,885.8627118776717,485.14156149704746
439,0.103516,-364.530701,-319.187469,1.0,886.6588538776717,484.9063014970475
440,0.11084,-364.781891,-320.43515,1.0,856.2646888776718,461.8480734970475
441,0.10498,-365.017365,-321.629272,1.0,851.3127848776718,462.81807549704746
442,0.102051,-365.241699,-322.791016,1.0,848.9498088776718,455.78374249704746
443,0.107422,-365.473541,-324.017395,1.0,869.0112708776718,460.9261374970475
444,0.10498,-365.695221,-325.217773,1.0,904.6539098776717,457.6651514970475
445,0.104004,-365.910706,-326.412201,1.0,905.0372108776718,450.0653594970475
446,0.101562,-366.115753,-327.575989,1.0,909.6192428776718,452.49156749704747
447,0.104492,-366.319489,-328.760254,1.0,912.6972448776718,441.0834864970475
448,0.101562,-366.511261,-329.901886,1.0,913.9958898776717,447.4356594970475
449,0.105469,-366.703735,-331.07608,1.0,916.3497718776717,446.7785244970475
450,0.103516,-366.886627,-332.219879,1.0,921.3735148776717,375.41750149704745
451,0.101074,-367.059174,-333.325073,1.0,923.4910688776718,309.9339964970475
452,0.100098,-367.225098,-334.413483,1.0,927.3777258776718,314.4873564970475
453,0.101074,-367.388031,-335.507935,1.0,930.4573158776717,310.3044944970475
454,0.101562,-367.545959,-336.593536,1.0,916.0285438776717,379.51305149704746
455,0.112793,-367.715759,-337.790619,1.0,910.2841588776718,468.8104764970475
456,0.100098,-367.861511,-338.84436,1.0,914.7372838776718,466.8706564970475
457,0.102539,-368.005524,-339.911133,1.0,915.1955358776718,455.9826254970475
458,0.10498,-368.148682,-340.998993,1.0,918.8349408776718,457.2386374970475
459,0.102051,-368.283356,-342.049103,1.0,915.5143838776718,454.0904444970475
460,0.102539,-368.413818,-343.093048,1.0,916.7665808776718,456.7560634970475
461,0.101562,-368.538361,-344.117035,1.0,915.7236738776718,456.06230749704747
462,0.10498,-368.66272,-345.16684,1.0,914.8957318776718,458.27171849704746
463,0.102539,-368.780121,-346.18631,1.0,914.3187658776718,456.82503349704746
464,0.103027,-368.893433,-347.197906,1.0,914.3379928776718,463.3850914970475
465,0.104492,-369.004059,-348.2146,1.0,930.3644208776717,529.4775604970475
466,0.104004,-369.110474,-349.221619,1.0,929.0212808776718,527.5038664970475
467,0.103516,-369.211273,-350.204742,1.0,933.6225378776718,528.0807094970475
468,0.102539,-369.307312,-351.169647,1.0,935.6724038776717,529.3398034970475
469,0.106934,-369.402618,-352.158264,1.0,935.8815108776718,526.4467674970474
470,0.109863,-369.495728,-353.156586,1.0,937.8044838776717,522.2841094970474
471,0.113281,-369.586151,-354.160156,1.0,1021.9577428776718,533.4175314970475
472,0.101562,-369.662415,-355.034943,1.0,1174.5988568776718,535.3885704970475
473,0.104004,-369.735809,-355.904388,1.0,1179.8337198776717,538.0553184970474
474,0.105469,-369.803619,-356.734985,1.0,1181.3668008776717,540.6879484970475
475,0.105469,-369.863922,-357.498108,1.0,894.7405188776718,426.5177214970475
476,0.103516,-369.916077,-358.179382,1.0,898.8275548776718,428.15813249704746
477,0.104004,-369.962585,-358.805176,1.0,892.9986978776717,435.34837949704746
478,0.103516,-370.002869,-359.362183,1.0,894.2208048776718,431.01589049704745
479,0.100586,-370.037292,-359.850677,1.0,893.3668008776717,432.48970549704745
480,0.100586,-370.067871,-360.292999,1.0,896.5647378776717,427.54118949704747
481,0.10498,-370.095245,-360.697235,1.0,894.2876998776718,435.1321624970475
482,0.104492,-370.117767,-361.036072,1.0,895.3997598776717,430.0710354970475
483,0.102051,-370.137207,-361.332764,1.0,898.2667028776717,432.9254974970475
484,0.102051,-370.156281,-361.628204,1.0,895.6456708776717,429.3249724970475
485,0.101074,-370.175385,-361.926697,1.0,893.7528478776718,427.36461449704746
486,0.100586,-370.194305,-362.226593,1.0,891.3093668776718,424.3430994970475
487,0.109863,-370.214874,-362.557404,1.0,889.8425698776717,427.8433434970475
488,0.100586,-370.233276,-362.85849,1.0,892.5236608776718,424.23857649704746
489,0.102539,-370.251556,-363.163208,1.0,927.2042028776717,426.70467149704746
490,0.102051,-370.269409,-363.465393,1.0,926.2442428776718,427.65907849704746
491,0.108887,-370.287964,-363.785339,1.0,928.6872358776717,432.11244749704747
492,0.103027,-370.305206,-364.086426,1.0,930.7367958776717,441.21684849704747
493,0.10498,-370.322418,-364.392181,1.0,932.9896648776718,443.3488674970475
494,0.106934,-370.339478,-364.700775,1.0,935.1810098776717,435.9124044970475
495,0.103027,-370.355652,-364.997345,1.0,935.2380168776717,432.9564114970475
496,0.104492,-370.371704,-365.296722,1.0,936.3018598776717,426.0493374970475
497,0.10498,-370.387512,-365.597595,1.0,936.1203408776718,422.5535484970475
498,0.10498,-370.403015,-365.897644,1.0,938.1811318776718,420.36168449704746
499,0.102539,-370.417877,-366.190521,1.0,937.2214758776718,420.8901574970475
500,0.103027,-370.432648,-366.485992,1.0,936.9521278776717,419.33800349704745
501,0.10498,-370.447266,-366.78476,1.0,939.3661908776718,417.77617449704746
502,0.102051,-370.461243,-367.076294,1.0,937.9570718776718,411.11333249704745
503,0.103516,-370.475098,-367.370026,1.0,936.5021158776717,412.0537924970475
504,0.102539,-370.488586,-367.66153,1.0,890.0275068776717,395.6531274970475
505,0.103027,-370.501831,-367.952789,1.0,886.2620038776718,398.00111949704745
506,0.102539,-370.514709,-368.24234,1.0,886.2595618776718,397.6641134970475
507,0.100098,-370.526917,-368.522644,1.0,589.7769568776718,530.1248684970475
508,0.109375,-370.539978,-368.828003,1.0,568.3498328776718,546.0539764970474
509,0.11084,-370.552917,-369.137634,1.0,713.2379558776718,543.4029444970474
510,0.102539,-370.564514,-369.422852,1.0,951.1141158776718,538.2152614970475
511,0.105469,-370.576233,-369.715454,1.0,967.7774458776718,536.3081874970475
512,0.103027,-370.587555,-370.004211,1.0,979.2161658776718,532.1586204970474
513,0.102539,-370.598541,-370.291138,1.0,981.5161538776717,532.6583764970475
514,0.104492,-370.609436,-370.584778,1.0,982.8134558776718,536.6353054970475
515,0.10498,-370.620178,-370.880463,1.0,979.8606368776717,534.8329984970475
516,0.104492,-370.630463,-371.174561,1.0,947.0309248776717,409.7293304970475
517,0.104492,-370.640259,-371.46814,1.0,943.8664348776717,405.4585474970475
518,0.103027,-370.649353,-371.755829,1.0,942.4819128776718,400.2907924970475
519,0.10498,-370.658112,-372.0495,1.0,956.2898358776717,443.5682884970475
520,0.100098,-370.665955,-372.327179,1.0,832.0799358776718,289.2802944970475
521,0.100586,-370.673401,-372.605682,1.0,978.5537518776717,525.2006124970475
522,0.100098,-370.680389,-372.88092,1.0,982.8314618776717,534.1306054970476
523,0.103516,-370.687195,-373.163361,1.0,998.5015058776718,527.2189844970475
524,0.103027,-370.693604,-373.444092,1.0,999.5998938776718,528.0730184970475
525,0.10498,-370.699738,-373.728455,1.0,953.9321698776718,330.0611784970475
526,0.105469,-370.705566,-374.013031,1.0,951.4512128776718,342.0531824970475
527,0.104492,-370.711121,-374.294037,1.0,952.6625158776718,339.58257049704747
528,0.101562,-370.7164,-374.566193,1.0,892.5262858776717,96.70037249704748
529,0.101074,-370.721558,-374.834656,1.0,892.5262858776717,96.70037249704748
530,0.112305,-370.727142,-375.133026,1.0,892.5262858776717,96.70037249704748
531,0.101074,-370.732025,-375.400543,1.0,892.5262858776717,96.70037249704748
532,0.102539,-370.736816,-375.670868,1.0,929.3076578776718,442.0755214970475
533,0.100586,-370.741272,-375.934296,1.0,944.0990398776718,444.5429894970475
534,0.112793,-370.746002,-376.229218,1.0,938.6555578776718,443.3983664970475
535,0.101074,-370.750061,-376.492279,1.0,938.8581948776717,444.1857504970475
536,0.113281,-370.754364,-376.786865,1.0,938.5522258776717,440.7008264970475
537,0.103516,-370.758118,-377.055389,1.0,935.4585368776718,440.28615349704745
538,0.10498,-370.761719,-377.3255,1.0,938.6689858776717,439.6364654970475
539,0.102539,-370.765137,-377.589783,1.0,936.3167518776718,435.30690549704747
540,0.103516,-370.768372,-377.854858,1.0,936.5941568776717,430.18526249704746
541,0.101562,-370.771332,-378.114868,1.0,933.6791788776718,311.10632849704746
542,0.108887,-370.774384,-378.39212,1.0,935.6954138776717,309.4210564970475
543,0.108887,-370.777161,-378.669006,1.0,933.1648968776717,308.1279814970475
544,0.10791,-370.779694,-378.942993,1.0,929.9730018776718,423.64827549704745
545,0.111816,-370.782166,-379.225037,1.0,930.1937658776718,427.48866849704746
546,0.112305,-370.784424,-379.508392,1.0,931.1998088776718,428.0014244970475
547,0.109375,-370.786407,-379.783539,1.0,847.1025798776717,421.7798064970475
548,0.110352,-370.788086,-380.059692,1.0,515.4069008776718,431.25359149704747
549,0.100586,-370.789093,-380.312836,1.0,533.1772868776718,426.7395834970475
550,0.11084,-370.789459,-380.594025,1.0,529.7923078776718,425.1564544970475
551,0.111328,-370.788849,-380.884613,1.0,924.5622358776717,413.5122894970475
552,0.100586,-370.787323,-381.164276,1.0,1006.3335368776718,419.05003949704746
553,0.101074,-370.784668,-381.473511,1.0,1011.7760418776718,517.7458404970475
554,0.101562,-370.780518,-381.823364,1.0,1013.2588298776717,520.0504054970474
555,0.111816,-370.77359,-382.255737,1.0,1016.2077428776718,518.2993984970475
556,0.102051,-370.763885,-382.695343,1.0,1019.0942178776718,516.7042144970475
557,0.102539,-370.749695,-383.178802,1.0,1022.8881018776717,514.3411464970475
558,0.101074,-370.72995,-383.696198,1.0,1020.6375528776717,510.6589564970475
559,0.111328,-370.69931,-384.31427,1.0,953.1956588776718,-93.10146550295252
560,0.101562,-370.66214,-384.9198,1.0,953.1956588776718,-93.10146550295252
561,0.104004,-370.614685,-385.570923,1.0,953.1956588776718,-93.10146550295252
562,0.10791,-370.554993,-386.274261,1.0,915.5608318776717,498.6071984970475
563,0.10498,-370.486755,-386.975983,1.0,921.0262248776718,508.0723474970475
564,0.103516,-370.406525,-387.697235,1.0,927.2928258776717,512.3456934970475
565,0.104492,-370.310425,-388.447754,1.0,928.8272498776718,508.4109094970475
566,0.103516,-370.198303,-389.213196,1.0,509.07865387767174,424.0696014970475
567,0.10498,-370.065521,-390.011688,1.0,515.6820168776717,421.0391134970475
568,0.105957,-369.909088,-390.840973,1.0,522.4759928776717,412.8441984970475
569,0.105957,-369.72348,-391.698059,1.0,527.0506698776717,406.7509974970475
570,0.10791,-369.501526,-392.58371,1.0,705.2657268776718,374.2032684970475
571,0.108887,-369.235474,-393.495392,1.0,708.3907268776718,368.80400649704745
572,0.112305,-368.910217,-394.444702,1.0,714.9433998776717,365.8540854970475
573,0.100098,-368.570557,-395.291138,1.0,720.5600378776718,363.00453749704747
574,0.104004,-368.167694,-396.155182,1.0,730.4593298776717,361.5681364970475
575,0.101074,-367.728638,-396.969604,1.0,737.3866988776717,357.6164764970475
576,0.102051,-367.248993,-397.747284,1.0,745.5659588776717,352.1000574970475
577,0.103027,-366.727936,-398.490997,1.0,750.5821938776718,347.2423304970475
578,0.107422,-366.154083,-399.214935,1.0,756.9190468776718,351.83531749704747
579,0.103516,-365.567841,-399.872131,1.0,771.6345618776718,351.0478724970475
580,0.100586,-364.970825,-400.46991,1.0,641.0747478776717,356.3480124970475
581,0.102539,-364.34079,-401.033813,1.0,651.5417888776717,349.2141324970475
582,0.100586,-363.701996,-401.544098,1.0,655.8091838776718,347.72398949704746
583,0.100098,-363.04892,-402.008606,1.0,662.6136878776717,346.10017949704746
584,0.115234,-362.278687,-402.488068,1.0,673.1776528776718,343.1803184970475
585,0.103027,-361.579315,-402.864319,1.0,680.0447798776718,342.7399194970475
586,0.104004,-360.861237,-403.195374,1.0,691.1807658776718,344.06514549704747
587,0.100586,-360.15686,-403.469055,1.0,802.4636638776717,377.4876614970475
588,0.100098,-359.456421,-403.693268,1.0,832.5827428776718,375.7095854970475
589,0.103027,-358.73111,-403.877289,1.0,855.7766518776717,377.98961449704746
590,0.100586,-358.025269,-404.012207,1.0,876.0864668776718,376.8720304970475
591,0.101074,-357.317993,-404.108582,1.0,831.5724288776718,404.1807464970475
592,0.112305,-356.542694,-404.174957,1.0,858.4322308776717,406.59288549704746
593,0.11377,-355.769104,-404.206512,1.0,894.2706708776717,416.7992454970475
594,0.112793,-355.008606,-404.214844,1.0,927.6324868776718,428.4410304970475
595,0.112793,-354.263977,-404.213013,1.0,967.0649818776717,443.8983054970475
596,0.108398,-353.556458,-404.212524,1.0,984.4460248776718,446.12593649704746
597,0.109863,-352.851593,-404.218231,1.0,982.6998698776717,437.4681914970475
598,0.10791,-352.173096,-404.231079,1.0,989.8506878776717,438.2476404970475
599,0.105957,-351.513428,-404.249054,1.0,990.2093908776718,427.3915914970475
600,0.106934,-350.860504,-404.269318,1.0,989.6908368776717,428.77266449704746
601,0.110352,-350.20047,-404.289978,1.0,1093.9258828776717,425.1803494970475
602,0.101562,-349.599731,-404.30838,1.0,1094.5903118776719,426.34682249704747
603,0.101562,-349.008148,-404.326843,1.0,1097.6183878776717,425.8386134970475
604,0.108887,-348.38559,-404.347687,1.0,1098.8942668776717,422.77977549704747
605,0.108398,-347.775543,-404.37088,1.0,726.5986128776717,385.7459924970475
606,0.108887,-347.173309,-404.397125,1.0,485.75153587767176,364.2946074970475
607,0.10791,-346.586945,-404.426025,1.0,493.40564987767175,359.2302154970475
608,0.108887,-346.003754,-404.457428,1.0,469.6549178776718,322.99965449704746
609,0.108398,-345.427734,-404.490509,1.0,490.7193098776718,257.68550649704747
610,0.100098,-344.897949,-404.5224,1.0,1071.3286538776717,374.5097564970475
611,0.11084,-344.316803,-404.559235,1.0,1072.0267128776718,405.6549284970475
612,0.106934,-343.760712,-404.596863,1.0,1067.337869877672,407.5317284970475
613,0.109863,-343.190186,-404.63855,1.0,1064.4306438776716,405.68730749704747
614,0.106934,-342.631317,-404.682587,1.0,566.2201638776718,376.61742249704747
615,0.11084,-342.026917,-404.733765,1.0,458.6149088776718,358.63280249704746
616,0.108398,-341.40625,-404.789856,1.0,461.38129687767173,357.30956049704747
617,0.11084,-340.742493,-404.853668,1.0,423.67429587767174,342.71813049704747
618,0.109375,-340.060791,-404.923431,1.0,577.5876258776718,351.6134544970475
619,0.10791,-339.356598,-405.000092,1.0,1020.1031898776718,383.7322594970475
620,0.112305,-338.595764,-405.088379,1.0,970.1319378776717,341.7895104970475
621,0.106445,-337.851013,-405.180634,1.0,930.2657878776718,317.66078749704747
622,0.11084,-337.047974,-405.28653,1.0,915.1932168776717,300.3432974970475
623,0.108398,-336.23526,-405.400635,1.0,901.2735388776717,289.2708494970475
624,0.111328,-335.37677,-405.528595,1.0,899.9399208776717,288.28394149704746
625,0.106445,-334.532379,-405.661957,1.0,896.4064738776717,293.6592314970475
626,0.111328,-333.629333,-405.812836,1.0,927.9194738776717,312.8220424970475
627,0.106934,-332.741425,-405.969299,1.0,927.7425338776718,308.6035674970475
628,0.108398,-331.820251,-406.14035,1.0,924.1434728776718,312.2758544970475
629,0.106934,-330.89621,-406.320679,1.0,1097.1906538776718,418.85652749704747
630,0.112793,-329.900024,-406.525208,1.0,1096.8177288776717,416.3487454970475
631,0.115723,-328.864502,-406.749146,1.0,1097.4589638776717,414.7887474970475
632,0.113281,-327.828094,-406.985413,1.0,1215.1264448776717,448.84099349704746
633,0.107422,-326.832031,-407.224182,1.0,1218.6004438776718,452.9260464970475
634,0.112305,-325.774841,-407.490417,1.0,1224.3798628776717,454.13976049704746
635,0.10791,-324.71463,-407.770325,1.0,1253.1553748776716,464.0068264970475
636,0.11084,-323.578003,-408.083801,1.0,1266.4617718776717,463.1034144970475
637,0.11084,-322.396149,-408.423615,1.0,1286.1874798776716,467.9575404970475
638,0.108887,-321.190216,-408.784515,1.0,1301.6702678776717,467.8568624970475
639,0.111816,-319.910706,-409.185364,1.0,1236.0176798776718,463.1386924970475
640,0.113281,-318.594757,-409.618286,1.0,1116.3357948776718,459.59340449704746
641,0.109863,-317.319885,-410.059631,1.0,1111.9875288776718,458.88631249704747
642,0.113281,-315.988953,-410.544312,1.0,1101.3544718776718,453.53957149704746
643,0.104492,-314.758789,-411.014374,1.0,1005.8711958776718,425.2187094970475
644,0.112305,-313.429352,-411.545685,1.0,1002.0422158776718,423.7448934970475
645,0.112793,-312.09787,-412.098969,1.0,997.0716958776718,421.7501434970475
646,0.105469,-310.867737,-412.62381,1.0,988.0901898776717,424.03468849704745
647,0.112793,-309.573425,-413.186157,1.0,906.1128338776717,325.5032864970475
648,0.112793,-308.287903,-413.751373,1.0,903.5369058776718,324.66139749704746
649,0.108398,-307.075256,-414.287506,1.0,910.4371748776717,307.4799094970475
650,0.109375,-305.854492,-414.828644,1.0,909.3467208776717,306.8331054970475
651,0.112305,-304.62088,-415.377014,1.0,904.8666178776717,308.7239744970475
652,0.103027,-303.495331,-415.879028,1.0,1108.9277138776717,485.4144194970475
653,0.11084,-302.294312,-416.417358,1.0,1113.4601848776717,481.49715249704747
654,0.112793,-301.088684,-416.962402,1.0,1115.3123578776717,476.2195644970475
655,0.11084,-299.918884,-417.498657,1.0,1112.1127728776717,471.20870049704746
656,0.109375,-298.775269,-418.032379,1.0,1107.6711218776718,475.0337124970475
657,0.111816,-297.624725,-418.580078,1.0,1102.7459508776717,477.3633634970475
658,0.11377,-296.466797,-419.142822,1.0,1049.2789718776717,449.17082749704747
659,0.11377,-295.326538,-419.708313,1.0,1046.3530068776718,452.86333249704745
660,0.106934,-294.267975,-420.24353,1.0,1042.9701948776717,465.85652749704747
661,0.11084,-293.185181,-420.801147,1.0,902.3651528776718,335.9120384970475
662,0.109375,-292.127869,-421.355804,1.0,907.5412398776717,332.43825349704747
663,0.100098,-291.174133,-421.865082,1.0,915.9412638776718,312.37480749704747
664,0.111816,-290.122894,-422.436737,1.0,917.0311078776717,311.86292049704747
665,0.108887,-289.113373,-422.996399,1.0,918.3155928776717,311.2184814970475
666,0.100586,-288.196625,-423.514008,1.0,916.6631268776717,310.2973074970475
667,0.111816,-287.183655,-424.096344,1.0,1045.021585877672,450.0821744970475
668,0.112305,-286.183868,-424.681274,1.0,1043.7609658776719,442.3694664970475
669,0.109863,-285.219818,-425.254028,1.0,1042.2822668776716,441.5509244970475
670,0.109375,-284.274841,-425.823273,1.0,1363.7293498776717,255.0235194970475
671,0.113281,-283.30484,-426.415314,1.0,1357.1803998776718,253.04428649704747
672,0.100586,-282.45517,-426.940186,1.0,1072.0645548776718,450.7186184970475
673,0.114746,-281.498657,-427.537994,1.0,1070.464395877672,455.2801724970475
674,0.11377,-280.559082,-428.131897,1.0,1066.9569498776718,454.9250694970475
675,0.100586,-279.742432,-428.653381,1.0,1086.3282268776718,460.3850914970475
676,0.111328,-278.848328,-429.229309,1.0,1081.7704268776718,455.9886374970475
677,0.105469,-278.009064,-429.774292,1.0,1078.4668378776719,458.97655249704746
678,0.104492,-277.189056,-430.310791,1.0,1051.6751508776717,362.76125149704745
679,0.100586,-276.406586,-430.826141,1.0,979.4250288776717,287.5879424970475
680,0.100098,-275.639526,-431.334747,1.0,934.5018108776718,415.3031524970475
681,0.114746,-274.763031,-431.920074,1.0,936.7829998776717,420.5655424970475
682,0.108887,-273.939026,-432.474579,1.0,939.4368078776718,421.5920004970475
683,0.10791,-273.123871,-433.027191,1.0,938.1416418776718,419.6199854970475
684,0.109375,-272.304077,-433.587067,1.0,938.4447428776717,418.8490194970475
685,0.112305,-271.465485,-434.164062,1.0,1031.3425698776718,453.55571549704746
686,0.111328,-270.633118,-434.740204,1.0,1028.6222328776716,451.91078749704747
687,0.105957,-269.844452,-435.287628,1.0,1028.4755658776717,452.27385549704746
688,0.108398,-269.040649,-435.846222,1.0,1027.8858438776717,449.4339194970475
689,0.107422,-268.239716,-436.402863,1.0,1024.7896528776719,440.8011074970475
690,0.109863,-267.424561,-436.969238,1.0,1026.8516638776719,440.73393849704746
691,0.107422,-266.624878,-437.525024,1.0,1028.6906538776716,439.7380884970475
692,0.109863,-265.808655,-438.092682,1.0,899.3787028776718,387.57347649704747
693,0.106934,-265.012604,-438.646973,1.0,178.06808687767176,42.33858449704748
694,0.112793,-264.171967,-439.233093,1.0,473.82065887767175,364.9644984970475
695,0.105957,-263.381897,-439.784485,1.0,473.95017487767177,358.2803244970475
696,0.111328,-262.550842,-440.36496,1.0,509.50074287767177,337.02522849704746
697,0.111328,-261.716095,-440.948364,1.0,518.7563878776717,332.75111949704745
698,0.106934,-260.914215,-441.509003,1.0,574.8274638776718,342.44658449704747
699,0.109863,-260.081635,-442.091492,1.0,574.4984228776718,343.3392234970475
700,0.109375,-259.249512,-442.674072,1.0,574.4752908776718,346.7452294970475
701,0.109375,-258.417053,-443.257416,1.0,572.4642738776718,340.4395044970475
702,0.10791,-257.586761,-443.840149,1.0,1014.1940108776718,402.6651214970475
703,0.108398,-256.753265,-444.426025,1.0,1043.6185098776718,421.0936794970475
704,0.107422,-255.922134,-445.011261,1.0,1041.3476358776718,420.2757774970475
705,0.10498,-255.104416,-445.588135,1.0,1042.9265548776716,420.9601954970475
706,0.106934,-254.268021,-446.179382,1.0,715.6195478776717,380.59169549704745
707,0.10791,-253.421906,-446.778625,1.0,521.8664038776717,351.6344204970475
708,0.109375,-252.561325,-447.389465,1.0,522.5163978776718,347.7560324970475
709,0.105469,-251.728928,-447.982056,1.0,567.1374918776718,329.53337649704747
710,0.10791,-250.878128,-448.589935,1.0,563.2007548776717,327.5710964970475
711,0.10498,-250.043228,-449.188812,1.0,567.3592628776718,327.1585294970475
712,0.106934,-249.193848,-449.800568,1.0,563.8852338776717,326.2729704970475
713,0.10791,-248.335968,-450.421204,1.0,559.1367598776717,325.7298484970475
714,0.106934,-247.484192,-451.040039,1.0,561.3087868776718,325.42305549704747
715,0.11084,-246.59758,-451.68692,1.0,748.3533728776717,355.31267349704746
716,0.10791,-245.734543,-452.319244,1.0,1032.2383828776717,405.9581504970475
717,0.110352,-244.84552,-452.973541,1.0,1035.4646398776717,402.7886864970475
718,0.100586,-244.040466,-453.569092,1.0,1035.3914588776718,407.5620324970475
719,0.109863,-243.155594,-454.227722,1.0,1039.6898598776718,411.37361749704746
720,0.108887,-242.279678,-454.884613,1.0,1040.1372478776716,408.7977504970475
721,0.109863,-241.394638,-455.55368,1.0,1038.6952918776717,407.58800349704745
722,0.108887,-240.521179,-456.219635,1.0,1036.9446208776717,409.5915734970475
723,0.112793,-239.612915,-456.917786,1.0,1033.6952308776717,407.67848749704746
724,0.100098,-238.805939,-457.54303,1.0,958.4132488776718,401.33901049704747
725,0.111328,-237.911987,-458.240906,1.0,959.9986978776717,397.4084984970475
726,0.107422,-237.048187,-458.920532,1.0,958.1195478776717,397.9104824970475
727,0.112305,-236.146301,-459.63559,1.0,1110.0467328776717,412.2852994970475
728,0.101562,-235.330185,-460.287659,1.0,1110.3732708776718,412.2767234970475
729,0.101074,-234.51683,-460.942383,1.0,1114.0700478776716,411.68010549704746
730,0.103027,-233.692337,-461.611084,1.0,1114.3064978776717,410.7310694970475
731,0.102539,-232.868362,-462.285034,1.0,1018.7558998776717,438.4134124970475
732,0.104492,-232.030014,-462.977173,1.0,1019.5967208776717,442.4755454970475
733,0.109375,-231.159012,-463.704071,1.0,1157.2687788776718,476.3013824970475
734,0.112793,-230.259964,-464.463257,1.0,1155.8393348776717,474.8536584970475
735,0.11377,-229.354919,-465.237,1.0,1153.5395308776717,474.61083049704746
736,0.106934,-228.510162,-465.967896,1.0,1146.7656048776716,471.88313849704747
737,0.114746,-227.604141,-466.761108,1.0,1139.1932168776718,471.7009484970475
738,0.112305,-226.721359,-467.543365,1.0,1133.4990028776717,471.45311549704746
739,0.100098,-225.946609,-468.23761,1.0,1224.7038368776718,138.84333649704746
740,0.107422,-225.121735,-468.984741,1.0,847.0442298776718,262.45873049704744
741,0.115234,-224.250916,-469.782867,1.0,919.3877358776717,317.61195949704745
742,0.11377,-223.399139,-470.572876,1.0,1234.3051558776717,298.0558834970475
743,0.101074,-222.652191,-471.27356,1.0,1349.9261268776718,277.50501049704746
744,0.114746,-221.813889,-472.068512,1.0,1345.9542028776718,276.1854154970475
745,0.100586,-221.083023,-472.76889,1.0,1312.7322798776718,294.0585844970475
746,0.114258,-220.256516,-473.568665,1.0,1091.3494058776719,488.2155974970475
747,0.101562,-219.524979,-474.283051,1.0,1086.2501018776718,480.60594749704745
748,0.10791,-218.74971,-475.046509,1.0,1068.0455118776717,471.4531764970475
749,0.111816,-217.948212,-475.842499,1.0,1062.4222208776719,468.6172084970475
750,0.103516,-217.21022,-476.581299,1.0,1060.678324877672,467.1309414970475
751,0.109375,-216.43277,-477.365906,1.0,1056.0035198776718,468.2154144970475
752,0.101074,-215.714691,-478.096466,1.0,1052.9541418776716,466.6950284970475
753,0.100586,-215.003876,-478.825287,1.0,1048.308145877672,466.9554954970475
754,0.101562,-214.284714,-479.568512,1.0,1043.6993208776717,464.74989849704747
755,0.102539,-213.560638,-480.322693,1.0,1039.9694618776716,463.0554104970475
756,0.10498,-212.81926,-481.100922,1.0,1036.7762248776717,464.11409549704746
757,0.11377,-212.014816,-481.95166,1.0,1032.7492468776718,461.8136504970475
758,0.119141,-211.170624,-482.851196,1.0,1029.6935828776718,463.15822449704746
759,0.10791,-210.406036,-483.671631,1.0,1249.8132118776718,537.6202294970475
760,0.102539,-209.676041,-484.460022,1.0,1246.6471968776718,536.2964384970475
761,0.104492,-208.933105,-485.267334,1.0,1363.9714148776718,533.7562774970474
762,0.101562,-208.210495,-486.057007,1.0,1426.8615518776717,536.6538604970475
763,0.100586,-207.495056,-486.842834,1.0,1423.9501748776718,535.1043604970475
764,0.103027,-206.761429,-487.652466,1.0,1422.5384318776717,538.1858724970475
765,0.100098,-206.04628,-488.445282,1.0,983.9386388776718,379.72621749704746
766,0.100098,-205.328827,-489.24408,1.0,970.9856978776718,411.1795554970475
767,0.100586,-204.607986,-490.050018,1.0,970.0459388776718,415.4619344970475
768,0.105469,-203.851776,-490.899292,1.0,971.2184858776717,418.72167049704746
769,0.114258,-203.03334,-491.822968,1.0,973.6963908776718,466.6260584970475
770,0.102539,-202.295242,-492.659912,1.0,969.3377478776717,468.9706934970475
771,0.104004,-201.54744,-493.511963,1.0,963.2238568776718,460.85405549704745
772,0.101074,-200.823593,-494.340393,1.0,958.1345618776718,464.59355749704747
773,0.100098,-200.105362,-495.166138,1.0,953.6655068776718,466.38994449704745
774,0.101074,-199.379089,-496.004822,1.0,553.0626628776718,339.07890849704745
775,0.112793,-198.566223,-496.947968,1.0,499.53681487767176,328.31343649704746
776,0.11377,-197.750198,-497.899506,1.0,500.53751587767175,326.77541149704746
777,0.11377,-196.929581,-498.861572,1.0,517.1907758776717,337.7775174970475
778,0.114746,-196.105377,-499.832672,1.0,526.4887798776717,344.07503349704746
779,0.100098,-195.387955,-500.682098,1.0,666.8292028776717,332.01012249704746
780,0.100098,-194.667755,-501.538727,1.0,1196.9351598776718,433.0920924970475
781,0.102051,-193.936142,-502.412994,1.0,1184.7566938776718,453.9969384970475
782,0.100586,-193.21167,-503.282776,1.0,1181.7946578776719,456.81093449704747
783,0.101562,-192.483994,-504.160522,1.0,1178.9494428776718,450.84453349704745
784,0.102051,-191.750748,-505.049225,1.0,1104.9283248776717,456.38417649704746
785,0.106445,-190.985764,-505.981201,1.0,1029.7679848776718,463.50609349704746
786,0.104004,-190.240707,-506.893768,1.0,1033.1107588776717,467.0348104970475
787,0.102051,-189.511505,-507.79187,1.0,1025.4634808776718,465.4982204970475
788,0.102539,-188.777802,-508.701019,1.0,1165.1163128776718,336.77721249704746
789,0.11377,-187.967514,-509.712372,1.0,1309.9894818776718,178.62860649704749
790,0.112305,-187.166153,-510.720886,1.0,1282.3871868776719,205.16565549704748
791,0.10498,-186.423019,-511.664886,1.0,1276.2242228776718,202.38287949704747
792,0.102539,-185.698135,-512.59491,1.0,1364.4463908776718,215.6078244970475
793,0.100586,-184.994247,-513.507385,1.0,1297.4948528776717,264.60489449704744
794,0.102539,-184.287842,-514.434204,1.0,1092.8559368776719,466.69521149704747
795,0.101074,-183.602737,-515.344666,1.0,1089.4144088776718,466.0812584970475
796,0.100098,-182.929184,-516.252502,1.0,1088.732767877672,464.58559249704746
797,0.103027,-182.250046,-517.183228,1.0,1083.8053998776718,465.3200284970475
798,0.104004,-181.577972,-518.123413,1.0,1050.3820598776717,456.3317774970475
799,0.101562,-180.938538,-519.038696,1.0,1042.1287638776716,456.90743049704747
800,0.101074,-180.316666,-519.950623,1.0,902.2566938776718,447.59993549704745
801,0.100586,-179.710068,-520.862,1.0,894.2671918776717,447.9425864970475
802,0.101074,-179.11908,-521.770691,1.0,882.6413978776718,446.8051664970475
803,0.100098,-178.545303,-522.670288,1.0,878.2452188776717,447.0888274970475
804,0.100098,-177.981842,-523.567749,1.0,871.6082558776718,441.75728449704746
805,0.112793,-177.359253,-524.572571,1.0,866.0406288776718,442.6405844970475
806,0.101074,-176.810959,-525.467102,1.0,911.1152138776717,422.0222074970475
807,0.101074,-176.272537,-526.354309,1.0,953.4178878776718,409.6297514970475
808,0.100098,-175.74614,-527.230103,1.0,950.4247228776718,412.8299764970475
809,0.111328,-175.169998,-528.197876,1.0,948.6543378776718,414.9785674970475
810,0.110352,-174.608032,-529.151123,1.0,989.8169348776718,434.94985049704746
811,0.112305,-174.047943,-530.110291,1.0,1049.1820478776717,462.33705749704745
812,0.11084,-173.502182,-531.053162,1.0,1048.8630168776717,459.5045984970475
813,0.110352,-172.966492,-531.986389,1.0,1046.0680948776717,455.09605949704746
814,0.11377,-172.423782,-532.939636,1.0,962.3180338776717,427.2400114970475
815,0.115234,-171.884323,-533.895081,1.0,823.3005778776718,442.9999594970475
816,0.111816,-171.367065,-534.81897,1.0,615.2401528776718,454.6864834970475
817,0.111328,-170.862167,-535.728455,1.0,604.1423748776717,454.4668784970475
818,0.100586,-170.411407,-536.547302,1.0,593.6780188776718,452.98274749704746
819,0.100586,-169.969879,-537.355408,1.0,602.9920448776718,145.90379149704748
820,0.114258,-169.472565,-538.273682,1.0,602.9920448776718,145.90379149704748
821,0.101562,-169.040344,-539.079407,1.0,602.9920448776718,145.90379149704748
822,0.101074,-168.616257,-539.877258,1.0,602.9920448776718,145.90379149704748
823,0.100586,-168.201477,-540.664856,1.0,602.9920448776718,145.90379149704748
824,0.100098,-167.797668,-541.438965,1.0,944.5897008776717,433.9479884970475
825,0.102539,-167.393402,-542.220947,1.0,942.1639808776717,428.34459449704747
826,0.105469,-166.992554,-543.003418,1.0,939.4535318776717,424.4232084970475
827,0.101562,-166.630508,-543.71637,1.0,937.7419228776718,423.5218414970475
828,0.102051,-166.295578,-544.380615,1.0,936.2727458776718,420.15273049704746
829,0.100098,-165.992218,-544.985901,1.0,867.2620038776718,425.7304894970475
830,0.101562,-165.712097,-545.547729,1.0,501.8619178776718,434.0700284970475
831,0.100098,-165.461838,-546.052368,1.0,494.79609187767176,423.76656149704746
832,0.109863,-165.208527,-546.565979,1.0,684.7595008776717,425.0056054970475
833,0.109863,-164.968643,-547.054626,1.0,974.6409708776717,420.9529934970475
834,0.111816,-164.742233,-547.518494,1.0,969.8924968776718,424.7215484970475
835,0.114258,-164.525925,-547.96405,1.0,697.9647628776718,440.46031749704747
836,0.10791,-164.330856,-548.367798,1.0,508.2979528776718,453.9227804970475
837,0.109863,-164.137177,-548.770325,1.0,505.15677887767174,451.4797574970475
838,0.105957,-163.953461,-549.153564,1.0,483.73154687767175,453.4941314970475
839,0.11084,-163.766418,-549.545227,1.0,424.49112987767177,450.9896754970475
840,0.108398,-163.586426,-549.923767,1.0,427.13486687767175,449.8551844970475
841,0.112305,-163.404694,-550.307495,1.0,425.91071587767175,448.0786034970475
842,0.106934,-163.233459,-550.670593,1.0,431.6382548776717,464.73280949704747
843,0.10791,-163.06369,-551.031799,1.0,442.35206087767176,475.98369449704745
844,0.107422,-162.897293,-551.387329,1.0,440.49079387767176,473.41713549704747
845,0.109863,-162.72966,-551.746826,1.0,431.55796287767174,479.41759249704745
846,0.103027,-162.575134,-552.079407,1.0,427.63004587767176,478.89525449704746
847,0.110352,-162.412216,-552.431335,1.0,380.88666787767175,349.29112849704745
848,0.106445,-162.257523,-552.766602,1.0,995.1014198776718,454.44109149704747
849,0.111816,-162.098083,-553.113586,1.0,994.3323768776718,446.6433924970475
850,0.11084,-161.942978,-553.452271,1.0,990.3320108776718,450.3793544970475
851,0.112305,-161.788116,-553.791748,1.0,1016.7132978776717,439.5916344970475
852,0.113281,-161.634628,-554.129456,1.0,1011.8356118776718,436.17119449704745
853,0.114258,-161.481827,-554.466797,1.0,1008.2053018776718,436.3414824970475
854,0.109863,-161.335175,-554.791809,1.0,1008.2597448776718,436.50169949704747
855,0.108398,-161.188232,-555.11853,1.0,1008.2588298776717,435.74431449704747
856,0.101074,-161.044281,-555.440002,1.0,1009.6751508776717,438.8754784970475
857,0.103027,-160.88414,-555.799622,1.0,1009.0941568776717,438.17598549704746
858,0.115723,-160.684738,-556.250732,1.0,988.3251138776717,429.67143849704746
859,0.11084,-160.475098,-556.729187,1.0,985.0752968776718,434.3580534970475
860,0.103516,-160.262466,-557.219299,1.0,560.7583418776717,375.3824364970475
861,0.103516,-160.034515,-557.750549,1.0,470.41721587767177,364.51921649704747
862,0.103027,-159.79454,-558.317688,1.0,467.27436287767176,360.6807464970475
863,0.100586,-159.5504,-558.902527,1.0,476.58939587767173,362.5047814970475
864,0.112793,-159.26918,-559.587036,1.0,479.35679087767176,356.1331994970475
865,0.113281,-158.978195,-560.307739,1.0,641.5749308776717,184.32564349704748
866,0.111816,-158.68158,-561.055542,1.0,1026.7918498776717,420.4886074970475
867,0.106445,-158.392944,-561.796204,1.0,1026.7333778776717,422.52599149704747
868,0.111816,-158.083176,-562.606445,1.0,1052.7792158776717,445.5322164970475
869,0.109375,-157.775787,-563.426392,1.0,1130.8840128776717,471.15425649704747
870,0.11377,-157.450806,-564.31134,1.0,1139.9954628776718,472.75832149704746
871,0.108887,-157.136276,-565.184509,1.0,1152.3731488776718,474.7279874970475
872,0.106934,-156.824173,-566.065735,1.0,1146.7512008776719,470.2062284970475
873,0.102539,-156.521606,-566.932922,1.0,982.2709148776718,423.75566649704746
874,0.107422,-156.201218,-567.864441,1.0,977.6899818776717,418.2697964970475
875,0.10791,-155.877853,-568.819153,1.0,975.3136388776718,422.0219324970475
876,0.108398,-155.549591,-569.803345,1.0,971.6915688776718,419.44719549704746
877,0.10498,-155.225723,-570.788696,1.0,968.4526778776717,416.55364049704747
878,0.105957,-154.889832,-571.824829,1.0,966.6485388776717,416.4476834970475
879,0.110352,-154.529037,-572.953064,1.0,966.7806798776718,417.67754149704746
880,0.107422,-154.166092,-574.102783,1.0,961.4922278776718,416.2498684970475
881,0.109375,-153.787735,-575.316223,1.0,959.0197548776717,416.07958049704746
882,0.106445,-153.40831,-576.548462,1.0,1110.4239298776718,471.1051844970475
883,0.102051,-153.043335,-577.744202,1.0,1131.8566688776718,481.3554894970475
884,0.104492,-152.66922,-578.976379,1.0,1131.6937048776717,476.10585549704746
885,0.103027,-152.293854,-580.216187,1.0,1133.8464148776718,476.6634124970475
886,0.102051,-151.917297,-581.461304,1.0,1130.1485388776719,475.1164454970475
887,0.104492,-151.528809,-582.746948,1.0,1129.3317668776717,475.0824794970475
888,0.107422,-151.123947,-584.088989,1.0,1129.6519568776719,473.9475614970475
889,0.104492,-150.726883,-585.4104,1.0,1128.4493208776717,474.4214994970475
890,0.105469,-150.323624,-586.761169,1.0,1127.0796918776718,476.95430549704747
891,0.109375,-149.906876,-588.168762,1.0,1126.9457808776717,483.46959449704747
892,0.11084,-149.486755,-589.600464,1.0,1011.1633708776718,400.1977744970475
893,0.107422,-149.087128,-590.974365,1.0,922.2961828776718,327.12712649704747
894,0.103027,-148.709274,-592.283691,1.0,913.0639448776717,308.3137414970475
895,0.102051,-148.342697,-593.562805,1.0,912.4716588776718,307.8604944970475
896,0.106934,-147.963303,-594.895996,1.0,915.5019328776717,305.90421149704747
897,0.104004,-147.599838,-596.182373,1.0,914.0827428776718,310.4872494970475
898,0.101562,-147.252182,-597.424744,1.0,1123.5740758776717,480.6637784970475
899,0.101562,-146.909332,-598.665039,1.0,1121.8952428776718,476.5809234970475
900,0.104004,-146.567383,-599.920532,1.0,1120.2521768776717,477.1492214970475
901,0.105469,-146.228806,-601.186157,1.0,1119.3156538776718,475.91002449704746
902,0.105469,-145.900803,-602.439636,1.0,1117.3135778776718,474.6304224970475
903,0.102539,-145.591751,-603.651611,1.0,1112.5879928776717,472.5232444970475
904,0.100098,-145.300873,-604.824524,1.0,1107.3657018776717,472.6906034970475
905,0.100586,-145.018875,-605.995422,1.0,1104.9883828776717,478.63521349704746
906,0.100098,-144.747742,-607.155701,1.0,1097.9853308776717,475.7004294970475
907,0.113281,-144.454208,-608.453552,1.0,1093.2085978776718,475.6029874970475
908,0.103027,-144.197342,-609.627258,1.0,1031.2834878776716,295.9361934970475
909,0.102539,-143.951126,-610.788635,1.0,1080.3011268776718,462.15425649704747
910,0.102539,-143.714813,-611.940186,1.0,1088.3835248776718,479.9449364970475
911,0.103516,-143.485489,-613.096252,1.0,1084.2790328776719,481.7167264970475
912,0.104004,-143.265762,-614.244141,1.0,1080.8828528776717,481.23924849704747
913,0.100586,-143.060928,-615.354614,1.0,1075.0086468776717,480.27043749704745
914,0.108887,-142.851044,-616.538269,1.0,1071.7789098776716,476.35738149704747
915,0.108398,-142.651123,-617.713928,1.0,1071.3719278776716,477.5694784970475
916,0.106445,-142.464935,-618.857117,1.0,1069.1080728776717,479.9114584970475
917,0.11084,-142.28125,-620.035889,1.0,1064.9940588776717,480.37953749704747
918,0.102051,-142.120819,-621.112488,1.0,1060.9019568776716,479.99013349704745
919,0.100586,-141.970352,-622.167419,1.0,1058.593179877672,482.8431914970475
920,0.100098,-141.828354,-623.208984,1.0,1054.9891158776718,483.95561749704746
921,0.101074,-141.693054,-624.248657,1.0,1051.3128458776719,481.7744044970475
922,0.102051,-141.563507,-625.294861,1.0,1027.9383338776718,447.8130394970475
923,0.102051,-141.441406,-626.332886,1.0,1026.1715498776716,452.3073934970475
924,0.106445,-141.322128,-627.40448,1.0,1020.9432168776717,454.3283294970475
925,0.102539,-141.21463,-628.42749,1.0,896.2110998776717,317.48204649704746
926,0.10498,-141.111847,-629.466431,1.0,895.1896768776718,318.2319854970475
927,0.104492,-141.015961,-630.497498,1.0,912.2178138776718,312.3696044970475
928,0.104492,-140.926819,-631.511963,1.0,914.7814738776717,309.7769674970475
929,0.100098,-140.845551,-632.479858,1.0,916.2007848776717,308.9868984970475
930,0.102539,-140.766418,-633.461975,1.0,917.0430098776718,309.7474264970475
931,0.100586,-140.6922,-634.419067,1.0,917.2512008776717,306.34724949704747
932,0.103516,-140.619308,-635.395325,1.0,944.1270548776718,347.5507714970475
933,0.103027,-140.550537,-636.354248,1.0,1011.5886638776717,479.49364249704746
934,0.100098,-140.486496,-637.28009,1.0,1007.5158488776717,475.25694849704746
935,0.101562,-140.424225,-638.212402,1.0,1005.4571328776717,471.4604394970475
936,0.102539,-140.363846,-639.147766,1.0,987.6798498776717,456.85017949704746
937,0.10498,-140.304764,-640.092102,1.0,985.8241378776718,453.4439904970475
938,0.100098,-140.250534,-640.989868,1.0,983.4768468776717,456.42522249704746
939,0.112793,-140.192917,-641.987,1.0,981.6786908776718,449.5982264970475
940,0.108398,-140.140762,-642.938538,1.0,1002.8094278776717,462.6200774970475
941,0.111816,-140.090424,-643.913818,1.0,1025.7894088776718,478.59554049704747
942,0.110352,-140.044861,-644.860901,1.0,1024.3407388776718,478.9863184970475
943,0.108398,-140.003555,-645.7901,1.0,1027.7337438776717,479.3282374970475
944,0.107422,-139.966522,-646.696716,1.0,997.7259318776718,314.90117449704746
945,0.10791,-139.933044,-647.594482,1.0,1032.9155678776717,489.2846584970475
946,0.108887,-139.904175,-648.451965,1.0,1034.4632978776717,492.33711849704747
947,0.112793,-139.878845,-649.293762,1.0,1034.504923877672,494.7234094970475
948,0.111816,-139.857422,-650.098755,1.0,1028.8481848776719,494.3134974970475
949,0.107422,-139.840424,-650.827881,1.0,1028.1351728776717,496.11968049704745
950,0.100098,-139.82724,-651.483032,1.0,1029.0287268776717,498.6952414970475
951,0.112793,-139.814499,-652.227417,1.0,1026.7245888776717,504.3484094970475
952,0.100098,-139.805054,-652.89447,1.0,1024.740824877672,500.98515849704745
953,0.100098,-139.797653,-653.545898,1.0,972.8876748776718,396.4016324970475
954,0.111816,-139.791687,-654.260803,1.0,927.7071938776718,305.43927549704745
955,0.102051,-139.788162,-654.915466,1.0,925.9332678776717,306.9831144970475
956,0.111816,-139.786377,-655.635132,1.0,921.4568278776718,305.3731894970475
957,0.11084,-139.786667,-656.336365,1.0,921.1757608776718,307.35700049704747
958,0.100098,-139.788544,-656.96936,1.0,922.6614788776717,309.97029649704746
959,0.108398,-139.792221,-657.662781,1.0,922.7492468776718,311.43184449704745
960,0.105469,-139.797333,-658.339233,1.0,920.2558998776717,310.3311514970475
961,0.104492,-139.803589,-659.01355,1.0,916.0393468776717,308.1787474970475
962,0.100586,-139.810516,-659.669922,1.0,915.4805098776718,310.2713224970475
963,0.100586,-139.81813,-660.340027,1.0,914.5980018776718,305.68341649704746
964,0.105957,-139.826569,-661.055481,1.0,988.4631758776718,348.0992644970475
965,0.104004,-139.834915,-661.765137,1.0,1067.1102698776717,398.57658949704745
966,0.104492,-139.843323,-662.492981,1.0,1070.1628828776718,399.2848104970475
967,0.105469,-139.851776,-663.240479,1.0,1068.3133948776717,393.1682034970475
968,0.102539,-139.860001,-663.982056,1.0,1014.8978678776717,429.6170554970475
969,0.103516,-139.868439,-664.744507,1.0,968.8916418776718,466.04540049704747
970,0.103027,-139.876999,-665.518127,1.0,970.1408488776717,466.0900174970475
971,0.104492,-139.885925,-666.318298,1.0,969.1641028776718,461.7920134970475
972,0.104004,-139.894989,-667.123901,1.0,954.8061318776718,454.03905249704746
973,0.105469,-139.904327,-667.951599,1.0,952.8256628776718,453.40907849704746
974,0.104004,-139.913666,-668.779358,1.0,951.3896888776718,454.2799284970475
975,0.106445,-139.92305,-669.636963,1.0,949.3201088776717,450.1350614970475
976,0.106445,-139.931808,-670.506165,1.0,947.4667158776717,450.2919214970475
977,0.10791,-139.939758,-671.394226,1.0,916.2745768776717,328.1513274970475
978,0.10498,-139.94632,-672.265686,1.0,916.1584268776718,312.2710324970475
979,0.109375,-139.951721,-673.178528,1.0,912.9099528776718,312.7294674970475
980,0.111328,-139.955734,-674.115723,1.0,913.6636758776717,311.3134974970475
981,0.105957,-139.958115,-675.012939,1.0,916.2546798776717,307.25285949704744
982,0.108887,-139.959152,-675.940674,1.0,919.3469648776718,309.0355284970475
983,0.103027,-139.958679,-676.826599,1.0,915.8188878776717,308.0367944970475
984,0.105469,-139.956482,-677.738037,1.0,918.3516028776718,306.7334654970475
985,0.105469,-139.952377,-678.659058,1.0,917.8375038776718,307.4022424970475
986,0.10498,-139.946289,-679.582275,1.0,918.0610148776717,304.90347849704744
987,0.108398,-139.937729,-680.542786,1.0,917.8957928776717,309.6949824970475
988,0.110352,-139.926651,-681.530518,1.0,914.7649328776718,310.37753849704745
989,0.112305,-139.912964,-682.540771,1.0,964.3357948776718,406.73659349704747
990,0.112305,-139.897507,-683.55658,1.0,997.5699258776717,471.20277949704746
991,0.108887,-139.881989,-684.551025,1.0,1001.3437908776717,468.9330654970475
992,0.108398,-139.866928,-685.542419,1.0,1001.9829508776718,466.2081204970475
993,0.106445,-139.853149,-686.515503,1.0,974.9348548776718,444.40434849704747
994,0.106445,-139.841202,-687.473572,1.0,975.5053508776717,440.1997274970475
995,0.10791,-139.831131,-688.4198,1.0,972.3432418776717,442.38469549704746
996,0.105957,-139.823029,-689.335266,1.0,965.9319258776718,466.0468954970475
997,0.109375,-139.816315,-690.267456,1.0,961.6091718776718,491.09486949704745
998,0.104492,-139.811279,-691.146851,1.0,962.1899818776717,492.1097624970475
999,0.106445,-139.807495,-692.025208,1.0,1029.9778848776718,516.0294394970474
1000,0.105957,-139.804977,-692.888794,1.0,1084.5806678776717,537.3528044970475
1001,0.108398,-139.803726,-693.762451,1.0,1087.7178748776719,543.0063994970475
1002,0.10791,-139.803787,-694.614746,1.0,1116.9606728776716,539.0969144970475
1003,0.105469,-139.804977,-695.431396,1.0,1141.9476118776718,535.9381924970475
1004,0.11084,-139.807312,-696.280334,1.0,1143.6685588776718,538.3334864970475
1005,0.104492,-139.810455,-697.070923,1.0,1141.5140178776717,536.6632284970475
1006,0.106445,-139.814438,-697.859558,1.0,1142.0610148776718,534.9156094970474
1007,0.108887,-139.819275,-698.653687,1.0,1139.8818158776717,529.8621424970474
1008,0.109375,-139.824844,-699.438782,1.0,1086.5934858776718,432.2245994970475
1009,0.105469,-139.830933,-700.187927,1.0,1082.9130048776717,429.67024749704746
1010,0.10791,-139.837845,-700.939453,1.0,944.3967078776717,470.0371914970475
1011,0.107422,-139.845337,-701.674805,1.0,944.9896648776718,474.6943264970475
1012,0.105469,-139.853348,-702.388672,1.0,943.9228918776718,473.8771574970475
1013,0.107422,-139.862061,-703.100891,1.0,941.2603558776717,478.1204124970475
1014,0.106445,-139.871231,-703.796143,1.0,940.4650068776717,481.7672934970475
1015,0.105469,-139.880829,-704.475647,1.0,936.1326088776717,-76.12644350295253
1016,0.10791,-139.891174,-705.161255,1.0,936.1326088776717,-76.12644350295253
1017,0.104492,-139.901535,-705.811584,1.0,936.1326088776717,-76.12644350295253
1018,0.104492,-139.912354,-706.452637,1.0,936.1326088776717,-76.12644350295253
1019,0.107422,-139.923843,-707.101685,1.0,859.1519568776718,474.0617574970475
1020,0.105957,-139.935547,-707.731079,1.0,878.3460488776717,451.91887449704745
1021,0.106445,-139.947693,-708.354492,1.0,882.9758098776717,459.1263944970475
1022,0.108887,-139.960449,-708.982056,1.0,562.8575848776718,527.2427574970475
1023,0.108887,-139.973465,-709.596313,1.0,555.6660868776718,525.5044154970475
1024,0.108398,-139.986832,-710.202576,1.0,535.8461708776717,536.6620994970475
1025,0.111328,-140.001251,-710.834412,1.0,519.0385238776718,539.7428494970475
1026,0.106445,-140.015259,-711.448303,1.0,510.50623587767177,539.5099694970475
1027,0.112793,-140.030136,-712.10907,1.0,500.80228687767175,537.1044524970475
1028,0.108887,-140.04451,-712.767395,1.0,494.71839387767176,535.4269924970474
1029,0.109375,-140.058624,-713.454529,1.0,480.53931687767175,536.1094874970474
1030,0.108887,-140.072098,-714.161499,1.0,472.82206187767173,533.1990874970475
1031,0.109375,-140.084625,-714.890259,1.0,465.87677987767177,534.0568754970475
1032,0.11377,-140.096222,-715.67395,1.0,494.88004587767176,528.5331324970475
1033,0.10791,-140.105469,-716.448425,1.0,935.5826818776718,427.99767149704746
1034,0.109375,-140.112595,-717.257935,1.0,938.9866128776717,427.5807394970475
1035,0.106934,-140.117142,-718.071899,1.0,937.9786168776717,430.6202904970475
1036,0.112305,-140.119171,-718.952393,1.0,939.2203168776717,432.37792049704746
1037,0.109375,-140.118393,-719.840942,1.0,938.2757368776718,430.3145044970475
1038,0.107422,-140.115036,-720.737915,1.0,945.2786048776718,443.65477549704747
1039,0.108887,-140.108948,-721.67572,1.0,946.4275918776717,447.4824124970475
1040,0.108887,-140.100098,-722.632812,1.0,947.9042768776718,441.43276049704747
1041,0.113281,-140.087692,-723.658936,1.0,942.9211218776718,441.15453149704746
1042,0.10791,-140.072891,-724.660034,1.0,946.9554238776717,437.4641324970475
1043,0.109375,-140.055756,-725.699829,1.0,996.8198038776718,429.2397974970475
1044,0.106445,-140.037842,-726.736877,1.0,999.5128578776718,432.87328149704746
1045,0.108887,-140.018295,-727.84613,1.0,1002.0459388776718,432.5621854970475
1046,0.104492,-139.998566,-728.955627,1.0,1004.0775548776718,434.8310754970475
1047,0.112305,-139.976212,-730.200073,1.0,1004.6492718776717,429.9401144970475
1048,0.11084,-139.953033,-731.474915,1.0,1321.7209268776717,253.1689504970475
1049,0.105469,-139.929886,-732.737549,1.0,1318.5274458776717,244.81555749704748
1050,0.10791,-139.905518,-734.057251,1.0,1318.5431928776718,239.39470449704748
1051,0.112793,-139.879623,-735.455322,1.0,882.8591108776717,323.03520749704745
1052,0.101074,-139.856018,-736.731384,1.0,987.2564498776718,434.53322449704746
1053,0.100098,-139.832382,-738.014038,1.0,989.4288128776717,431.5561124970475
1054,0.100586,-139.808517,-739.313782,1.0,994.7283118776718,434.62773749704746
1055,0.11377,-139.780899,-740.818848,1.0,994.8169348776718,431.8363854970475
1056,0.104492,-139.75531,-742.213501,1.0,993.1541548776718,430.60069849704746
1057,0.100098,-139.730377,-743.571655,1.0,971.6666058776717,420.0583404970475
1058,0.114746,-139.701385,-745.14917,1.0,956.8515418776717,415.26408949704745
1059,0.117676,-139.672058,-746.778564,1.0,952.0317788776717,401.1415004970475
1060,0.101074,-139.64888,-748.17334,1.0,916.2778728776717,307.33084649704745
1061,0.113281,-139.626724,-749.736389,1.0,915.3068648776717,308.1190394970475
1062,0.103027,-139.611877,-751.13916,1.0,914.2429608776717,307.6916404970475
1063,0.115234,-139.603073,-752.7052,1.0,914.6784468776717,306.44289249704747
1064,0.101074,-139.603104,-754.056824,1.0,911.7579748776717,305.2955224970475
1065,0.114258,-139.612152,-755.577148,1.0,909.3429968776718,305.1545774970475
1066,0.115234,-139.629944,-757.094177,1.0,909.1890058776718,305.5939844970475
1067,0.114258,-139.65329,-758.589539,1.0,912.1562908776717,309.51968949704747
1068,0.108398,-139.677475,-760.004761,1.0,911.6700238776717,311.22693449704747
1069,0.112305,-139.701965,-761.462097,1.0,912.1287638776718,306.3338674970475
1070,0.10791,-139.724045,-762.866394,1.0,911.0599158776718,309.8246664970475
1071,0.108887,-139.744431,-764.278687,1.0,909.3612468776718,308.98502149704746
1072,0.114746,-139.76445,-765.765015,1.0,919.5048628776717,307.6881314970475
1073,0.115234,-139.783676,-767.25116,1.0,923.9976598776717,306.7397824970475
1074,0.10791,-139.801315,-768.640198,1.0,924.0967208776717,307.2721914970475
1075,0.111816,-139.819336,-770.081726,1.0,926.5779828776717,308.7192894970475
1076,0.116211,-139.837402,-771.576233,1.0,928.9430948776718,345.99519949704745
1077,0.114258,-139.854019,-773.042603,1.0,946.5726118776718,467.4571744970475
1078,0.108887,-139.867676,-774.438721,1.0,944.3819378776717,456.4435634970475
1079,0.110352,-139.878479,-775.857056,1.0,946.4644568776718,461.6045134970475
1080,0.10791,-139.885559,-777.244446,1.0,947.1160078776718,458.5917874970475
1081,0.108398,-139.889053,-778.643616,1.0,951.4599408776718,462.4773764970475
1082,0.110352,-139.889008,-780.065063,1.0,950.2401528776718,460.33284549704746
1083,0.108398,-139.885498,-781.474304,1.0,950.9010418776718,458.65419549704745
1084,0.112793,-139.878265,-782.9422,1.0,953.4080608776718,465.3256124970475
1085,0.105957,-139.867935,-784.330078,1.0,952.2383828776717,461.6261504970475
1086,0.110352,-139.853363,-785.779114,1.0,912.0694988776718,300.50401849704747
1087,0.10791,-139.835175,-787.195862,1.0,914.6914468776718,291.8760734970475
1088,0.111328,-139.811996,-788.66864,1.0,913.9308268776717,289.9238644970475
1089,0.114258,-139.783646,-790.179382,1.0,915.0287878776718,293.9895534970475
1090,0.10791,-139.752655,-791.610535,1.0,910.8216958776718,291.3448544970475
1091,0.11377,-139.71611,-793.119812,1.0,912.3210248776718,290.4124504970475
1092,0.112793,-139.676285,-794.616272,1.0,912.8704018776717,288.9536034970475
1093,0.103516,-139.636856,-795.993164,1.0,911.1420088776717,293.2368524970475
1094,0.104492,-139.594803,-797.37915,1.0,914.2245278776718,296.7156274970475
1095,0.106934,-139.549637,-798.793518,1.0,960.5140178776718,484.92119449704745
1096,0.104004,-139.50354,-800.172241,1.0,961.1164958776718,484.9765834970475
1097,0.103027,-139.455978,-801.533569,1.0,969.9832558776718,476.2656454970475
1098,0.106934,-139.404465,-802.945801,1.0,968.7634078776717,475.83962049704746
1099,0.107422,-139.350372,-804.365906,1.0,970.3494058776718,476.47560649704747
1100,0.106934,-139.294556,-805.772156,1.0,967.4069618776717,475.65694249704745
1101,0.108887,-139.235443,-807.201294,1.0,968.8962808776718,471.7249664970475
1102,0.102051,-139.177887,-808.540588,1.0,923.6572058776718,462.88323049704746
1103,0.108398,-139.115112,-809.956726,1.0,930.3161418776717,464.5924284970475
1104,0.109375,-139.0504,-811.378601,1.0,930.3300578776717,469.05647849704746
1105,0.112793,-138.982544,-812.837708,1.0,931.2760418776718,466.57555149704746
1106,0.111328,-138.914627,-814.271667,1.0,933.4331458776718,465.1253874970475
1107,0.109375,-138.847153,-815.673218,1.0,933.7326458776718,461.44453949704746
1108,0.11377,-138.77626,-817.128723,1.0,1166.0982458776718,284.0438894970475
1109,0.10791,-138.709,-818.501709,1.0,1149.7315468776717,360.19554749704747
1110,0.11084,-138.640167,-819.905273,1.0,1326.3674108776718,243.50490349704748
1111,0.116211,-138.568787,-821.362915,1.0,1304.6935828776718,228.12311349704748
1112,0.115723,-138.498093,-822.811401,1.0,1289.9163618776718,210.47504249704747
1113,0.11377,-138.429962,-824.222046,1.0,1280.9874068776717,184.17143849704746
1114,0.111816,-138.3647,-825.590149,1.0,1009.7845868776717,464.3451444970475
1115,0.109863,-138.302094,-826.923096,1.0,1006.2183028776717,467.6354274970475
1116,0.117188,-138.237289,-828.329163,1.0,1005.5358678776718,468.6728414970475
1117,0.100586,-138.182999,-829.530396,1.0,1002.9032998776718,469.72896349704746
1118,0.100098,-138.130478,-830.715759,1.0,1001.6641028776718,469.8716644970475
1119,0.116699,-138.071426,-832.079163,1.0,999.2363078776717,468.8466394970475
1120,0.100098,-138.022308,-833.239502,1.0,953.8325598776718,457.3864654970475
1121,0.100586,-137.974457,-834.39563,1.0,949.6200358776717,456.6944784970475
1122,0.100586,-137.927841,-835.54187,1.0,946.2880048776717,454.25377449704746
1123,0.116211,-137.874725,-836.856079,1.0,946.5317178776718,450.1869414970475
1124,0.116699,-137.822006,-838.160645,1.0,944.3954268776718,446.07750549704747
1125,0.100098,-137.776825,-839.27356,1.0,941.7558388776717,442.2376614970475
1126,0.100586,-137.731689,-840.379456,1.0,939.7633468776718,441.58910149704747
1127,0.115723,-137.679916,-841.642639,1.0,944.4463908776718,443.58550049704746
1128,0.100098,-137.63562,-842.720093,1.0,965.8152868776717,462.61855149704746
1129,0.116211,-137.584229,-843.966003,1.0,989.4047648776717,474.0881864970475
1130,0.100586,-137.540146,-845.029785,1.0,985.2869058776718,471.0533654970475
1131,0.104492,-137.494263,-846.130554,1.0,989.6379798776718,474.3923544970475
1132,0.101562,-137.449829,-847.186096,1.0,990.2752478776717,473.9520474970475
1133,0.105469,-137.403549,-848.274475,1.0,989.4872838776718,472.7757164970475
1134,0.104004,-137.357849,-849.338074,1.0,957.0635168776718,458.49339849704745
1135,0.101074,-137.313232,-850.365601,1.0,956.9739788776717,458.0856534970475
1136,0.103516,-137.267593,-851.407837,1.0,936.6268718776718,391.6379294970475
1137,0.104004,-137.221664,-852.447754,1.0,917.0915938776717,325.64937349704746
1138,0.107422,-137.174408,-853.510132,1.0,940.4957678776717,406.8788354970475
1139,0.102051,-137.1297,-854.506836,1.0,940.1828408776718,404.6599634970475
1140,0.100098,-137.085815,-855.479126,1.0,958.6874188776718,466.2596334970475
1141,0.100586,-137.041824,-856.447083,1.0,957.8452558776718,466.58782049704746
1142,0.115234,-136.99144,-857.547729,1.0,981.5132848776717,474.98796649704747
1143,0.101074,-136.947357,-858.502869,1.0,1001.7224528776718,482.01442549704745
1144,0.101074,-136.90329,-859.450867,1.0,1030.3149818776717,507.4829614970475
1145,0.101562,-136.859329,-860.390747,1.0,1055.8146158776717,527.2697964970475
1146,0.10791,-136.8125,-861.386719,1.0,1060.0310468776718,527.3643704970475
1147,0.106445,-136.766647,-862.357544,1.0,1064.2035928776718,529.7374174970475
1148,0.100098,-136.72377,-863.261963,1.0,1072.1487838776718,530.0435694970474
1149,0.116211,-136.674408,-864.300598,1.0,1001.6807048776717,482.1431784970475
1150,0.100098,-136.632202,-865.186401,1.0,1003.0076088776717,488.10918249704747
1151,0.100098,-136.590164,-866.066406,1.0,1003.4407148776718,490.1320094970475
1152,0.100586,-136.547943,-866.946899,1.0,979.1904088776718,469.9121914970475
1153,0.100586,-136.506256,-867.813965,1.0,952.8575848776718,440.5945644970475
1154,0.115723,-136.458496,-868.806213,1.0,952.6327308776717,441.8493864970475
1155,0.116211,-136.411148,-869.789673,1.0,951.6284588776717,436.1254484970475
1156,0.115723,-136.36467,-870.755432,1.0,945.1503698776718,432.4865624970475
1157,0.101074,-136.326233,-871.555725,1.0,945.2786048776718,432.2842924970475
1158,0.100586,-136.28978,-872.314819,1.0,912.5951948776717,424.93327849704747
1159,0.100098,-136.254822,-873.043213,1.0,911.8933508776718,428.4034634970475
1160,0.116211,-136.216278,-873.846069,1.0,908.7375898776718,428.4413964970475
1161,0.115723,-136.179749,-874.606445,1.0,908.5723668776717,427.4726464970475
1162,0.101562,-136.147675,-875.273193,1.0,909.9998578776717,424.8128564970475
1163,0.116211,-136.110672,-876.043152,1.0,550.3371068776718,395.2808744970475
1164,0.100098,-136.079712,-876.687378,1.0,527.8663428776717,389.74440549704747
1165,0.103516,-136.048477,-877.337219,1.0,527.2840368776717,388.2661034970475
1166,0.11084,-136.015381,-878.02594,1.0,530.5485638776718,383.6860864970475
1167,0.103516,-135.984741,-878.663513,1.0,912.9593298776717,323.4836324970475
1168,0.100586,-135.95578,-879.266418,1.0,931.8024698776718,316.11244749704747
1169,0.116211,-135.922714,-879.953308,1.0,931.0878698776718,316.6857204970475
1170,0.115723,-135.890121,-880.627258,1.0,923.7554118776718,312.2386834970475
1171,0.116211,-135.857574,-881.295654,1.0,912.5576578776718,310.1102354970475
1172,0.101562,-135.829483,-881.865845,1.0,912.6273598776718,309.24568749704747
1173,0.116211,-135.797195,-882.511108,1.0,908.1427408776717,305.8947654970475
1174,0.101074,-135.768875,-883.065247,1.0,912.4046428776718,303.0388244970475
1175,0.116211,-135.736099,-883.691711,1.0,916.9399208776717,302.6438654970475
1176,0.116211,-135.702942,-884.307373,1.0,921.6144208776717,304.45656349704745
1177,0.100098,-135.673294,-884.838318,1.0,918.7543738776718,301.00263049704745
1178,0.116699,-135.637451,-885.456787,1.0,917.6877848776718,351.2026574970475
1179,0.116699,-135.60025,-886.07489,1.0,923.2847088776717,432.7813014970475
1180,0.116211,-135.561646,-886.69397,1.0,923.5302528776717,432.43080749704745
1181,0.101562,-135.526886,-887.235291,1.0,923.8264568776717,426.35130849704746
1182,0.116211,-135.485687,-887.859741,1.0,957.9614058776717,425.05562349704746
1183,0.115723,-135.443481,-888.483337,1.0,971.4930828776718,423.4583334970475
1184,0.100586,-135.406067,-889.026978,1.0,973.0627848776718,423.17470349704746
1185,0.100098,-135.368713,-889.563049,1.0,974.8122968776718,420.9537564970475
1186,0.101074,-135.330856,-890.099976,1.0,907.8540448776718,258.0786034970475
1187,0.115234,-135.28746,-890.708496,1.0,883.2642008776718,351.0506804970475
1188,0.100586,-135.24942,-891.235474,1.0,980.5264078776718,406.5450954970475
1189,0.103027,-135.210464,-891.769714,1.0,979.7801308776718,406.4595854970475
1190,0.113281,-135.16777,-892.350403,1.0,978.3552038776718,403.9545194970475
1191,0.11377,-135.125076,-892.928162,1.0,981.8532508776717,402.55467749704746
1192,0.102051,-135.087509,-893.435181,1.0,952.4869178776718,383.18364549704745
1193,0.112305,-135.046982,-893.984436,1.0,925.2674968776718,369.4937644970475
1194,0.107422,-135.008942,-894.502258,1.0,735.4435218776717,360.1784574970475
1195,0.116699,-134.968384,-895.056091,1.0,488.31815587767176,345.23763049704746
1196,0.111328,-134.930359,-895.576538,1.0,491.61292487767173,340.69591349704746
1197,0.112305,-134.892624,-896.092468,1.0,935.3223058776717,365.7448634970475
1198,0.108887,-134.856476,-896.586182,1.0,937.4673258776718,366.6503504970475
1199,0.103027,-134.822922,-897.043823,1.0,939.8149208776717,369.77660149704747
1200,0.11377,-134.78627,-897.542908,1.0,932.6876628776718,368.0548304970475
1201,0.108887,-134.751663,-898.014465,1.0,928.4054358776717,374.22319549704747
1202,0.116699,-134.715286,-898.509888,1.0,1105.6386518776717,395.41618949704747
1203,0.108398,-134.68219,-898.961426,1.0,1115.3043008776717,386.7142544970475
1204,0.103516,-134.650879,-899.388672,1.0,1121.4048868776717,398.7589624970475
1205,0.10791,-134.618835,-899.825867,1.0,1111.2575478776716,395.09667049704746
1206,0.116211,-134.584808,-900.290344,1.0,1102.0052288776717,388.7748624970475
1207,0.113281,-134.552277,-900.733826,1.0,1103.9516398776718,385.2963774970475
1208,0.105469,-134.522324,-901.142395,1.0,1109.0087688776719,389.0940454970475
1209,0.103516,-134.493423,-901.536621,1.0,1105.2292278776717,383.4758514970475
1210,0.106445,-134.464127,-901.936462,1.0,1107.1406048776716,382.9964504970475
1211,0.116211,-134.432755,-902.365051,1.0,1051.5234168776717,382.6184294970475
1212,0.110352,-134.403519,-902.766052,1.0,913.4653118776718,373.09090249704747
1213,0.100586,-134.377258,-903.126404,1.0,911.6775918776717,371.2896324970475
1214,0.115723,-134.347641,-903.534546,1.0,909.5906168776718,371.16560949704746
1215,0.100586,-134.322372,-903.883911,1.0,906.4538368776717,373.5736294970475
1216,0.103516,-134.296768,-904.23938,1.0,903.1268718776718,372.4779564970475
1217,0.104004,-134.271683,-904.588074,1.0,920.7746988776718,312.1784114970475
1218,0.106934,-134.247238,-904.929626,1.0,918.6907758776717,314.19359349704746
1219,0.101074,-134.226089,-905.225708,1.0,915.6369428776718,313.0401514970475
1220,0.101074,-134.207611,-905.484497,1.0,912.2085978776718,315.3250634970475
1221,0.101074,-134.192215,-905.700562,1.0,912.7731728776718,317.6252954970475
1222,0.100586,-134.18074,-905.861938,1.0,912.0604658776717,315.55287749704746
1223,0.101562,-134.173431,-905.964783,1.0,914.0060218776717,315.5908414970475
1224,0.109375,-134.170563,-906.005127,1.0,913.0950728776718,317.9640714970475
1225,0.105469,-134.170731,-906.002747,1.0,912.9509078776717,318.22054049704747
1226,0.104492,-134.171387,-905.99353,1.0,913.2852578776717,317.87706549704745
1227,0.110352,-134.171829,-905.987061,1.0,953.3246258776718,-88.07489950295252
1228,0.103516,-134.171814,-905.987,1.0,1638.1459758776718,137.9957484970475
1229,0.116211,-134.171524,-905.990784,1.0,1638.1459758776718,137.9957484970475
1230,0.101074,-134.171204,-905.9953,1.0,1638.1459758776718,137.9957484970475
1231,0.117188,-134.170776,-906.001648,1.0,1638.1459758776718,137.9957484970475
1232,0.106934,-134.170258,-906.009094,1.0,1638.1459758776718,137.9957484970475
1233,0.105957,-134.16954,-906.018982,1.0,1202.7726848776717,233.98843949704747
1234,0.101074,-134.168701,-906.030823,1.0,1185.3874308776717,317.4869284970475
1235,0.100098,-134.167725,-906.044739,1.0,1186.4168498776717,463.23833249704745
1236,0.100586,-134.16658,-906.060547,1.0,1174.6701458776718,460.54250149704745
1237,0.101074,-134.165329,-906.078247,1.0,1155.0760298776718,465.3748684970475
1238,0.106934,-134.163864,-906.098877,1.0,1096.1047158776717,460.8482264970475
1239,0.112305,-134.16217,-906.122742,1.0,1088.3069868776718,461.0016074970475
1240,0.115234,-134.160263,-906.149841,1.0,1078.1488448776718,465.5217494970475
1241,0.11377,-134.158218,-906.178894,1.0,1465.0442908776718,458.5288904970475
1242,0.106934,-134.156128,-906.208313,1.0,1452.1680708776717,450.94505849704746
1243,0.11084,-134.153824,-906.240845,1.0,1576.6412148776717,461.31566449704746
1244,0.114746,-134.151276,-906.276733,1.0,1572.5784708776719,458.18749049704746
1245,0.106934,-134.148743,-906.312378,1.0,1608.6680708776717,453.8657434970475
1246,0.112793,-134.145935,-906.352051,1.0,1604.0945838776718,450.4177154970475
1247,0.109863,-134.143051,-906.392578,1.0,1603.3080848776717,450.37300649704747
1248,0.10791,-134.140076,-906.43457,1.0,1442.7504678776718,449.59459449704747
1249,0.102539,-134.137146,-906.476013,1.0,984.3716228776717,437.3054104970475
1250,0.106934,-134.133926,-906.521362,1.0,987.4579268776718,444.0872404970475
1251,0.102539,-134.130753,-906.566467,1.0,989.3889568776717,451.8618374970475
1252,0.101074,-134.127457,-906.61261,1.0,989.2820228776718,448.3772484970475
1253,0.101074,-134.124084,-906.660095,1.0,987.6913248776717,449.5217494970475
1254,0.116211,-134.120071,-906.717102,1.0,943.5329388776718,374.89009649704747
1255,0.100098,-134.116501,-906.767822,1.0,901.9350378776718,298.3410854970475
1256,0.116211,-134.112198,-906.828735,1.0,897.5600378776718,296.7561244970475
1257,0.108398,-134.108032,-906.887512,1.0,914.8597818776717,307.1203674970475
1258,0.115723,-134.1035,-906.951965,1.0,911.7042028776717,307.6044674970475
1259,0.114258,-134.098862,-907.017761,1.0,1156.6015418776717,457.5446984970475
1260,0.111816,-134.094208,-907.083557,1.0,1157.5240278776716,455.90358549704746
1261,0.103516,-134.089767,-907.146362,1.0,1157.1730758776719,452.0019134970475
1262,0.106934,-134.085052,-907.213013,1.0,712.8008218776718,443.5772914970475
1263,0.108398,-134.080185,-907.282227,1.0,603.1185098776717,444.24107949704745
1264,0.112305,-134.075027,-907.355286,1.0,579.1112768776718,443.88384049704746
1265,0.10791,-134.069931,-907.427734,1.0,441.18927987767177,452.7253934970475
1266,0.109375,-134.064667,-907.502441,1.0,446.68558787767176,449.26939949704746
1267,0.104492,-134.059555,-907.575317,1.0,455.8127238776718,449.29430149704746
1268,0.114258,-134.053818,-907.65686,1.0,457.7578528776718,450.73564749704747
1269,0.105957,-134.048386,-907.733887,1.0,614.3061318776718,435.81740349704745
1270,0.111816,-134.042542,-907.817017,1.0,768.2922158776718,424.31249049704746
1271,0.108398,-134.036758,-907.89917,1.0,768.0867108776717,428.5620024970475
1272,0.113281,-134.03064,-907.986389,1.0,765.0062048776717,430.89723749704746
1273,0.112793,-134.02475,-908.070618,1.0,764.4811808776717,429.28905249704746
1274,0.106445,-134.020111,-908.13678,1.0,493.33561187767174,424.8102324970475
1275,0.110352,-134.016907,-908.182617,1.0,491.51999887767175,419.75111949704745
1276,0.110352,-134.015564,-908.201721,1.0,494.6430768776718,419.10310949704746
1277,0.107422,-134.015594,-908.201538,1.0,493.50300087767175,415.2012534970475
1278,0.113281,-134.015869,-908.197327,1.0,490.9609778776718,409.1131194970475
1279,0.104004,-134.016037,-908.194763,1.0,482.9710188776718,406.3147794970475
1280,0.109863,-134.016037,-908.194641,1.0,461.63230387767175,402.54540049704747
1281,0.107422,-134.015945,-908.195984,1.0,611.6401778776717,433.4700834970475
1282,0.10791,-134.015854,-908.197205,1.0,642.9432168776717,445.44591349704746
1283,0.106445,-134.015854,-908.197388,1.0,649.2377728776718,452.01775149704747
1284,0.114746,-134.015884,-908.19696,1.0,658.4266158776718,460.81825849704745
1285,0.102539,-134.0159,-908.19635,1.0,924.5308638776718,295.70732649704746
1286,0.101074,-134.0159,-908.196289,1.0,924.1468908776718,296.68152449704746
1287,0.117188,-134.0159,-908.196411,1.0,661.6797888776717,433.4352934970475
1288,0.114746,-134.015884,-908.196472,1.0,595.3860878776718,457.1181544970475
1289,0.100098,-134.015884,-908.196533,1.0,616.0562538776718,455.6228844970475
1290,0.100586,-134.015884,-908.196533,1.0,838.3827308776717,453.5343834970475
1291,0.101562,-134.015884,-908.196472,1.0,860.0957438776718,451.4054164970475
1292,0.11084,-134.015884,-908.196472,1.0,890.3280438776718,457.6865744970475
1293,0.10791,-134.015884,-908.196472,1.0,1332.3555708776717,429.9438684970475
1294,0.109863,-134.015884,-908.196472,1.0,1359.6227828776719,422.1460474970475
1295,0.105957,-134.015869,-908.196411,1.0,1492.4643348776717,436.24818949704746
1296,0.106934,-134.015884,-908.196411,1.0,1576.3370158776718,446.9599514970475
1297,0.106934,-134.015884,-908.196472,1.0,1572.9098918776717,446.2069304970475
1298,0.105957,-134.0159,-908.196472,1.0,1444.5341588776716,453.3939414970475
1299,0.109863,-134.015884,-908.196472,1.0,696.5220128776717,435.0880334970475
1300,0.100098,-134.015884,-908.196472,1.0,710.0244548776717,442.58388349704745
1301,0.106445,-134.015884,-908.196472,1.0,926.0525308776718,448.3818264970475
1302,0.108887,-134.015884,-908.196472,1.0,1276.9134318776717,429.86708649704747
1303,0.101074,-134.015884,-908.196472,1.0,1276.6126508776717,431.20903549704747
1304,0.116699,-134.015884,-908.196411,1.0,968.5588788776718,474.7550254970475
1305,0.100098,-134.015869,-908.19696,1.0,957.0948278776717,416.8269554970475
1306,0.102051,-134.015686,-908.199402,1.0,459.69043987767174,543.7767544970475
1307,0.100586,-134.015396,-908.203796,1.0,1014.7341108776717,422.48445649704746
1308,0.10498,-134.014893,-908.210632,1.0,1037.0302528776717,414.05864549704745
1309,0.108887,-134.014221,-908.220154,1.0,1319.5839638776717,234.87244249704747
1310,0.103516,-134.013443,-908.231445,1.0,1314.0500288776718,232.58585149704749
1311,0.107422,-134.012436,-908.245605,1.0,1313.8018598776719,233.59552549704748
1312,0.105469,-134.011108,-908.263916,1.0,1211.3539838776717,84.70616949704748
1313,0.101074,-134.009338,-908.288513,1.0,1211.3539838776717,84.70616949704748
1314,0.102539,-134.006668,-908.325195,1.0,1211.3539838776717,84.70616949704748
1315,0.103516,-134.002625,-908.380981,1.0,1202.7092078776718,318.8975124970475
1316,0.109863,-133.996033,-908.472168,1.0,1143.6374308776717,412.1306054970475
1317,0.100586,-133.987137,-908.594543,1.0,1141.8777868776717,412.7714134970475
1318,0.101562,-133.975021,-908.760498,1.0,1141.7894088776718,411.3661094970475
1319,0.111816,-133.958176,-908.990845,1.0,1143.3741248776716,418.1943874970475
1320,0.104004,-133.939011,-909.250549,1.0,1148.0217078776718,419.97286049704746
1321,0.102539,-133.916641,-909.549316,1.0,1077.1331588776718,437.22688849704747
1322,0.10791,-133.889008,-909.909851,1.0,857.0034588776717,514.7571624970475
1323,0.10498,-133.857468,-910.307373,1.0,857.7835488776717,513.8495384970474
1324,0.100586,-133.82254,-910.729858,1.0,858.6953528776718,509.73015349704747
1325,0.115723,-133.776306,-911.263184,1.0,856.3658248776718,506.1100974970475
1326,0.101562,-133.72905,-911.779053,1.0,853.9373578776717,510.54344749704745
1327,0.116211,-133.666351,-912.418091,1.0,1317.5258588776717,297.8850914970475
1328,0.102051,-133.601562,-913.025146,1.0,1312.4245398776718,298.37506649704744
1329,0.109863,-133.519699,-913.721069,1.0,1310.1970008776718,302.22147149704745
1330,0.117676,-133.41655,-914.503906,1.0,1301.1275428776717,284.71504749704746
1331,0.100586,-133.314728,-915.193726,1.0,780.9428508776717,325.9380704970475
1332,0.121582,-133.173737,-916.045105,1.0,517.5617168776718,332.5949914970475
1333,0.11377,-133.019714,-916.867249,1.0,520.3744918776717,332.2622894970475
1334,0.11377,-132.843872,-917.698669,1.0,516.6653848776717,329.5984094970475
1335,0.119141,-132.633514,-918.575562,1.0,806.9462078776718,380.77000949704745
1336,0.100098,-132.43161,-919.32373,1.0,916.5740148776717,397.0759184970475
1337,0.106445,-132.187653,-920.131042,1.0,926.7161658776718,399.1895354970475
1338,0.11377,-131.8936,-920.98999,1.0,941.8990278776718,396.0110374970475
1339,0.118164,-131.545853,-921.876587,1.0,952.1456708776717,393.01158749704746
1340,0.118164,-131.149292,-922.753845,1.0,970.7364298776718,387.65013649704747
1341,0.109863,-130.744781,-923.530884,1.0,716.2756758776718,372.9888824970475
1342,0.102539,-130.339371,-924.21228,1.0,714.0933028776717,371.1729334970475
1343,0.112793,-129.858322,-924.919739,1.0,723.2085978776718,368.6058254970475
1344,0.123535,-129.284592,-925.651917,1.0,730.5765178776718,361.5936184970475
1345,0.114258,-128.719086,-926.276855,1.0,746.8610638776718,364.20046049704746
1346,0.109863,-128.150665,-926.823975,1.0,477.3255108776718,391.2753814970475
1347,0.110352,-127.547745,-927.332336,1.0,468.4215798776718,395.63710549704746
1348,0.118164,-126.881561,-927.82074,1.0,482.93662487767176,393.70198649704747
1349,0.115723,-126.21331,-928.243652,1.0,499.33783987767174,389.9731654970475
1350,0.115723,-125.531769,-928.61499,1.0,527.7459208776718,390.92119449704745
1351,0.10498,-124.901207,-928.910278,1.0,649.0615638776718,393.0183004970475
1352,0.109375,-124.239746,-929.174133,1.0,683.2046308776718,392.9381314970475
1353,0.104004,-123.610321,-929.385986,1.0,699.4723918776717,398.34169549704745
1354,0.100586,-122.999763,-929.561768,1.0,733.5568648776717,404.2946684970475
1355,0.11084,-122.330841,-929.72937,1.0,757.2955118776717,407.4514364970475
1356,0.115234,-121.640892,-929.884888,1.0,792.3521528776718,405.42305549704747
1357,0.109375,-120.996819,-930.021729,1.0,809.4082438776718,403.4426174970475
1358,0.114258,-120.33223,-930.157776,1.0,820.9158118776718,400.1318264970475
1359,0.114746,-119.676353,-930.285522,1.0,818.5394698776718,399.4453334970475
1360,0.115723,-119.025063,-930.401184,1.0,827.3940838776717,397.9172574970475
1361,0.114746,-118.388741,-930.498108,1.0,827.8738808776718,402.93800949704746
1362,0.115234,-117.757492,-930.574158,1.0,845.9542028776717,398.8889364970475
1363,0.10791,-117.175026,-930.624023,1.0,804.8957318776718,440.0641684970475
1364,0.113281,-116.573082,-930.656189,1.0,822.1503698776718,441.17668749704745
1365,0.114258,-115.974037,-930.67041,1.0,838.1133828776717,439.8874114970475
1366,0.113281,-115.390038,-930.66925,1.0,918.0276898776717,472.74336849704747
1367,0.109863,-114.829292,-930.655945,1.0,932.9771528776718,475.90926149704745
1368,0.113281,-114.255508,-930.630859,1.0,946.4891768776718,472.23454849704746
1369,0.114258,-113.664726,-930.593262,1.0,961.9476118776718,468.29283749704746
1370,0.114258,-113.039001,-930.542175,1.0,975.3014318776718,475.3400784970475
1371,0.112793,-112.389076,-930.480469,1.0,1409.7254438776718,571.8781334970474
1372,0.112305,-111.72773,-930.412537,1.0,1421.8858438776717,579.7166954970475
1373,0.114258,-111.0233,-930.340271,1.0,1425.7564498776717,586.7395224970475
1374,0.117188,-110.258446,-930.265503,1.0,1385.1100868776718,557.8447784970474
1375,0.117676,-109.446938,-930.190002,1.0,1382.6561078776717,554.1729944970475
1376,0.118652,-108.593269,-930.113342,1.0,1384.6042278776717,554.4213164970474
1377,0.116699,-107.708641,-930.035339,1.0,1381.4310098776718,551.2828574970474
1378,0.121582,-106.747696,-929.951599,1.0,1397.7914838776717,552.4320584970475
1379,0.118164,-105.774139,-929.867615,1.0,1392.4310098776718,547.2766934970475
1380,0.115723,-104.79261,-929.784302,1.0,1392.0973918776717,537.6477564970475
1381,0.116699,-103.761055,-929.69873,1.0,985.0693158776718,398.5695704970475
1382,0.117676,-102.691788,-929.612122,1.0,986.7193398776717,403.42830449704746
1383,0.116699,-101.595879,-929.525513,1.0,985.8185218776717,400.16817249704746
1384,0.118164,-100.45462,-929.437561,1.0,991.2580968776717,454.55519649704746
1385,0.100586,-99.442955,-929.361389,1.0,990.4722088776717,453.5477504970475
1386,0.119141,-98.188065,-929.270447,1.0,989.5221358776718,455.97698049704746
1387,0.116699,-96.907288,-929.183289,1.0,1004.0170088776717,462.7489834970475
1388,0.114258,-95.590363,-929.101196,1.0,1001.5818888776718,457.7582914970475
1389,0.118164,-94.172134,-929.022888,1.0,1075.4302168776717,458.83782049704746
1390,0.117188,-92.720909,-928.955078,1.0,1083.4372968776718,455.6819664970475
1391,0.114746,-91.270065,-928.899963,1.0,1080.4258218776718,456.52068149704746
1392,0.114258,-89.789391,-928.856934,1.0,1078.8410438776718,454.79952049704747
1393,0.115723,-88.264366,-928.826233,1.0,1077.1686808776717,454.3114834970475
1394,0.116211,-86.706345,-928.807983,1.0,1030.5978188776717,455.0893454970475
1395,0.111328,-85.180183,-928.799561,1.0,967.4009198776718,450.0013944970475
1396,0.114746,-83.584404,-928.796021,1.0,963.8462318776717,448.5793364970475
1397,0.115234,-81.94561,-928.793762,1.0,960.9905188776718,452.0275174970475
1398,0.116211,-80.271843,-928.790405,1.0,957.8751018776718,454.87981249704745
1399,0.114746,-78.593102,-928.783691,1.0,952.0599158776718,451.9927274970475
1400,0.114746,-76.893661,-928.772217,1.0,951.5123698776717,449.73283949704745
1401,0.11377,-75.176384,-928.755554,1.0,953.0195108776718,450.5204674970475
1402,0.115723,-73.41507,-928.733032,1.0,955.7094518776718,454.59993549704745
1403,0.112305,-71.673157,-928.705444,1.0,961.1600748776717,455.83531749704747
1404,0.113281,-69.900444,-928.671753,1.0,963.3887738776717,457.3304654970475
1405,0.116699,-68.043358,-928.629883,1.0,965.9075118776717,457.8077294970475
1406,0.115234,-66.144714,-928.579834,1.0,968.1280928776717,463.27394649704746
1407,0.114746,-64.212906,-928.523193,1.0,969.0461828776718,457.84804349704746
1408,0.114258,-62.241787,-928.460083,1.0,970.6984048776718,458.9771324970475
1409,0.115723,-60.207085,-928.390747,1.0,920.4914958776718,356.77602149704745
1410,0.116699,-58.148323,-928.317749,1.0,898.6662398776717,304.1002714970475
1411,0.112305,-56.156811,-928.246277,1.0,910.6539718776718,302.41617349704745
1412,0.114746,-54.111599,-928.173645,1.0,916.0649208776717,306.46585649704747
1413,0.115234,-52.052105,-928.10376,1.0,914.4413248776717,307.7661184970475
1414,0.117188,-49.956528,-928.038574,1.0,913.2735388776717,310.88690749704745
1415,0.116211,-47.899471,-927.981812,1.0,915.0981848776718,313.6894134970475
1416,0.11377,-45.890957,-927.93512,1.0,917.7759198776718,313.2870384970475
1417,0.110352,-43.957333,-927.899841,1.0,915.0964148776718,311.2878324970475
1418,0.113281,-41.987438,-927.875122,1.0,913.8851728776717,311.9515434970475
1419,0.121094,-39.895618,-927.861633,1.0,913.8129678776718,313.7294524970475
1420,0.120117,-37.837261,-927.861389,1.0,947.5857338776717,484.1190394970475
1421,0.114258,-35.886585,-927.871338,1.0,947.6297408776718,481.8494474970475
1422,0.116211,-33.914909,-927.888611,1.0,946.4564008776717,482.01363149704747
1423,0.116699,-31.954981,-927.910583,1.0,969.3627728776718,473.3468534970475
1424,0.111328,-30.090784,-927.932556,1.0,965.1344398776718,472.6279504970475
1425,0.117188,-28.146212,-927.954956,1.0,961.8473918776717,471.97081549704745
1426,0.113281,-26.276886,-927.97522,1.0,961.4981488776717,473.34004749704746
1427,0.11377,-24.415899,-927.993774,1.0,962.2666418776718,478.8028164970475
1428,0.112793,-22.57654,-928.010681,1.0,961.1421308776718,484.0657254970475
1429,0.105469,-20.868095,-928.02533,1.0,956.6044108776717,483.97044949704747
1430,0.109863,-19.104044,-928.039612,1.0,957.9133708776718,484.76698849704746
1431,0.106934,-17.38826,-928.052673,1.0,957.6085608776717,486.7048544970475
1432,0.108398,-15.664211,-928.065247,1.0,957.5144448776717,483.3241484970475
1433,0.10791,-13.962517,-928.076782,1.0,936.2649938776717,446.2255764970475
1434,0.108398,-12.260571,-928.087585,1.0,767.0887248776718,294.67166749704745
1435,0.106934,-10.589185,-928.097229,1.0,927.0974528776718,455.1047574970475
1436,0.102051,-9.003035,-928.105347,1.0,928.8876748776718,454.20277949704746
1437,0.105469,-7.3824,-928.112915,1.0,924.3395178776717,448.3843894970475
1438,0.109863,-5.694982,-928.119751,1.0,925.6657508776717,322.8297324970475
1439,0.109375,-4.030216,-928.125488,1.0,921.9445598776717,318.80415949704746
1440,0.110352,-2.357749,-928.130432,1.0,923.0243328776718,320.5065824970475
1441,0.107422,-0.733856,-928.134216,1.0,977.5898238776717,476.2026274970475
1442,0.105469,0.841683,-928.137085,1.0,980.9471228776717,478.2431844970475
1443,0.100586,2.339813,-928.13916,1.0,981.3244428776718,471.5862944970475
1444,0.116211,4.059083,-928.140564,1.0,967.6583048776718,481.06508449704745
1445,0.116211,5.769681,-928.140991,1.0,966.2359418776717,486.9054464970475
1446,0.100098,7.230123,-928.140564,1.0,970.0465498776717,490.14552849704745
1447,0.102051,8.711044,-928.139404,1.0,969.8553878776718,489.1157434970475
1448,0.101074,10.171045,-928.137634,1.0,968.3001508776717,488.5129294970475
1449,0.102051,11.637023,-928.135376,1.0,967.4934488776718,486.77925649704747
1450,0.11084,13.219991,-928.132751,1.0,968.5605268776718,487.07716949704746
1451,0.102539,14.675945,-928.130066,1.0,972.0749918776718,487.7258514970475
1452,0.100098,16.088818,-928.127747,1.0,960.9758098776717,466.7045494970475
1453,0.100098,17.496109,-928.125671,1.0,957.5876258776717,468.22209749704746
1454,0.101562,18.915274,-928.123718,1.0,957.7916058776717,467.4744774970475
1455,0.108398,20.418535,-928.12207,1.0,956.2267858776718,465.2850554970475
1456,0.105469,21.874918,-928.121033,1.0,953.8376258776717,461.48985849704746
1457,0.100098,23.244951,-928.121033,1.0,954.0912878776718,464.58104549704746
1458,0.100098,24.609816,-928.12207,1.0,954.0610148776717,463.63100249704746
1459,0.100586,25.976807,-928.124451,1.0,950.5513708776717,463.65984149704747
1460,0.116699,27.550611,-928.12915,1.0,975.7728068776718,461.7690944970475
1461,0.116699,29.11492,-928.135986,1.0,973.8064368776718,458.0347804970475
1462,0.100098,30.451462,-928.143372,1.0,801.0878088776717,341.3029074970475
1463,0.109375,31.899473,-928.152954,1.0,381.2065228776718,274.5677244970475
1464,0.10791,33.323212,-928.164001,1.0,520.1240028776717,344.4326684970475
1465,0.108887,34.745636,-928.176697,1.0,524.9000038776717,342.9011434970475
1466,0.106445,36.133629,-928.190552,1.0,1033.9601848776717,256.46422349704744
1467,0.100098,37.419598,-928.204773,1.0,1285.1345008776718,193.53688649704748
1468,0.101074,38.697063,-928.220215,1.0,1279.6897988776718,192.64285849704748
1469,0.101562,39.956291,-928.236633,1.0,1180.9792278776717,259.7817894970475
1470,0.100098,41.171688,-928.253601,1.0,983.2562048776717,454.2227384970475
1471,0.10791,42.448559,-928.271973,1.0,982.2848308776718,453.1437284970475
1472,0.107422,43.696522,-928.289978,1.0,981.2625528776717,455.20793749704745
1473,0.100098,44.852497,-928.306641,1.0,953.4753218776717,461.9894614970475
1474,0.100098,46.004543,-928.322937,1.0,948.6105758776717,467.74965449704746
1475,0.100586,47.149509,-928.338928,1.0,948.6800338776718,465.1177574970475
1476,0.102539,48.304173,-928.355042,1.0,945.5549108776718,472.0576684970475
1477,0.103027,49.459164,-928.370972,1.0,943.7999068776718,470.71993049704747
1478,0.106934,50.641476,-928.387512,1.0,943.5660198776718,471.5077414970475
1479,0.102539,51.769928,-928.403503,1.0,942.8226728776717,474.4179894970475
1480,0.100586,52.866066,-928.419067,1.0,940.5819498776717,474.51750749704746
1481,0.100098,53.945316,-928.434387,1.0,938.0961708776717,469.7473654970475
1482,0.100098,55.021778,-928.449585,1.0,936.6694738776717,460.33910149704747
1483,0.115234,56.244343,-928.466797,1.0,936.4630538776718,450.6530364970475
1484,0.101562,57.310577,-928.481812,1.0,935.3547768776717,452.0825404970475
1485,0.116699,58.52573,-928.49884,1.0,901.1423138776718,450.21712249704746
1486,0.116211,59.726971,-928.515808,1.0,489.78989687767177,485.6313994970475
1487,0.100098,60.750301,-928.53009,1.0,487.3911848776718,479.3801174970475
1488,0.116699,61.92989,-928.546875,1.0,478.4335128776718,483.35643549704747
1489,0.116211,63.096798,-928.563171,1.0,462.92057287767176,446.7731224970475
1490,0.101074,64.102859,-928.577393,1.0,516.7511698776718,441.1296594970475
1491,0.100098,65.0886,-928.591248,1.0,512.3595068776717,443.2920434970475
1492,0.100586,66.070297,-928.605103,1.0,790.4113568776718,463.9669704970475
1493,0.115234,67.184837,-928.62085,1.0,898.2720128776717,475.20827249704746
1494,0.100586,68.148216,-928.634338,1.0,899.0279338776718,474.8705654970475
1495,0.100586,69.10482,-928.647827,1.0,899.6121008776718,476.7040304970475
1496,0.115723,70.195343,-928.663147,1.0,947.7862348776717,486.7256374970475
1497,0.100586,71.134956,-928.676392,1.0,943.0673628776717,484.86186749704746
1498,0.116211,72.208633,-928.69165,1.0,938.5530798776717,488.2560324970475
1499,0.116211,73.268501,-928.706482,1.0,951.6361488776718,490.04170749704747
1500,0.102051,74.196556,-928.719543,1.0,963.1304118776718,496.4413054970475
1501,0.116699,75.244087,-928.734314,1.0,964.0978798776717,501.06789249704747
1502,0.116211,76.279404,-928.74884,1.0,963.8942668776717,506.3247894970475
1503,0.116699,77.308357,-928.763062,1.0,965.0526528776718,508.1060694970475
1504,0.115234,78.319946,-928.77655,1.0,937.1728308776718,499.31026249704746
1505,0.100098,79.188416,-928.787781,1.0,911.2645058776718,494.5646874970475
1506,0.101074,80.060944,-928.798584,1.0,908.6805828776718,488.0643214970475
1507,0.117188,81.063545,-928.810547,1.0,970.0970868776717,518.7736114970475
1508,0.100098,81.91906,-928.820435,1.0,972.1625768776718,513.1646024970476
1509,0.115723,82.899239,-928.831238,1.0,961.6888838776717,513.6107084970474
1510,0.100098,83.738533,-928.840271,1.0,963.3324378776717,514.5375884970474
1511,0.101074,84.561394,-928.848938,1.0,960.2607218776717,510.1904504970475
1512,0.100586,85.345985,-928.856934,1.0,965.1055098776718,512.0389004970475
1513,0.103516,86.128952,-928.864502,1.0,964.8825478776718,508.8850004970475
1514,0.109863,86.936913,-928.872131,1.0,965.2633468776718,511.82991549704747
1515,0.102051,87.6548,-928.878601,1.0,964.8299358776718,511.11958849704746
1516,0.100586,88.357697,-928.884705,1.0,965.9283248776718,509.8004974970475
1517,0.100098,89.072884,-928.890747,1.0,967.6913248776717,508.94634049704746
1518,0.116211,89.910919,-928.897583,1.0,964.5909218776718,509.0702414970475
1519,0.116211,90.753159,-928.904053,1.0,972.0806678776718,502.3724874970475
1520,0.101074,91.505081,-928.909607,1.0,971.6601968776718,500.68474349704746
1521,0.100098,92.265076,-928.914978,1.0,970.7757978776717,499.1198934970475
1522,0.116211,93.15313,-928.921082,1.0,971.9140418776717,499.96959449704747
1523,0.101074,93.926613,-928.926025,1.0,972.5187788776717,501.80638649704747
1524,0.114258,94.823425,-928.931458,1.0,972.0987348776717,502.3656524970475
1525,0.101562,95.630318,-928.935974,1.0,813.4899088776717,505.27599149704747
1526,0.117676,96.573997,-928.94104,1.0,798.2003578776718,504.4469814970475
1527,0.115723,97.516991,-928.945679,1.0,789.1760048776717,502.1231284970475
1528,0.100098,98.343605,-928.949463,1.0,784.3713788776718,505.4761864970475
1529,0.115723,99.313797,-928.953552,1.0,782.2239178776717,504.3300684970475
1530,0.100586,100.16201,-928.956665,1.0,779.2858678776718,504.8752344970475
1531,0.102051,101.031784,-928.959656,1.0,896.6354168776718,465.0771994970475
1532,0.115723,102.034477,-928.962708,1.0,894.3827308776717,459.8922324970475
1533,0.114746,103.037964,-928.965271,1.0,892.1106368776717,457.49794549704745
1534,0.102539,103.938477,-928.967285,1.0,890.4199628776718,456.1676234970475
1535,0.102539,104.854134,-928.968933,1.0,943.1271158776717,481.4548544970475
1536,0.115234,105.885757,-928.970337,1.0,941.2182418776717,472.7837124970475
1537,0.116211,106.937332,-928.971313,1.0,941.0949508776717,470.3509124970475
1538,0.115723,107.99054,-928.97168,1.0,941.0608928776718,472.59047549704746
1539,0.100586,108.894615,-928.971191,1.0,935.6354778776717,423.7949124970475
1540,0.116699,109.928864,-928.969788,1.0,933.5930578776718,421.43990149704746
1541,0.115234,110.923035,-928.967041,1.0,935.8806558776718,422.8682764970475
1542,0.102051,111.794395,-928.963318,1.0,934.2662148776717,416.66011649704745
1543,0.117676,112.78347,-928.957581,1.0,929.1307168776717,412.93147849704746
1544,0.117188,113.753098,-928.950317,1.0,927.7547408776718,415.5725614970475
1545,0.111328,114.656303,-928.942078,1.0,928.2582198776718,416.0107934970475
1546,0.102539,115.476631,-928.933655,1.0,926.4967448776717,416.5812584970475
1547,0.101562,116.278946,-928.924927,1.0,928.1109418776717,415.47774349704747
1548,0.117188,117.187149,-928.914673,1.0,884.0867718776717,412.8477384970475
1549,0.100586,117.955399,-928.905884,1.0,883.4983928776718,409.4007164970475
1550,0.115723,118.824921,-928.895081,1.0,882.4147138776717,409.3043724970475
1551,0.100586,119.571136,-928.884827,1.0,879.3584998776718,407.68507949704747
1552,0.10498,120.337364,-928.873291,1.0,905.0535078776718,408.6277064970475
1553,0.109863,121.126305,-928.859985,1.0,926.5391028776718,405.28511649704745
1554,0.101074,121.838478,-928.845825,1.0,925.4148968776717,403.3934234970475
1555,0.100098,122.53775,-928.828552,1.0,926.0137738776717,398.49947149704747
1556,0.114258,123.319229,-928.804871,1.0,925.5510658776717,391.6706444970475
1557,0.104492,124.024345,-928.780823,1.0,922.9092818776718,396.5412504970475
1558,0.113281,124.777199,-928.75354,1.0,949.2472328776718,172.45949349704748
1559,0.112793,125.511375,-928.72644,1.0,949.2472328776718,172.45949349704748
1560,0.106934,126.199677,-928.701355,1.0,949.2472328776718,172.45949349704748
1561,0.108398,126.88327,-928.676758,1.0,949.2472328776718,172.45949349704748
1562,0.107422,127.550224,-928.652893,1.0,949.2472328776718,172.45949349704748
1563,0.104004,128.188065,-928.6297,0.0,68.50205487767175,57.29787249704748
1564,0.112793,128.866959,-928.604431,1.0,999.1259558776718,501.25163849704745
1565,0.10791,129.503815,-928.579773,1.0,994.3772378776717,505.44951449704746
1566,0.108398,130.127472,-928.554932,1.0,998.3983558776717,509.57588749704746
1567,0.103516,130.693893,-928.532166,1.0,998.5252478776717,513.5328574970474
1568,0.111816,131.26355,-928.509277,1.0,993.9927168776718,514.0570884970475
1569,0.103516,131.744949,-928.490295,1.0,993.1963908776718,518.3160914970474
1570,0.108887,132.191315,-928.472839,1.0,993.0972088776717,523.2456564970475
1571,0.104004,132.553864,-928.458984,1.0,990.5387978776718,504.0210784970475
1572,0.101562,132.842773,-928.448059,1.0,989.4346108776717,478.4363304970475
1573,0.117188,133.091827,-928.438721,1.0,985.5408118776718,478.1787924970475
1574,0.115723,133.243118,-928.432983,1.0,988.4326578776718,477.25292049704746
1575,0.100098,133.296326,-928.430969,1.0,953.2811688776718,458.8210354970475
1576,0.116699,133.297043,-928.430786,1.0,953.3233438776717,457.40193749704747
1577,0.116211,133.285416,-928.430969,1.0,954.3976238776718,458.02281749704747
1578,0.101562,133.278687,-928.431152,1.0,951.1439008776717,448.1965544970475
1579,0.116699,133.27861,-928.431091,1.0,925.6116738776717,385.4324554970475
1580,0.115234,133.283066,-928.43103,1.0,900.6047158776718,311.51213649704744
1581,0.100098,133.288147,-928.430908,1.0,911.6827798776718,307.91144349704746
1582,0.116699,133.294922,-928.430664,1.0,906.5049848776717,273.3473104970475
1583,0.101562,133.302399,-928.430298,1.0,628.0712078776718,392.7300314970475
1584,0.100098,133.312042,-928.430054,1.0,649.2766518776717,475.58489049704747
1585,0.114746,133.326035,-928.429382,1.0,667.0192668776717,477.06859349704746
1586,0.100098,133.340668,-928.428772,1.0,662.4543258776717,479.55623449704746
1587,0.116699,133.359848,-928.428101,1.0,723.5822548776717,340.3759664970475
1588,0.100586,133.378296,-928.42749,1.0,769.8579508776718,309.6774044970475
1589,0.101074,133.398636,-928.426575,1.0,817.4618328776718,304.6316734970475
1590,0.115723,133.42421,-928.425537,1.0,927.3930458776717,316.0397854970475
1591,0.116211,133.452393,-928.424438,1.0,924.7537028776718,316.55254149704746
1592,0.100586,133.478836,-928.423523,1.0,924.8093668776718,313.58394449704747
1593,0.115723,133.511459,-928.422119,1.0,918.8780318776718,-118.93964550295252
1594,0.101562,133.542038,-928.420898,1.0,918.8780318776718,-118.93964550295252
1595,0.116211,133.579254,-928.419434,1.0,918.8780318776718,-118.93964550295252
1596,0.116211,133.618652,-928.41803,1.0,918.8780318776718,-118.93964550295252
1597,0.100098,133.654694,-928.416504,1.0,918.8780318776718,-118.93964550295252
1598,0.116699,133.698517,-928.414673,0.0,68.50205487767175,57.29787249704748
1599,0.100098,133.738052,-928.413147,0.0,68.50205487767175,57.29787249704748
1600,0.101562,133.779861,-928.411621,0.0,68.50205487767175,57.29787249704748
1601,0.115234,133.829468,-928.409607,0.0,68.50205487767175,57.29787249704748
1602,0.104004,133.875824,-928.407715,0.0,68.50205487767175,57.29787249704748
1603,0.115723,133.929703,-928.40564,1.0,860.5646158776717,462.5626124970475
1604,0.100586,133.978271,-928.403748,1.0,960.8670448776718,543.8565574970476
1605,0.116699,134.036453,-928.401489,1.0,941.5933638776718,516.6486414970475
1606,0.117676,134.096542,-928.398987,1.0,933.2392988776718,505.00600249704746
1607,0.114746,134.134247,-928.397583,1.0,938.8465978776718,506.58800349704745
1608,0.106445,134.141052,-928.397339,1.0,434.16025787767177,547.8600974970475
1609,0.10791,134.138885,-928.3974,1.0,450.89460287767173,542.9354154970474
1610,0.101562,134.134598,-928.397522,1.0,456.4159948776718,537.8189904970475
1611,0.108887,134.131821,-928.397583,1.0,463.60489887767176,525.6574914970474
1612,0.112305,134.132019,-928.397522,1.0,467.31104487767175,521.0220244970475
1613,0.117676,134.133759,-928.397461,1.0,582.2724408776718,-110.44298750295252
1614,0.112305,134.134888,-928.397461,1.0,582.2724408776718,-110.44298750295252
1615,0.100586,134.134888,-928.397461,1.0,582.2724408776718,-110.44298750295252
1616,0.114258,134.134323,-928.397522,1.0,582.2724408776718,-110.44298750295252
1617,0.100586,134.133896,-928.397522,1.0,582.2724408776718,-110.44298750295252
1618,0.115723,134.133865,-928.397522,1.0,823.3354288776718,453.5579124970475
1619,0.101562,134.134033,-928.397522,1.0,837.2923988776718,445.1759244970475
1620,0.101562,134.134232,-928.397461,1.0,1008.9254558776718,474.4809774970475
1621,0.115234,134.134277,-928.397583,1.0,1005.5534468776717,469.97072449704746
1622,0.115723,134.134247,-928.397522,1.0,1001.8762618776717,469.03990749704747
1623,0.101074,134.134201,-928.397522,1.0,1020.7910558776717,558.2941184970475
1624,0.113281,134.134186,-928.397522,1.0,1020.8022258776717,564.6089994970475
1625,0.106445,134.134186,-928.397522,1.0,1017.2323408776717,566.0771994970476
1626,0.116699,134.134216,-928.397522,1.0,512.2324018776717,519.1733304970475
1627,0.114746,134.134216,-928.397522,1.0,519.1825658776718,517.2589934970474
1628,0.109863,134.134216,-928.397522,1.0,519.2877608776718,514.4959924970475
1629,0.107422,134.134201,-928.397522,1.0,499.88309687767173,506.88634249704745
1630,0.11377,134.134186,-928.397461,1.0,367.32624287767175,426.13677049704745
1631,0.102539,134.134201,-928.397522,1.0,375.02994787767176,422.56963149704745
1632,0.108398,134.134201,-928.397522,1.0,431.42524187767174,434.35216349704746
1633,0.105469,134.134216,-928.397461,1.0,431.53608187767173,434.1145834970475
1634,0.101074,134.134216,-928.397461,1.0,711.3127238776717,450.6258754970475
1635,0.101562,134.134201,-928.397522,1.0,1181.1799108776718,470.1816924970475
1636,0.103516,134.134201,-928.397522,1.0,1179.1894328776718,471.5653894970475
1637,0.111328,134.134201,-928.397522,1.0,1262.7991738776718,476.2302154970475
1638,0.104004,134.134201,-928.397522,1.0,1412.3018598776719,464.4360864970475
1639,0.111328,134.134201,-928.397522,1.0,1491.3082068776719,454.78056949704745
1640,0.10498,134.134201,-928.397583,1.0,1543.8533728776717,448.68089849704745
1641,0.108398,134.134201,-928.397583,1.0,1532.0752968776717,441.13417649704746
1642,0.105957,134.134201,-928.397522,1.0,1575.0032758776717,436.01717149704746
1643,0.105469,134.134201,-928.397522,1.0,1572.1634318776717,432.2642114970475
1644,0.111816,134.134201,-928.397583,1.0,1302.6731978776718,453.1272484970475
1645,0.115723,134.134186,-928.397461,1.0,895.3143108776718,518.9808864970475
1646,0.116211,134.134201,-928.397583,1.0,895.7016398776717,516.4524444970475
1647,0.115723,134.134201,-928.397522,1.0,937.7292888776717,546.9522604970475
1648,0.100586,134.134201,-928.397522,1.0,994.1051428776717,561.7642114970474
1649,0.105957,134.134201,-928.397583,1.0,991.5421548776718,563.9031884970475
1650,0.102539,134.134201,-928.397522,1.0,990.5553388776717,566.3667814970474
1651,0.108398,134.134201,-928.397522,1.0,974.7299598776717,539.5963344970475
1652,0.100586,134.134201,-928.397522,1.0,927.8192548776717,322.5159814970475
1653,0.100098,134.134201,-928.397522,1.0,926.4299718776717,322.3736784970475
1654,0.116211,134.134201,-928.397522,1.0,918.0283608776717,315.5014244970475
1655,0.114746,134.134201,-928.397522,1.0,916.7715858776718,316.4358114970475
1656,0.100098,134.134201,-928.397522,1.0,495.72614587767174,529.2383634970474
1657,0.100098,134.134201,-928.397522,1.0,498.66037987767174,521.8400784970474
1658,0.101562,134.134201,-928.397522,1.0,460.32337487767177,542.3026944970475
1659,0.116211,134.134216,-928.397583,1.0,464.20090787767174,531.9995324970475
1660,0.115723,134.134201,-928.397522,1.0,464.45716387767175,528.9833884970475
1661,0.101562,134.134201,-928.397522,1.0,467.14093987767177,529.0823874970474
1662,0.116211,134.134201,-928.397461,1.0,357.4361678776718,445.50240149704746
1663,0.115723,134.134201,-928.397522,1.0,362.22229987767173,444.55913349704747
1664,0.100098,134.134201,-928.397583,1.0,356.43009487767176,444.4942224970475
1665,0.100586,134.134201,-928.397522,1.0,367.1685588776717,427.4463104970475
1666,0.115723,134.134201,-928.397522,1.0,442.45002287767176,306.53581849704744
1667,0.100586,134.134201,-928.397522,1.0,439.3091838776717,307.17632049704747
1668,0.100098,134.134201,-928.397522,1.0,775.7947798776718,410.60283449704747
1669,0.100098,134.134201,-928.397461,1.0,954.1813758776717,483.3957424970475
1670,0.11377,134.134201,-928.397583,1.0,947.9744058776718,481.0000514970475
1671,0.112793,134.134201,-928.397583,1.0,971.8907268776718,471.6595664970475
1672,0.112305,134.134201,-928.397522,1.0,994.5961098776718,462.1965544970475
1673,0.110352,134.134201,-928.397583,1.0,994.2356978776718,462.2006124970475
1674,0.100098,134.134201,-928.397461,1.0,994.7706708776717,464.1396994970475
1675,0.101074,134.134201,-928.397461,1.0,994.1387128776718,461.8016564970475
1676,0.101074,134.134201,-928.397461,1.0,992.3682658776718,464.2482204970475
1677,0.100098,134.134201,-928.397461,1.0,992.0046178776718,463.11641449704746
1678,0.115723,134.134201,-928.397583,1.0,982.4833778776717,510.2071134970475
1679,0.102051,134.134201,-928.397522,1.0,975.0553998776718,551.1736654970475
1680,0.100098,134.134201,-928.397522,1.0,974.4175208776718,556.6654874970475
1681,0.100098,134.134201,-928.397522,1.0,973.5713908776718,551.9918424970474
1682,0.116699,134.134201,-928.397522,1.0,647.5251258776717,161.73250349704747
1683,0.100098,134.134201,-928.397522,1.0,923.0389808776717,326.3813074970475
1684,0.100586,134.134201,-928.397461,1.0,944.5312298776718,325.3517054970475
1685,0.115723,134.134201,-928.397522,1.0,912.7897748776718,301.2163604970475
1686,0.100586,134.134415,-928.397522,1.0,916.1026408776718,303.72394349704746
1687,0.115234,134.136703,-928.397522,1.0,915.5750528776717,302.79118949704747
1688,0.114746,134.141693,-928.397217,1.0,906.1389568776717,71.96977049704748
1689,0.102539,134.148468,-928.396973,1.0,906.1389568776717,71.96977049704748
1690,0.100586,134.157196,-928.396606,1.0,906.1389568776717,71.96977049704748
1691,0.100098,134.167862,-928.396118,1.0,906.1389568776717,71.96977049704748
1692,0.116699,134.182648,-928.395508,1.0,950.1581218776718,407.8281454970475
1693,0.100098,134.197357,-928.394897,1.0,949.4155678776717,407.83464649704746
1694,0.101074,134.214188,-928.393921,1.0,948.3380538776718,407.4338584970475
1695,0.115723,134.235901,-928.392761,1.0,946.6078288776717,409.80537949704745
1696,0.101074,134.257523,-928.391357,1.0,944.9453528776718,410.44331949704747
1697,0.100098,134.284531,-928.389587,1.0,941.3743078776718,412.65718649704746
1698,0.103516,134.326401,-928.38678,1.0,939.8299358776718,411.8806364970475
1699,0.116211,134.406204,-928.380798,1.0,940.1045328776718,412.0759484970475
1700,0.101562,134.518127,-928.371887,1.0,943.1648358776717,411.18123449704746
1701,0.108398,134.683945,-928.357483,1.0,941.2652998776717,405.9517724970475
1702,0.102539,134.884186,-928.338684,1.0,937.0560098776717,406.3572594970475
1703,0.100586,135.122528,-928.314209,1.0,936.9580488776718,403.5219324970475
1704,0.116211,135.449387,-928.277405,1.0,664.9658608776717,484.7459014970475
1705,0.101074,135.777924,-928.237183,1.0,522.9482828776718,527.7965294970475
1706,0.116211,136.208588,-928.17981,1.0,527.6556498776717,524.9948324970475
1707,0.115723,136.691742,-928.108826,1.0,477.1442668776717,534.7343044970476
1708,0.102051,137.160507,-928.032776,1.0,477.72577887767176,532.9373074970474
1709,0.117188,137.753159,-927.92511,1.0,469.84522487767174,442.93724649704745
1710,0.116211,138.391068,-927.792297,1.0,452.02118987767176,363.4594024970475
1711,0.116211,139.081284,-927.623169,1.0,453.39313787767173,356.4383754970475
1712,0.100098,139.702087,-927.442139,1.0,457.60010787767175,352.70851749704747
1713,0.115723,140.431961,-927.188782,1.0,584.4282628776717,354.9099944970475
1714,0.101074,141.044342,-926.938538,1.0,587.0301918776718,354.82555149704746
1715,0.100098,141.602936,-926.674377,1.0,589.8696088776718,354.49236149704745
1716,0.100098,142.141235,-926.384033,1.0,673.8715618776718,366.2883514970475
1717,0.115723,142.745819,-926.014038,1.0,689.4227698776717,372.76613449704746
1718,0.100586,143.238861,-925.674622,1.0,694.0619918776717,376.7287194970475
1719,0.100586,143.702637,-925.318115,1.0,644.8501378776717,363.5729274970475
1720,0.104004,144.15535,-924.927673,1.0,649.9877118776717,365.23454849704746
1721,0.111816,144.610657,-924.482483,1.0,652.7418618776718,363.6849574970475
1722,0.115723,145.039017,-924.00415,1.0,654.9336348776718,363.3543304970475
1723,0.102539,145.382065,-923.567078,1.0,631.8654578776717,357.9531764970475
1724,0.115234,145.731476,-923.058838,1.0,635.3699138776717,359.0815334970475
1725,0.116211,146.043457,-922.535217,1.0,647.3873088776718,356.5573024970475
1726,0.100098,146.280869,-922.076965,1.0,562.9489538776718,423.1339624970475
1727,0.115723,146.52211,-921.541504,1.0,605.8194988776718,426.05528849704746
1728,0.100098,146.706375,-921.076782,1.0,645.5336708776717,432.08635549704746
1729,0.101074,146.875015,-920.606812,1.0,680.9468178776717,437.26036649704747
1730,0.116211,147.052826,-920.067627,1.0,714.7075598776718,442.5974024970475
1731,0.101074,147.195908,-919.601013,1.0,729.0828048776717,440.15083849704746
1732,0.116211,147.344894,-919.071716,1.0,812.1855878776718,416.8762114970475
1733,0.115723,147.473495,-918.549194,1.0,827.5703528776718,421.8464564970475
1734,0.100586,147.565247,-918.097412,1.0,808.3086348776718,421.6984464970475
1735,0.100098,147.634171,-917.653259,1.0,825.2566328776718,421.4078574970475
1736,0.116211,147.684601,-917.139954,1.0,837.7489418776718,445.0279444970475
1737,0.115234,147.703491,-916.628479,1.0,862.4244178776718,458.18303449704746
1738,0.112793,147.694656,-916.124878,1.0,894.9333288776718,458.31584749704746
1739,0.108398,147.664032,-915.634155,1.0,921.6276648776718,463.52574749704746
1740,0.111328,147.614563,-915.123535,1.0,1022.9370528776717,473.1960964970475
1741,0.114746,147.552032,-914.592773,1.0,1055.5513708776716,474.8014734970475
1742,0.106934,147.490265,-914.095276,1.0,1108.1318158776717,466.5731714970475
1743,0.116211,147.425049,-913.546143,1.0,1133.7824508776719,465.1898704970475
1744,0.103027,147.372116,-913.054077,1.0,1148.1823528776717,456.8055624970475
1745,0.114746,147.318848,-912.495422,1.0,1151.2061568776717,448.9847624970475
1746,0.113281,147.270432,-911.936462,1.0,1136.1122838776716,448.0198874970475
1747,0.100098,147.229218,-911.440247,1.0,1113.4161168776718,447.4712734970475
1748,0.108398,147.184631,-910.901978,1.0,1107.8074748776717,365.5820214970475
1749,0.10791,147.140106,-910.367981,1.0,1124.1099648776717,423.41063449704745
1750,0.100586,147.099243,-909.876465,1.0,1121.0783488776717,433.1705534970475
1751,0.114746,147.054169,-909.321106,1.0,1120.9504188776718,435.72990949704746
1752,0.11377,147.012909,-908.78302,1.0,1123.1460978776718,437.2636924970475
1753,0.10791,146.977249,-908.278198,1.0,1122.7419228776716,433.41945449704747
1754,0.11084,146.944519,-907.768372,1.0,1121.2367958776717,433.69170149704746
1755,0.107422,146.916275,-907.282471,1.0,1055.5055948776717,425.92616849704746
1756,0.108887,146.890411,-906.79657,1.0,1051.3261518776717,429.9170134970475
1757,0.108887,146.867004,-906.318787,1.0,924.0106608776717,315.0322164970475
1758,0.110352,146.845428,-905.841736,1.0,921.0316568776717,313.0286924970475
1759,0.116699,146.824966,-905.346069,1.0,1019.1119788776717,312.1408594970475
1760,0.110352,146.807632,-904.878967,1.0,1330.5821328776717,275.3169154970475
1761,0.104004,146.793182,-904.438843,1.0,1329.4531048776716,277.8547424970475
1762,0.103027,146.780533,-903.996155,1.0,1214.2554728776718,375.7021384970475
1763,0.101074,146.76973,-903.550049,1.0,1149.2464398776717,440.71040949704746
1764,0.114258,146.75946,-903.029663,1.0,1153.4491988776717,435.78185049704746
1765,0.10791,146.751785,-902.52124,1.0,1152.5331828776718,436.9027614970475
1766,0.110352,146.746277,-901.990112,1.0,1113.9161168776718,444.9091094970475
1767,0.114746,146.743195,-901.422974,1.0,1110.7808638776717,446.44136649704745
1768,0.112793,146.742676,-900.854797,1.0,1106.6656288776717,442.8776754970475
1769,0.110352,146.74411,-900.288208,1.0,1105.2072548776719,439.36253949704746
1770,0.11084,146.746902,-899.714417,1.0,1171.3943888776716,462.9175314970475
1771,0.109863,146.75032,-899.141113,1.0,1174.6617228776718,461.8210354970475
1772,0.108887,146.753967,-898.568604,1.0,1178.3115028776717,459.6413474970475
1773,0.111816,146.757996,-897.980591,1.0,1194.4302778776716,461.8958944970475
1774,0.106934,146.762436,-897.420044,1.0,1113.0086468776717,485.22948249704746
1775,0.111816,146.768005,-896.831787,1.0,1109.6891888776718,490.3791404970475
1776,0.108887,146.77446,-896.261475,1.0,1111.5982458776718,495.1245934970475
1777,0.109863,146.782013,-895.691833,1.0,1112.9052528776717,493.48280949704747
1778,0.109863,146.790283,-895.12085,1.0,1114.0936078776717,495.6769614970475
1779,0.111328,146.798767,-894.549744,1.0,1118.9452918776717,502.8143214970475
1780,0.112793,146.807114,-893.972595,1.0,1114.2767128776718,500.7447104970475
1781,0.10791,146.814758,-893.425964,1.0,1082.9100748776718,479.5666714970475
1782,0.108887,146.822144,-892.88031,1.0,1044.8153478776717,453.45439749704747
1783,0.108887,146.829453,-892.339294,1.0,1044.7190958776719,455.0222684970475
1784,0.108398,146.836777,-891.808777,1.0,1047.3163858776718,452.9869284970475
1785,0.111816,146.844437,-891.270569,1.0,1125.5691938776718,509.61742249704747
1786,0.108398,146.85202,-890.756042,1.0,1132.0615028776717,507.8048304970475
1787,0.111816,146.859909,-890.233398,1.0,1154.7461958776717,510.9467374970475
1788,0.113281,146.867996,-889.704468,1.0,1161.5375768776717,515.2907614970475
1789,0.108398,146.875916,-889.189819,1.0,1168.1600138776716,521.8387664970475
1790,0.11377,146.884552,-888.630859,1.0,1171.0608928776717,521.5287684970474
1791,0.100098,146.892517,-888.122437,1.0,1177.0772498776716,524.7081504970474
1792,0.111816,146.901825,-887.535156,1.0,1197.4178258776717,484.8818874970475
1793,0.109863,146.911331,-886.944214,1.0,1138.2800088776717,480.3120024970475
1794,0.110352,146.921402,-886.331604,1.0,1140.5126748776718,464.86092149704746
1795,0.115723,146.932373,-885.674438,1.0,1042.3879188776718,465.4841514970475
1796,0.11377,146.943558,-885.01239,1.0,999.9226478776718,463.35457449704745
1797,0.108398,146.954437,-884.367004,1.0,1002.8023478776718,459.2806604970475
1798,0.113281,146.966034,-883.674744,1.0,982.7056678776718,459.5035304970475
1799,0.11377,146.977814,-882.966064,1.0,981.7674358776718,456.65709449704747
1800,0.109375,146.989365,-882.268372,1.0,983.8318888776718,458.1471764970475
1801,0.110352,147.00119,-881.551147,1.0,981.4247228776718,459.77327549704745
1802,0.114258,147.013672,-880.795288,1.0,984.9216718776718,461.7373564970475
1803,0.11084,147.026108,-880.045288,1.0,981.7944738776717,463.6871244970475
1804,0.109375,147.038589,-879.293701,1.0,980.1680708776718,465.35259049704746
1805,0.11377,147.051865,-878.495728,1.0,923.0838418776717,313.5575464970475
1806,0.11377,147.06543,-877.679504,1.0,920.2458898776717,310.0719964970475
1807,0.109863,147.078751,-876.87854,1.0,919.9382728776718,311.86429449704747
1808,0.110352,147.0923,-876.060791,1.0,917.9546918776717,308.9072324970475
1809,0.11084,147.106125,-875.227478,1.0,918.1084998776718,307.3541774970475
1810,0.112793,147.12056,-874.36261,1.0,921.2303878776718,308.61101349704745
1811,0.115234,147.135666,-873.466614,1.0,916.4509078776717,310.3763484970475
1812,0.114746,147.15123,-872.559387,1.0,915.9429728776718,313.8244534970475
1813,0.113281,147.167343,-871.650452,1.0,917.6340128776718,312.35434549704746
1814,0.111328,147.183945,-870.742737,1.0,914.5012618776717,313.87602849704746
1815,0.115723,147.202072,-869.789429,1.0,912.5168868776717,316.2457484970475
1816,0.112305,147.220596,-868.849609,1.0,914.8780928776717,315.82735249704746
1817,0.111328,147.23999,-867.904541,1.0,949.3616738776717,357.2946074970475
1818,0.113281,147.260849,-866.927185,1.0,1005.8711348776718,457.5498254970475
1819,0.100586,147.280273,-866.053894,1.0,1005.1169838776717,453.5201014970475
1820,0.102051,147.301025,-865.156555,1.0,1004.7906288776718,449.1563624970475
1821,0.102051,147.3228,-864.250916,1.0,1007.4493208776718,451.19325849704745
1822,0.100586,147.345367,-863.348938,1.0,1007.1563518776718,448.9845794970475
1823,0.101074,147.369049,-862.438293,1.0,1006.8157758776717,446.7223104970475
1824,0.116211,147.397858,-861.374023,1.0,978.1920568776718,467.14275149704747
1825,0.100098,147.423752,-860.453918,1.0,976.8216958776718,468.3373314970475
1826,0.116699,147.455399,-859.368591,1.0,974.1737468776718,468.0783294970475
1827,0.101562,147.483994,-858.420471,1.0,970.9703778776718,463.25969549704746
1828,0.102051,147.51384,-857.454407,1.0,1162.0953168776718,456.0826324970475
1829,0.115723,147.548416,-856.355774,1.0,1165.5237838776718,450.81694549704747
1830,0.115723,147.583496,-855.252075,1.0,1167.1279088776716,443.2038474970475
1831,0.116699,147.620239,-854.10144,1.0,771.7546798776717,496.8879294970475
1832,0.116211,147.658401,-852.903076,1.0,792.3680218776717,507.9411524970475
1833,0.115723,147.698196,-851.64978,1.0,788.4430948776718,503.59776849704747
1834,0.102539,147.734726,-850.496521,1.0,1263.0943398776717,555.1824854970475
1835,0.103516,147.772873,-849.29071,1.0,1357.5951948776717,562.7730924970474
1836,0.102539,147.810532,-848.100403,1.0,1353.7061568776717,556.8394674970475
1837,0.10791,147.850464,-846.839172,1.0,1474.6769818776718,545.3201504970475
1838,0.102539,147.888901,-845.624695,1.0,1468.9957068776719,540.1028344970475
1839,0.117188,147.932678,-844.238892,1.0,1458.6540328776719,531.0232754970475
1840,0.102051,147.971008,-843.020752,1.0,967.7170818776717,422.8724874970475
1841,0.108887,148.011688,-841.724365,1.0,968.4911298776717,427.9366054970475
1842,0.104492,148.050186,-840.496094,1.0,969.5575358776717,432.4510404970475
1843,0.101562,148.087128,-839.315247,1.0,1316.6741738776718,171.98490749704746
1844,0.101074,148.123734,-838.145203,1.0,1313.3962198776717,179.4084144970475
1845,0.102539,148.160568,-836.97052,1.0,1300.5716348776718,193.72821649704747
1846,0.106934,148.198486,-835.761719,1.0,1267.7819618776718,214.0853784970475
1847,0.105957,148.236099,-834.564697,1.0,1020.0972088776717,437.57640649704746
1848,0.100098,148.270996,-833.452454,1.0,1020.4919228776718,442.0188194970475
1849,0.100586,148.306,-832.337219,1.0,966.2535808776718,465.98512849704747
1850,0.101074,148.340744,-831.22937,1.0,965.3071088776718,469.7928064970475
1851,0.103516,148.376038,-830.103699,1.0,964.1743568776717,465.1608184970475
1852,0.109375,148.412949,-828.926392,1.0,963.6333418776718,460.6922514970475
1853,0.103027,148.447403,-827.827942,1.0,962.0679728776718,478.91448049704746
1854,0.104492,148.482056,-826.722778,1.0,961.7272138776717,481.8859464970475
1855,0.109375,148.518021,-825.576172,1.0,1023.8929238776717,486.6211754970475
1856,0.101074,148.55101,-824.524231,1.0,1024.3111368776717,486.98360249704746
1857,0.101562,148.583847,-823.477539,1.0,1025.905679877672,491.30992649704746
1858,0.104004,148.617065,-822.418152,1.0,1025.2107338776718,486.1919764970475
1859,0.109863,148.652023,-821.304138,1.0,1025.5555218776717,486.64964849704745
1860,0.102539,148.684219,-820.276978,1.0,1025.1133218776718,483.4837854970475
1861,0.101562,148.715942,-819.265747,1.0,1024.8846838776717,484.6755884970475
1862,0.108398,148.749405,-818.199463,1.0,1025.9979048776718,483.9594934970475
1863,0.106445,148.782028,-817.158875,1.0,1025.3206588776718,485.9035244970475
1864,0.100586,148.812531,-816.186768,1.0,1026.568460877672,487.1320094970475
1865,0.105469,148.844177,-815.177307,1.0,1027.0976968776718,484.75240149704746
1866,0.111816,148.877518,-814.114075,1.0,1028.0840248776717,489.19161049704746
1867,0.103027,148.908112,-813.145874,1.0,1028.2137248776717,486.8280844970475
1868,0.111328,148.941483,-812.10791,1.0,1025.1522628776718,489.3514304970475
1869,0.10498,148.973358,-811.138184,1.0,1004.7290448776718,477.4407864970475
1870,0.116211,149.009232,-810.076233,1.0,955.2889808776717,450.0103354970475
1871,0.11377,149.045013,-809.048401,1.0,952.2549848776717,454.9189964970475
1872,0.102539,149.077911,-808.126648,1.0,952.5959268776718,452.7675684970475
1873,0.111328,149.113876,-807.140808,1.0,875.5943398776717,457.6877044970475
1874,0.103516,149.147858,-806.227539,1.0,871.9479168776718,457.77986749704746
1875,0.113281,149.185303,-805.239258,1.0,870.0207318776718,456.5128994970475
1876,0.104492,149.220154,-804.335938,1.0,785.4717208776717,192.95271849704747
1877,0.103516,149.255051,-803.447021,1.0,969.0604048776718,452.87489849704747
1878,0.11084,149.292862,-802.502747,1.0,969.7781778776717,454.66490749704747
1879,0.10498,149.32872,-801.622192,1.0,964.6998698776717,455.07503349704746
1880,0.116699,149.367538,-800.678406,1.0,968.2851358776718,457.5412504970475
1881,0.12207,149.406021,-799.748413,1.0,968.3309118776717,454.9647424970475
1882,0.103027,149.437088,-798.997375,1.0,964.7470498776718,453.85429949704746
1883,0.104004,149.466919,-798.272705,1.0,962.1465248776717,456.7347624970475
1884,0.118164,149.498596,-797.487366,1.0,962.6103308776718,453.95430549704747
1885,0.115723,149.52858,-796.726257,1.0,963.1847328776718,453.9893704970475
1886,0.116699,149.558289,-795.951111,1.0,960.7613318776718,451.7873744970475
1887,0.100586,149.582611,-795.300232,1.0,963.4111128776717,452.1790984970475
1888,0.110352,149.608017,-794.604248,1.0,958.2916668776718,452.9814964970475
1889,0.108398,149.632553,-793.91626,1.0,963.5333048776718,456.6215414970475
1890,0.106934,149.656876,-793.219421,1.0,960.0846968776717,450.4027614970475
1891,0.105469,149.680618,-792.52478,1.0,962.3291418776718,450.5453704970475
1892,0.100586,149.702896,-791.857971,1.0,961.8824258776717,451.13942549704745
1893,0.105469,149.726044,-791.148132,1.0,960.1843668776718,451.32469749704745
1894,0.11084,149.749924,-790.395691,1.0,963.2309978776717,448.29369149704746
1895,0.103027,149.771729,-789.68927,1.0,959.2172648776717,450.02205449704746
1896,0.104492,149.79332,-788.968323,1.0,960.4649458776718,451.54634649704747
1897,0.109863,149.815521,-788.204651,1.0,965.1363318776718,449.6791894970475
1898,0.119629,149.839218,-787.36322,1.0,966.9833778776717,449.8344024970475
1899,0.116699,149.861664,-786.537842,1.0,967.4412028776718,452.5216884970475
1900,0.116699,149.883545,-785.70343,1.0,965.3992108776717,452.51347949704746
1901,0.114746,149.904495,-784.873413,1.0,968.5029088776718,445.03658049704745
1902,0.111328,149.924011,-784.069336,1.0,966.6115518776718,446.3410544970475
1903,0.10791,149.942215,-783.28894,1.0,969.1106368776717,441.37480749704747
1904,0.114746,149.960724,-782.466614,1.0,969.8350628776717,441.69194549704747
1905,0.109863,149.977722,-781.689575,1.0,969.7839758776718,444.89577249704746
1906,0.109375,149.99379,-780.936462,1.0,971.2168988776717,445.8107204970475
1907,0.111816,150.00972,-780.176575,1.0,972.8409828776718,449.85439149704746
1908,0.112793,150.025223,-779.423645,1.0,973.9794718776717,453.3924764970475
1909,0.108398,150.039658,-778.710083,1.0,976.0977578776717,454.6731164970475
1910,0.115234,150.054474,-777.964172,1.0,978.7793378776718,453.6602994970475
1911,0.110352,150.068268,-777.256714,1.0,978.6157628776717,451.8851834970475
1912,0.111816,150.081757,-776.5495,1.0,974.0254928776718,459.66310649704747
1913,0.111328,150.094635,-775.860107,1.0,974.3030798776717,453.8293364970475
1914,0.109375,150.106781,-775.196045,1.0,973.8471478776718,450.7264304970475
1915,0.11084,150.118744,-774.531494,1.0,972.8212078776718,448.0769554970475
1916,0.11377,150.130737,-773.861633,1.0,975.0803628776717,447.74294049704747
1917,0.107422,150.141907,-773.238403,1.0,973.1026408776718,443.5572104970475
1918,0.110352,150.153198,-772.612488,1.0,969.5476478776718,440.5228484970475
1919,0.109375,150.164383,-771.998291,1.0,968.7579748776717,439.9871734970475
1920,0.106934,150.175125,-771.409119,1.0,966.7872108776718,438.21007349704746
1921,0.108887,150.185852,-770.822083,1.0,964.9510298776718,430.2265224970475
1922,0.106934,150.196243,-770.251831,1.0,964.6478068776718,430.1064664970475
1923,0.106934,150.206512,-769.689575,1.0,963.7848308776718,427.3973594970475
1924,0.114258,150.217316,-769.098511,1.0,966.9257608776718,421.98927849704745
1925,0.11084,150.227676,-768.53479,1.0,965.2508338776718,421.8000694970475
1926,0.108887,150.237778,-767.990234,1.0,960.5337928776718,412.77977549704747
1927,0.109863,150.247971,-767.448486,1.0,961.4527388776718,414.2169704970475
1928,0.100098,150.257202,-766.96344,1.0,959.4269208776717,415.39052349704747
1929,0.110352,150.267365,-766.435181,1.0,956.9265548776717,411.70302349704747
1930,0.106934,150.277054,-765.933289,1.0,954.8615518776718,408.6203824970475
1931,0.112305,150.287186,-765.412048,1.0,955.4002478776717,407.1124174970475
1932,0.108887,150.296844,-764.916138,1.0,958.0951338776717,404.69658449704747
1933,0.115234,150.306931,-764.399231,1.0,954.0838418776717,405.0400294970475
1934,0.112305,150.316345,-763.914062,1.0,951.9188638776717,401.6028654970475
1935,0.115723,150.325165,-763.459717,1.0,948.4030558776717,399.4233604970475
1936,0.111328,150.332657,-763.074829,1.0,947.9150798776717,397.22612549704746
1937,0.109863,150.338943,-762.755188,1.0,945.8061318776718,398.4904074970475
1938,0.113281,150.343994,-762.502075,1.0,941.8647868776718,397.71718449704747
1939,0.112793,150.347351,-762.335205,1.0,941.4361368776717,396.46858749704745
1940,0.10791,150.348816,-762.263428,1.0,939.7087808776718,398.35045449704745
1941,0.112793,150.348953,-762.258606,1.0,935.7577918776717,392.8790494970475
1942,0.109863,150.348755,-762.269897,1.0,934.6811318776718,391.92943349704746
1943,0.111328,150.348557,-762.27887,1.0,934.9927778776718,391.8065394970475
1944,0.11377,150.348511,-762.279907,1.0,935.6326698776718,383.71617649704746
1945,0.112305,150.348557,-762.276001,1.0,933.6887008776717,375.8148404970475
1946,0.108398,150.348587,-762.272522,1.0,938.0176798776718,377.0239164970475
1947,0.111328,150.348679,-762.269897,1.0,927.3834638776717,373.40462249704746
1948,0.103027,150.34874,-762.266113,1.0,934.0347698776718,367.6705534970475
1949,0.11084,150.348892,-762.259583,1.0,936.9861858776718,367.8634244970475
1950,0.102539,150.349075,-762.250549,1.0,938.8106488776717,374.9837244970475
1951,0.102539,150.349304,-762.239258,1.0,938.7770178776717,377.96556649704746
1952,0.103027,150.349579,-762.225708,1.0,938.8154708776717,381.7852994970475
1953,0.113281,150.349915,-762.208923,1.0,965.0441078776718,354.0835474970475
1954,0.11377,150.350296,-762.189758,1.0,1083.5856728776716,13.836679497047477
1955,0.106445,150.350693,-762.169617,1.0,1083.5856728776716,13.836679497047477
1956,0.109375,150.351181,-762.146606,1.0,1083.5856728776716,13.836679497047477
1957,0.102539,150.351654,-762.122986,1.0,1083.5856728776716,13.836679497047477
1958,0.109863,150.352219,-762.095764,1.0,1170.2866008776718,406.81258149704746
1959,0.117676,150.352844,-762.064026,1.0,1165.5695598776717,406.3457544970475
1960,0.115234,150.353546,-762.03064,1.0,1402.6675818776719,451.49861749704746
1961,0.112305,150.354233,-761.996033,1.0,1435.3094278776719,462.01381449704746
1962,0.115234,150.355026,-761.957947,1.0,1580.1131388776716,490.88735049704746
1963,0.118652,150.355865,-761.916565,1.0,1696.4870398776718,537.8666894970474
1964,0.115234,150.356735,-761.874084,1.0,1617.2929488776717,519.7046104970475
1965,0.119141,150.357681,-761.827515,1.0,1636.3621618776717,481.5973724970475
1966,0.11084,150.358612,-761.782349,1.0,1614.4327188776717,465.9055994970475
1967,0.104004,150.359497,-761.738159,1.0,923.2524818776717,454.5992644970475
1968,0.112793,150.360535,-761.688232,1.0,629.4239298776718,423.5854394970475
1969,0.105957,150.361542,-761.639343,1.0,623.4031778776717,426.35164449704746
1970,0.112305,150.36264,-761.585449,1.0,415.23615487767177,422.0873314970475
1971,0.115234,150.363815,-761.528442,1.0,415.41761287767173,419.4278164970475
1972,0.109375,150.36499,-761.472473,1.0,437.21772287767175,421.59862349704747
1973,0.119629,150.366226,-761.413086,1.0,433.11445087767174,428.20296249704745
1974,0.108398,150.367111,-761.371277,1.0,428.47422287767176,435.0658774970475
1975,0.111816,150.367508,-761.352051,1.0,431.1688338776718,431.75258449704745
1976,0.112305,150.367523,-761.350891,1.0,432.64930187767175,432.23729549704746
1977,0.10791,150.367477,-761.35437,1.0,434.13044187767173,427.1657314970475
1978,0.11377,150.367432,-761.357483,1.0,440.1779278776718,422.95946349704747
1979,0.107422,150.367447,-761.358093,1.0,955.9710488776717,420.7614344970475
1980,0.109863,150.367447,-761.356812,1.0,987.2678628776717,432.04454649704746
1981,0.100098,150.367462,-761.355591,1.0,986.0858558776717,432.8015654970475
1982,0.115723,150.367462,-761.355225,1.0,1001.1387128776718,450.3498134970475
1983,0.102051,150.367477,-761.355469,1.0,998.1551308776718,447.3554894970475
1984,0.114746,150.367462,-761.355835,1.0,915.2090248776717,303.30499849704745
1985,0.100098,150.367462,-761.354553,1.0,923.7261148776718,313.40657649704747
1986,0.100098,150.367554,-761.351074,1.0,1247.9242958776717,231.29303549704747
1987,0.100586,150.367661,-761.345398,1.0,1306.1887008776719,215.2228604970475
1988,0.100098,150.367813,-761.337646,1.0,1178.0356238776717,300.62587549704745
1989,0.100098,150.368042,-761.327148,1.0,972.2825728776718,463.4124664970475
1990,0.116699,150.368454,-761.306519,1.0,971.3689368776718,464.22261649704745
1991,0.116699,150.3694,-761.260437,1.0,973.0569868776718,468.3116664970475
1992,0.100098,150.371078,-761.180359,1.0,957.6021528776718,457.4790854970475
1993,0.100098,150.373657,-761.058167,1.0,947.7720128776717,448.80733249704747
1994,0.100098,150.377075,-760.89502,1.0,944.9515178776718,440.6618554970475
1995,0.101562,150.381454,-760.687805,1.0,357.3231908776718,239.72095249704748
1996,0.109863,150.387253,-760.414795,1.0,424.56092287767177,377.03142349704746
1997,0.108398,150.394012,-760.097351,1.0,428.27283687767175,377.2892054970475
1998,0.102051,150.401428,-759.75293,1.0,432.37534587767175,378.2543234970475
1999,0.107422,150.410278,-759.344238,1.0,483.21924887767176,378.07527749704747
2000,0.103516,150.419861,-758.905396,1.0,948.4502358776717,428.81404649704746
2001,0.101074,150.430252,-758.434753,1.0,947.8453168776717,438.4157314970475
2002,0.100098,150.441498,-757.929504,1.0,943.3194988776718,433.30013049704746
2003,0.116211,150.455963,-757.28833,1.0,987.3381758776718,438.6185204970475
2004,0.101562,150.469711,-756.685974,1.0,985.8790078776717,435.3940024970475
2005,0.109375,150.485901,-755.985718,1.0,978.3563638776717,433.8413604970475
2006,0.105957,150.502716,-755.263428,1.0,955.2997228776718,419.52831049704747
2007,0.101074,150.519592,-754.533203,1.0,953.9648238776717,418.1405544970475
2008,0.104492,150.537613,-753.731018,1.0,948.4378458776717,416.4140834970475
2009,0.112305,150.557083,-752.821655,1.0,993.0347698776718,402.88393249704745
2010,0.117676,150.577271,-751.809814,1.0,1047.649637877672,381.8739834970475
2011,0.106934,150.594696,-750.844482,1.0,1050.8522138776716,381.39809249704746
2012,0.107422,150.610794,-749.825989,1.0,1041.412699877672,373.0694784970475
2013,0.106445,150.624878,-748.766663,1.0,999.1766158776718,433.14165349704746
2014,0.110352,150.637009,-747.620544,1.0,1003.1161908776718,433.8918664970475
2015,0.101562,150.645615,-746.523926,1.0,1004.7787268776717,433.12026049704747
2016,0.107422,150.651672,-745.315857,1.0,1010.4853918776718,432.10869449704745
2017,0.118652,150.654175,-743.92157,1.0,967.5610758776718,427.30992649704746
2018,0.105469,150.652039,-742.642029,1.0,964.4008588776718,417.5787864970475
2019,0.104492,150.646347,-741.333862,1.0,950.9655558776717,278.5369774970475
2020,0.109863,150.637589,-739.945862,1.0,937.1467078776717,293.5386404970475
2021,0.104004,150.627655,-738.622009,1.0,921.7014568776717,309.85907549704746
2022,0.102051,150.617783,-737.330566,1.0,922.9985148776717,307.6218014970475
2023,0.118652,150.607529,-735.848328,1.0,921.3197428776717,309.45490049704745
2024,0.118164,150.599503,-734.382446,1.0,959.4447428776717,367.12541749704747
2025,0.116211,150.594025,-732.9552,1.0,1063.1435958776717,476.06404649704746
2026,0.113281,150.590729,-731.581299,1.0,1063.3400678776718,475.0250144970475
2027,0.11377,150.589157,-730.209717,1.0,1097.2608438776717,514.5558074970475
2028,0.110352,150.588898,-728.893494,1.0,1098.3469038776718,514.3313804970475
2029,0.100586,150.589172,-727.708374,1.0,1209.4810588776718,513.4686484970475
2030,0.107422,150.589706,-726.447144,1.0,1112.7450968776718,521.6122644970475
2031,0.100098,150.590286,-725.287048,1.0,1105.0451458776718,524.9423424970475
2032,0.103516,150.590897,-724.096252,1.0,1112.4092818776717,527.9536644970475
2033,0.109863,150.591476,-722.840393,1.0,1117.8982948776718,531.8044644970475
2034,0.103027,150.591995,-721.678589,1.0,1081.9314368776718,210.9655204970475
2035,0.117188,150.592545,-720.366577,1.0,1028.4918008776717,482.4838164970475
2036,0.114258,150.593048,-719.097656,1.0,1028.456522877672,483.3682764970475
2037,0.11377,150.593689,-717.85022,1.0,1009.1652628776718,462.7029934970475
2038,0.105469,150.595154,-716.699036,1.0,1058.6788128776716,463.3110564970475
2039,0.108398,150.598221,-715.531189,1.0,1142.1460978776718,454.8876554970475
2040,0.102051,150.602844,-714.440613,1.0,1146.7952678776717,443.76054949704746
2041,0.102539,150.60936,-713.355713,1.0,1155.4845988776717,441.9143584970475
2042,0.102051,150.617783,-712.283997,1.0,1158.3760778776718,438.9512844970475
2043,0.101562,150.62796,-711.226562,1.0,1148.1462198776717,436.7308254970475
2044,0.116211,150.641647,-710.02771,1.0,1140.3852338776717,436.4574484970475
2045,0.116211,150.657318,-708.837036,1.0,1085.5385538776718,449.9281524970475
2046,0.100098,150.672302,-707.825378,1.0,1087.9841718776718,447.9412134970475
2047,0.116211,150.691452,-706.659241,1.0,1095.0147498776716,452.50514749704746
2048,0.101074,150.709564,-705.656311,1.0,1093.9842328776717,453.3837184970475
2049,0.116699,150.73233,-704.505249,1.0,1429.5556438776719,204.66972949704748
2050,0.100098,150.753372,-703.527344,1.0,1397.1137488776717,561.7794094970475
2051,0.116211,150.779388,-702.403381,1.0,1391.0480758776719,555.2476104970475
2052,0.116699,150.807159,-701.288391,1.0,1423.9904578776718,538.1684474970475
2053,0.100098,150.832352,-700.339172,1.0,1419.9158728776717,535.9591574970475
2054,0.101074,150.859024,-699.386658,1.0,1416.5921428776717,529.7697044970475
2055,0.116699,150.891129,-698.303833,1.0,1384.1283978776717,525.8635764970475
2056,0.115723,150.92482,-697.234375,1.0,1378.7858678776718,525.3829864970475
2057,0.102051,150.95578,-696.304077,1.0,1376.1557418776717,526.0106714970475
2058,0.101562,150.987885,-695.385925,1.0,1376.3866988776717,526.9316614970475
2059,0.103027,151.022049,-694.459351,1.0,1373.2973428776718,527.1724754970475
2060,0.106445,151.058899,-693.515808,1.0,824.7626138776717,403.5085964970475
2061,0.104004,151.096802,-692.597778,1.0,823.4424848776717,411.67384949704746
2062,0.102051,151.135513,-691.707764,1.0,822.1113078776717,412.06944849704746
2063,0.117676,151.182159,-690.691589,1.0,1006.4214278776717,460.7941494970475
2064,0.11377,151.229172,-689.716431,1.0,1003.0886028776717,459.5981044970475
2065,0.109375,151.275299,-688.789551,1.0,1000.2431438776717,458.65624049704746
2066,0.10791,151.320877,-687.888184,1.0,998.0045568776718,450.89421649704747
2067,0.114258,151.366928,-686.980591,1.0,1352.8139448776717,188.57535349704747
2068,0.10791,151.408035,-686.168762,1.0,1351.6984658776717,187.75247749704747
2069,0.111328,151.448486,-685.363464,1.0,1166.4487098776717,355.9771934970475
2070,0.101074,151.483185,-684.668152,1.0,1090.099710877672,460.03099649704745
2071,0.106445,151.517899,-683.971191,1.0,1090.2109168776717,453.7217004970475
2072,0.109375,151.553543,-683.254456,1.0,1008.8448278776717,465.2396754970475
2073,0.100098,151.586334,-682.591797,1.0,978.5806068776717,469.1209314970475
2074,0.103516,151.619095,-681.924744,1.0,981.3243208776718,473.57365949704746
2075,0.105957,151.651428,-681.258667,1.0,978.0961098776718,471.7035124970475
2076,0.10791,151.68396,-680.581909,1.0,969.3033248776718,475.8864344970475
2077,0.117188,151.72052,-679.818848,1.0,970.1239418776718,476.70430549704747
2078,0.104004,151.754303,-679.113403,1.0,966.2891028776718,460.10182749704745
2079,0.108887,151.79068,-678.355713,1.0,961.1542768776718,451.55544049704747
2080,0.103027,151.826263,-677.617432,1.0,959.7642618776717,454.45055149704746
2081,0.102051,151.862549,-676.865479,1.0,957.5437418776718,452.06499249704746
2082,0.106445,151.901352,-676.062256,1.0,953.6586708776717,450.73839349704747
2083,0.10498,151.94043,-675.252502,1.0,884.6835738776717,412.8672084970475
2084,0.102539,151.979462,-674.443481,1.0,952.1161908776718,465.7884124970475
2085,0.100586,152.018448,-673.63385,1.0,951.9780068776718,464.34459449704747
2086,0.116211,152.064789,-672.671143,1.0,954.1011148776718,457.1015224970475
2087,0.116211,152.112,-671.691345,1.0,954.9019568776718,449.1342064970475
2088,0.101074,152.153992,-670.819946,1.0,994.6975508776718,448.3828334970475
2089,0.102051,152.197128,-669.924438,1.0,989.1725868776717,448.4684354970475
2090,0.110352,152.244766,-668.936523,1.0,989.4752608776718,446.9971214970475
2091,0.103516,152.290054,-667.996887,1.0,991.3229778776717,444.9021514970475
2092,0.102539,152.335724,-667.049988,1.0,993.7157388776717,447.02599149704747
2093,0.115234,152.387451,-665.976562,1.0,1001.1922408776718,448.9403894970475
2094,0.100098,152.432922,-665.032959,1.0,1010.0231118776718,449.0124114970475
2095,0.116211,152.486282,-663.925964,1.0,1009.3540448776718,455.30733249704747
2096,0.116211,152.540817,-662.794006,1.0,990.7441808776717,453.57555149704746
2097,0.101074,152.590134,-661.770752,1.0,991.2764078776718,402.0339564970475
2098,0.100586,152.641266,-660.710388,1.0,909.7095128776717,495.1185814970475
2099,0.116211,152.703094,-659.427856,1.0,962.2549848776717,489.1258754970475
2100,0.100098,152.758301,-658.282532,1.0,962.5065108776718,488.57915349704746
2101,0.116699,152.824448,-656.910095,1.0,960.9077558776718,493.06136149704747
2102,0.100586,152.881165,-655.733276,1.0,956.2608438776717,490.8195094970475
2103,0.116699,152.947418,-654.354614,1.0,957.7726848776717,489.57106549704747
2104,0.116699,153.013809,-652.963196,1.0,961.0520428776717,449.5908414970475
2105,0.116211,153.079361,-651.577881,1.0,959.9764808776717,447.1375634970475
2106,0.101074,153.135925,-650.370728,1.0,959.5154218776718,450.37602849704746
2107,0.100098,153.191605,-649.171875,1.0,957.3802288776717,447.94014549704747
2108,0.101074,153.246567,-647.97821,1.0,960.5482588776717,446.6606044970475
2109,0.116211,153.308777,-646.617126,1.0,977.7303258776717,341.70647249704746
2110,0.115723,153.369659,-645.274353,1.0,977.6789958776718,341.4854644970475
2111,0.100586,153.421524,-644.122009,1.0,918.0402628776718,312.78110349704747
2112,0.101562,153.473145,-642.967285,1.0,917.4058028776717,312.23818049704744
2113,0.10791,153.527283,-641.747498,1.0,901.7602948776718,328.48464049704745
2114,0.104004,153.578537,-640.583374,1.0,958.3881018776717,229.49477149704748
2115,0.101562,153.627731,-639.457092,1.0,955.1930948776718,454.9753324970475
2116,0.100098,153.675507,-638.355652,1.0,959.7121988776718,443.12987349704747
2117,0.100586,153.722626,-637.261414,1.0,960.2679848776718,443.6291714970475
2118,0.117188,153.776733,-635.992615,1.0,959.4518228776717,444.92769449704747
2119,0.116699,153.829544,-634.744751,1.0,958.9847208776717,455.02788349704747
2120,0.116211,153.881165,-633.514343,1.0,959.0067548776717,453.5235494970475
2121,0.115723,153.931732,-632.299255,1.0,960.5347088776717,447.5857444970475
2122,0.100098,153.974701,-631.259277,1.0,959.0199378776717,443.2718414970475
2123,0.101074,154.017395,-630.21814,1.0,957.9257608776718,442.9053244970475
2124,0.116699,154.065979,-629.02533,1.0,975.7963048776718,442.06361949704745
2125,0.116699,154.113678,-627.845154,1.0,980.1089888776718,442.98180149704746
2126,0.116699,154.160553,-626.676636,1.0,975.6274818776717,443.9716394970475
2127,0.100098,154.200043,-625.685547,1.0,975.2149458776718,445.5478414970475
2128,0.115234,154.244858,-624.552124,1.0,928.6686198776717,325.9503994970475
2129,0.102539,154.284103,-623.55249,1.0,930.3915198776717,327.8423974970475
2130,0.115723,154.327652,-622.435852,1.0,918.2277628776718,316.0787564970475
2131,0.115723,154.370514,-621.328064,1.0,917.5795698776717,313.05141249704747
2132,0.100586,154.407028,-620.378784,1.0,979.9560338776718,443.13219249704747
2133,0.100098,154.443024,-619.436707,1.0,981.1051428776717,442.87911049704746
2134,0.101562,154.478928,-618.492981,1.0,985.2311198776717,441.91148949704746
2135,0.115723,154.519363,-617.425049,1.0,984.3184608776718,436.68501849704745
2136,0.117188,154.559662,-616.357544,1.0,1053.5422768776716,449.3920494970475
2137,0.116211,154.59935,-615.30481,1.0,1102.7988078776718,454.58223549704746
2138,0.116699,154.638687,-614.261841,1.0,1102.9172158776717,450.47044949704747
2139,0.117188,154.677765,-613.226318,1.0,1105.6603798776719,452.4447534970475
2140,0.115723,154.716156,-612.210205,1.0,1052.2069498776718,415.40340249704747
2141,0.101074,154.74942,-611.330994,1.0,1049.6714278776717,411.2654934970475
2142,0.115723,154.787033,-610.335388,1.0,1049.8719888776718,411.9887904970475
2143,0.100098,154.819275,-609.482483,1.0,990.4679358776717,415.93706349704746
2144,0.101074,154.851486,-608.629578,1.0,934.2726238776718,417.9310814970475
2145,0.116211,154.887558,-607.674255,1.0,935.6666058776717,423.1909084970475
2146,0.102539,154.917633,-606.878052,1.0,937.4979658776717,423.04265349704747
2147,0.100098,154.945435,-606.13446,1.0,1032.8917638776718,425.70012449704745
2148,0.100098,154.971741,-605.419922,1.0,1034.6940108776716,427.4019984970475
2149,0.100098,154.996002,-604.740112,1.0,1034.7200118776718,422.56480949704746
2150,0.100586,155.018646,-604.078125,1.0,941.7914838776718,423.88365749704747
2151,0.115723,155.043747,-603.316345,1.0,905.6093548776718,421.8621734970475
2152,0.115234,155.068115,-602.556946,1.0,904.5049238776718,420.9703274970475
2153,0.100098,155.088303,-601.918274,1.0,902.5756628776718,421.4513454970475
2154,0.114746,155.110794,-601.201904,1.0,457.53479987767173,353.6310634970475
2155,0.100098,155.130402,-600.577637,1.0,464.95441687767175,347.1062224970475
2156,0.107422,155.150909,-599.920715,1.0,476.7095128776717,316.7969264970475
2157,0.111816,155.171539,-599.25354,1.0,479.98841387767175,311.13988249704744
2158,0.101074,155.189728,-598.657104,1.0,545.9101058776718,333.62337249704746
2159,0.119629,155.210571,-597.961365,1.0,543.4528298776718,333.21376649704746
2160,0.108887,155.228928,-597.338623,1.0,547.9124858776718,335.87206049704747
2161,0.105469,155.246048,-596.750488,1.0,769.0646768776718,368.9515284970475
2162,0.103516,155.262482,-596.179565,1.0,1032.6301678776717,399.71944249704745
2163,0.106445,155.279022,-595.599426,1.0,1033.4834388776717,398.4941004970475
2164,0.103027,155.294556,-595.04895,1.0,1030.7123818776718,394.90410449704746
2165,0.111816,155.310852,-594.462341,1.0,1030.4137978776716,390.46257549704745
2166,0.115723,155.327194,-593.861633,1.0,942.9711098776718,393.47560649704747
2167,0.110352,155.342102,-593.298889,1.0,861.1993208776718,394.08962049704746
2168,0.103027,155.355453,-592.782166,1.0,915.8459878776717,448.9287624970475
2169,0.100098,155.367935,-592.286316,1.0,976.3320718776718,509.1989344970475
2170,0.104492,155.380478,-591.777649,1.0,979.2543128776717,513.2229514970475
2171,0.102051,155.392426,-591.287903,1.0,981.4313758776717,511.22167049704746
2172,0.101074,155.403992,-590.808838,1.0,979.4118448776718,508.50917649704746
2173,0.10791,155.416016,-590.304932,1.0,979.7775068776717,508.1164454970475
2174,0.101562,155.427017,-589.839233,1.0,980.8432418776717,486.62669949704747
2175,0.102539,155.437805,-589.37677,1.0,975.8005168776717,457.3407804970475
2176,0.102051,155.44809,-588.92804,1.0,975.4841108776717,455.97011349704746
2177,0.102539,155.45784,-588.494934,1.0,974.9329628776718,454.0002044970475
2178,0.103027,155.466904,-588.086243,1.0,969.4531048776718,446.2397364970475
2179,0.101074,155.474976,-587.716125,1.0,968.6423138776718,445.1621304970475
2180,0.100098,155.481995,-587.389832,1.0,971.6620278776718,442.6947234970475
2181,0.116211,155.488693,-587.074341,1.0,968.4320478776717,421.18611749704746
2182,0.115234,155.493439,-586.850525,1.0,815.2819008776718,258.71315549704747
2183,0.105469,155.495956,-586.730774,1.0,914.2689618776717,322.4335844970475
2184,0.10791,155.496719,-586.694031,1.0,913.4603678776717,305.53320849704744
2185,0.102051,155.496613,-586.699829,1.0,911.1315108776718,308.0883084970475
2186,0.102051,155.496399,-586.711304,1.0,912.5535688776718,305.9666804970475
2187,0.101074,155.496277,-586.718018,1.0,910.7236738776718,304.8752044970475
2188,0.100098,155.496307,-586.717957,1.0,912.6415808776718,307.03474949704747
2189,0.116211,155.496399,-586.713501,1.0,1216.6561078776717,474.8085844970475
2190,0.101074,155.496429,-586.710266,1.0,1213.2590128776717,471.4810694970475
2191,0.115723,155.496414,-586.709717,1.0,1002.6344398776718,487.9915984970475
2192,0.100098,155.496399,-586.710938,1.0,555.4516088776718,546.5009364970474
2193,0.100098,155.496368,-586.712341,1.0,560.6124068776717,545.1166894970474
2194,0.100098,155.496368,-586.712769,1.0,604.5664468776718,546.0809534970474
2195,0.116699,155.496384,-586.71228,1.0,605.0514928776718,541.5278834970475
2196,0.116699,155.496399,-586.711548,1.0,629.8967688776718,482.6002404970475
2197,0.114746,155.496399,-586.711426,1.0,785.4324748776718,166.04366849704746
2198,0.102539,155.496399,-586.711548,1.0,785.4324748776718,166.04366849704746
2199,0.116211,155.496384,-586.71167,1.0,785.4324748776718,166.04366849704746
2200,0.115723,155.496384,-586.711731,1.0,785.4324748776718,166.04366849704746
2201,0.100586,155.496384,-586.71167,0.0,68.50205487767175,57.29787249704748
2202,0.115723,155.496384,-586.711609,1.0,1068.1569618776716,445.72920749704747
2203,0.117188,155.496384,-586.711609,1.0,1061.8584388776717,443.8816434970475
2204,0.111816,155.496384,-586.711609,1.0,1058.1910808776718,446.27602149704745
2205,0.10791,155.496384,-586.71167,1.0,1058.7718298776717,445.2542624970475
2206,0.112305,155.496384,-586.71167,1.0,1363.5918988776718,453.54421049704746
2207,0.11377,155.496384,-586.71167,1.0,1362.3678998776718,452.81944849704746
2208,0.106445,155.496384,-586.71167,1.0,1531.1253458776719,457.4296474970475
2209,0.104004,155.496384,-586.711609,1.0,1527.5080358776718,452.9435634970475
2210,0.107422,155.496384,-586.711548,1.0,1519.8012488776717,448.15932249704747
2211,0.10498,155.496384,-586.71167,1.0,760.4154458776718,470.42891449704746
2212,0.117188,155.496384,-586.71167,1.0,756.2022498776718,476.3667204970475
2213,0.102539,155.496384,-586.71167,1.0,751.3834028776718,481.23549449704745
2214,0.102051,155.496384,-586.71167,1.0,750.6210738776717,486.40608749704745
2215,0.104492,155.496384,-586.71167,1.0,751.1116738776717,485.1823634970475
2216,0.105957,155.496384,-586.71167,1.0,510.45276887767176,452.8533834970475
2217,0.101074,155.496384,-586.71167,1.0,513.4422408776718,444.9945274970475
2218,0.101562,155.496384,-586.71167,1.0,516.2652688776718,441.0407314970475
2219,0.102539,155.496384,-586.71167,1.0,463.83329287767174,429.67769449704747
2220,0.102051,155.496384,-586.711609,1.0,462.0380658776717,427.97157849704746
2221,0.115723,155.496384,-586.71167,1.0,465.8659468776718,423.90770549704746
2222,0.100098,155.496384,-586.711731,1.0,464.65204887767175,424.1412564970475
2223,0.100098,155.496384,-586.71167,1.0,468.12595587767174,425.2333584970475
2224,0.113281,155.496384,-586.71167,1.0,468.5220128776717,423.82106549704747
2225,0.114746,155.496384,-586.71167,1.0,470.74805687767173,424.7179164970475
2226,0.116699,155.496384,-586.71167,1.0,983.4799598776717,454.6782434970475
2227,0.116211,155.496384,-586.71167,1.0,985.8218178776717,457.0989584970475
2228,0.101074,155.496384,-586.71167,1.0,889.1296178776718,368.7301234970475
2229,0.115234,155.496384,-586.71167,1.0,1024.5989178776717,557.4526274970475
2230,0.114746,155.496384,-586.71167,1.0,1023.7168988776717,569.4087734970475
2231,0.100098,155.496384,-586.71167,1.0,1016.5379438776718,569.0054834970474
2232,0.114746,155.496384,-586.71167,1.0,1003.5347088776717,556.3825894970475
2233,0.114746,155.496384,-586.71167,1.0,1003.5523478776718,555.5882774970476
2234,0.112305,155.496384,-586.71167,1.0,1408.8115028776717,561.3930264970475
2235,0.112793,155.496384,-586.71167,1.0,1402.2507118776718,553.7154144970475
2236,0.11377,155.496384,-586.71167,1.0,1397.2117718776717,553.5842494970475
2237,0.100098,155.496384,-586.71167,1.0,1429.9656778776719,540.9702664970475
2238,0.102539,155.496384,-586.71167,1.0,1426.1323038776718,536.9857384970475
2239,0.114746,155.496384,-586.71167,1.0,1421.2559608776717,534.8694364970474
2240,0.116211,155.496384,-586.71167,1.0,1420.5088908776718,535.1195884970475
2241,0.101074,155.496384,-586.71167,1.0,1367.1354778776717,536.6327414970475
2242,0.115723,155.496384,-586.71167,1.0,1322.8497108776717,546.1170554970474
2243,0.101074,155.496384,-586.71167,1.0,1324.6769818776718,548.8842374970475
2244,0.100098,155.496384,-586.71167,1.0,1420.8522748776718,548.8410544970475
2245,0.115723,155.496384,-586.71167,1.0,1383.1403608776718,546.5928854970475
2246,0.100098,155.496384,-586.711609,1.0,1326.9404088776716,544.6139434970476
2247,0.100098,155.496384,-586.71167,1.0,1324.7835488776718,538.7575584970475
2248,0.100586,155.496384,-586.711731,1.0,1323.8591108776718,542.5152184970475
2249,0.100098,155.496384,-586.71167,1.0,1329.4073278776718,540.9656884970475
2250,0.117676,155.496384,-586.71167,1.0,1315.9076948776717,531.3881434970474
2251,0.114258,155.496384,-586.711731,1.0,988.6603798776717,537.3815214970475
2252,0.101074,155.496384,-586.71167,1.0,986.9158118776718,535.1533714970475
2253,0.100586,155.496368,-586.71167,1.0,986.8567908776718,532.6961574970475
2254,0.101074,155.496384,-586.71167,1.0,494.45072387767175,334.9356594970475
2255,0.115723,155.496384,-586.71167,1.0,497.17051187767174,329.8717864970475
2256,0.115234,155.496384,-586.71167,1.0,495.55777987767175,332.0384124970475
2257,0.101074,155.496384,-586.71167,1.0,540.0062048776717,331.4765224970475
2258,0.101562,155.496384,-586.71167,1.0,555.3219708776717,332.66988149704747
2259,0.114746,155.496384,-586.71167,1.0,556.4707438776718,331.9145414970475
2260,0.100098,155.496384,-586.71167,1.0,735.7847698776718,368.9279384970475
2261,0.115234,155.496384,-586.711609,1.0,958.9900308776718,503.9255274970475
2262,0.100098,155.496384,-586.711731,1.0,1000.8444618776717,528.6696374970475
2263,0.116699,155.496384,-586.71167,1.0,1000.7866008776717,533.4148764970475
2264,0.114746,155.496384,-586.71167,1.0,1001.5624798776718,532.9437464970474
2265,0.114746,155.496384,-586.71167,1.0,998.2759808776717,530.4932464970475
2266,0.100586,155.496384,-586.71167,1.0,965.7234298776717,285.6412414970475
2267,0.112793,155.496384,-586.71167,1.0,962.2936198776717,281.9313254970475
2268,0.111816,155.496384,-586.71167,1.0,962.0496618776717,283.2422994970475
2269,0.114258,155.496384,-586.71167,1.0,1329.9156288776717,218.2271174970475
2270,0.100098,155.496384,-586.71167,1.0,1317.5711468776717,209.93768849704747
2271,0.100098,155.496384,-586.71167,1.0,1316.4567668776717,207.71980849704747
2272,0.100098,155.496384,-586.71167,1.0,1314.8831588776718,209.32680349704748
2273,0.115723,155.496384,-586.71167,1.0,1313.9498088776718,205.19858349704748
2274,0.101074,155.496384,-586.71167,1.0,1308.0136518776717,204.34761649704748
2275,0.116699,155.496384,-586.71167,1.0,1160.8877968776717,330.4851894970475
2276,0.103027,155.496384,-586.71167,1.0,1001.5751748776718,524.8759974970475
2277,0.103027,155.496384,-586.71167,1.0,1000.9742838776717,533.8542384970475
2278,0.114746,155.496384,-586.71167,1.0,1000.9191688776717,536.1669214970475
2279,0.100098,155.496384,-586.711731,1.0,1002.2145178776717,539.5962124970474
2280,0.11377,155.496384,-586.71167,1.0,1001.0085858776717,540.4703274970475
2281,0.116211,155.496384,-586.71167,1.0,920.1396278776717,324.3193874970475
2282,0.100586,155.496384,-586.71167,1.0,919.6042888776717,325.65263949704746
2283,0.116211,155.496384,-586.71167,1.0,921.1291908776717,324.4901634970475
2284,0.116211,155.496384,-586.71167,1.0,925.5732218776717,318.70250549704747
2285,0.101562,155.496384,-586.71167,1.0,877.9896648776718,246.6487334970475
2286,0.114746,155.496384,-586.711609,1.0,748.0026648776718,155.12767549704748
2287,0.100586,155.496384,-586.71167,1.0,1007.1124068776718,536.5582784970475
2288,0.100586,155.496384,-586.71167,1.0,1006.7677408776717,533.4294034970475
2289,0.115234,155.496384,-586.71167,1.0,1006.3561808776717,532.7676904970474
2290,0.102539,155.496384,-586.71167,1.0,1004.4173378776718,532.0801904970474
2291,0.116211,155.496399,-586.71167,1.0,1002.8625288776717,525.6225184970474
2292,0.115723,155.496384,-586.71167,1.0,999.8268838776718,523.3082484970475
2293,0.116211,155.496384,-586.71167,1.0,1002.2919718776717,530.9130454970475
2294,0.100098,155.496384,-586.711609,1.0,1002.0520428776717,535.0094814970475
2295,0.101074,155.496414,-586.710205,1.0,1002.1564738776717,534.5866604970474
2296,0.113281,155.496506,-586.706177,1.0,999.4629308776717,544.0414334970475
2297,0.108887,155.496643,-586.699829,1.0,1002.4246618776717,541.8657134970474
2298,0.108887,155.496857,-586.690979,1.0,959.5510048776717,411.88374849704746
2299,0.114258,155.497162,-586.679321,1.0,943.4244178776718,319.9645904970475
2300,0.106445,155.497513,-586.666016,1.0,941.5043128776717,319.4042874970475
2301,0.115723,155.497971,-586.648865,1.0,942.0601598776717,318.9394434970475
2302,0.100586,155.498505,-586.630066,1.0,939.2056068776717,317.0918784970475
2303,0.116211,155.499405,-586.596375,1.0,934.8145548776718,318.09468649704746
2304,0.115234,155.501129,-586.534241,1.0,930.7418008776717,311.64412449704747
2305,0.101074,155.503815,-586.439392,1.0,930.6575728776718,312.58678249704747
2306,0.100098,155.507721,-586.303345,1.0,928.5496618776717,312.81471849704747
2307,0.115723,155.51384,-586.094666,1.0,925.2441808776717,314.7543544970475
2308,0.100586,155.520447,-585.869507,1.0,978.2242838776717,363.0279444970475
2309,0.111816,155.529312,-585.56781,1.0,1053.5698648776718,442.6778464970475
2310,0.110352,155.539597,-585.220947,1.0,1050.930887877672,442.34117649704746
2311,0.111328,155.551804,-584.818604,1.0,1391.8270058776718,417.2964684970475
2312,0.114746,155.566345,-584.350586,1.0,1437.7136028776717,407.4679464970475
2313,0.11377,155.583099,-583.83374,1.0,1437.7889198776718,406.3078214970475
2314,0.116211,155.602997,-583.252991,1.0,1444.2892858776718,400.3193874970475
2315,0.115723,155.626862,-582.618286,1.0,1440.4284468776718,394.6691494970475
2316,0.11084,155.656036,-581.958801,1.0,1443.5964148776718,390.87825549704746
2317,0.110352,155.695663,-581.254944,1.0,1445.8857218776718,387.3318384970475
2318,0.108887,155.751129,-580.510071,1.0,1448.7415568776717,380.34761649704745
2319,0.111328,155.830505,-579.711548,1.0,1452.7300818776719,379.2073874970475
2320,0.108398,155.932861,-578.920288,1.0,1452.9380898776717,376.2815454970475
2321,0.109863,156.059433,-578.154846,1.0,1451.3952428776718,373.1081144970475
2322,0.111328,156.213654,-577.417114,1.0,1447.5710248776718,375.19743949704747
2323,0.108398,156.397003,-576.710938,1.0,1437.9360148776718,377.0516564970475
2324,0.108887,156.617569,-576.014404,1.0,1429.2243448776717,378.20903549704747
2325,0.106934,156.864548,-575.367859,1.0,1363.9251508776717,336.20268849704746
2326,0.107422,157.149094,-574.744751,1.0,1307.4369918776717,292.7070064970475
2327,0.106934,157.470901,-574.14917,1.0,1363.2067668776717,330.9765224970475
2328,0.105957,157.823792,-573.596802,1.0,1431.7455848776717,371.1558434970475
2329,0.113281,158.237045,-573.057129,1.0,1417.7922158776717,367.2742514970475
2330,0.102051,158.643768,-572.617371,1.0,1434.4004928776717,364.4269614970475
2331,0.102539,159.08609,-572.223022,1.0,1467.0903118776719,367.9392294970475
2332,0.111816,159.599777,-571.856506,1.0,1433.4944868776718,374.4644984970475
2333,0.111816,160.13533,-571.561096,1.0,1519.0279338776718,379.9789334970475
2334,0.101562,160.640228,-571.349426,1.0,1471.7173868776717,391.9806424970475
2335,0.112305,161.208618,-571.175049,1.0,1413.0257368776718,405.4912624970475
2336,0.106934,161.750687,-571.059387,1.0,1359.0898238776717,409.6131194970475
2337,0.108398,162.301636,-570.977905,1.0,1290.1490278776716,413.8902184970475
2338,0.10498,162.834808,-570.921021,1.0,1247.4131878776718,423.62199949704745
2339,0.103516,163.35611,-570.877869,1.0,1201.6683148776717,431.0139674970475
2340,0.100586,163.859085,-570.842834,1.0,1176.4379678776718,436.48824149704745
2341,0.100098,164.353241,-570.81311,1.0,1155.4977828776719,439.2982994970475
2342,0.102051,164.849121,-570.788513,1.0,1135.7785438776718,437.34865349704745
2343,0.103516,165.346588,-570.771851,1.0,1163.5629678776718,434.25496449704747
2344,0.100098,165.820404,-570.767456,1.0,1154.9990028776717,425.94856849704746
2345,0.105469,166.313095,-570.77832,1.0,1138.7619428776718,419.9570214970475
2346,0.101074,166.776123,-570.805786,1.0,1130.1243688776717,419.9683434970475
2347,0.11084,167.272949,-570.85553,1.0,1110.7153118776719,414.88753349704746
2348,0.108398,167.750687,-570.923523,1.0,1098.5274458776717,417.15804049704747
2349,0.101562,168.186203,-571.002136,1.0,1072.9538978776718,418.6824854970475
2350,0.111328,168.655289,-571.103516,1.0,1032.6835738776717,420.1057334970475
2351,0.112305,169.117554,-571.217102,1.0,1003.8752848776718,407.40968849704745
2352,0.109375,169.557892,-571.333008,1.0,980.8463538776717,408.4577234970475
2353,0.11084,169.998001,-571.450806,1.0,955.6760048776717,402.9471334970475
2354,0.106934,170.417679,-571.562256,1.0,953.2606608776717,405.4450894970475
2355,0.111328,170.846725,-571.673889,1.0,1129.3558148776717,301.1803034970475
2356,0.110352,171.267853,-571.782776,1.0,1294.7349648776717,207.36163849704747
2357,0.108398,171.674881,-571.889771,1.0,1288.4051308776718,206.38086549704747
2358,0.112793,172.089142,-572.002075,1.0,1325.2032268776718,190.2842924970475
2359,0.11084,172.490784,-572.114319,1.0,1329.8266398776718,187.55121449704748
2360,0.110352,172.883362,-572.22583,1.0,905.0253698776718,404.9567474970475
2361,0.100098,173.232788,-572.326233,1.0,917.8949988776718,407.31789249704747
2362,0.109863,173.612045,-572.437195,1.0,914.6904708776717,406.58583649704747
2363,0.101562,173.955597,-572.539978,1.0,916.6191808776717,404.10259049704746
2364,0.109375,174.320679,-572.652588,1.0,914.0583898776717,407.6368004970475
2365,0.111816,174.685364,-572.77063,1.0,904.8091228776717,402.5059714970475
2366,0.109863,175.036942,-572.889771,1.0,941.5765178776718,343.6616114970475
2367,0.108398,175.377441,-573.008545,1.0,931.9330238776718,335.47380649704746
2368,0.111328,175.725983,-573.130737,1.0,914.7691448776718,327.3643704970475
2369,0.10498,176.06131,-573.246887,1.0,899.6714278776717,319.06438249704746
2370,0.105469,176.431351,-573.372559,1.0,894.0569868776718,318.8432524970475
2371,0.111816,176.869843,-573.519104,1.0,906.1827188776717,318.23323649704747
2372,0.111816,177.357468,-573.680786,1.0,904.9496868776718,314.29747549704746
2373,0.101074,177.841568,-573.840332,1.0,876.8171178776718,396.1094874970475
2374,0.100586,178.361588,-574.00946,1.0,858.5295208776718,422.6545614970475
2375,0.103516,178.939499,-574.193054,1.0,862.9110518776718,415.15538549704746
2376,0.105469,179.569733,-574.384583,1.0,866.9142248776717,418.8595184970475
2377,0.10791,180.263596,-574.579834,1.0,874.7693278776718,414.1985984970475
2378,0.107422,180.992249,-574.763794,1.0,882.5177408776717,422.1422934970475
2379,0.109375,181.746475,-574.929016,1.0,890.0551558776717,423.55553249704747
2380,0.109375,182.503998,-575.067627,1.0,908.5653478776718,424.4005334970475
2381,0.111328,183.286392,-575.184204,1.0,926.4393718776718,427.71196549704746
2382,0.111328,184.079712,-575.281006,1.0,940.0583288776718,428.2389434970475
2383,0.10791,184.84935,-575.364624,1.0,960.2955118776717,428.34288549704746
2384,0.10791,185.628723,-575.448364,1.0,967.3896888776718,426.4540914970475
2385,0.107422,186.418839,-575.538513,1.0,971.1548258776718,423.2652494970475
2386,0.107422,187.223511,-575.636719,1.0,963.4698888776718,414.2144064970475
2387,0.104492,188.010925,-575.736938,1.0,1005.7673748776717,363.82295749704747
2388,0.10791,188.833084,-575.842834,1.0,992.2233678776718,411.12035149704747
2389,0.108887,189.68425,-575.951172,1.0,991.6476238776718,412.44753049704747
2390,0.104492,190.51091,-576.053772,1.0,989.9730628776717,413.41670749704747
2391,0.106934,191.365768,-576.157898,1.0,988.6657508776717,406.3585714970475
2392,0.112305,192.2798,-576.268616,1.0,986.5649208776717,402.0180564970475
2393,0.111328,193.199356,-576.380188,1.0,986.6816808776717,401.91982049704745
2394,0.109863,194.120377,-576.493164,1.0,986.6463418776717,405.78786249704746
2395,0.106445,195.023758,-576.604431,1.0,985.6678258776717,407.4650174970475
2396,0.107422,195.94989,-576.717773,1.0,989.5649818776717,431.0938014970475
2397,0.108398,196.898376,-576.83252,1.0,999.4645178776717,465.4900724970475
2398,0.107422,197.847717,-576.945557,1.0,998.8672278776718,466.0925804970475
2399,0.107422,198.812897,-577.058777,1.0,979.1883338776718,333.27034549704746
2400,0.10791,199.795609,-577.172424,1.0,905.1929118776718,268.38771649704745
2401,0.108398,200.79628,-577.286987,1.0,920.2524208776717,313.3274134970475
2402,0.106934,201.796173,-577.400696,1.0,918.0739538776718,314.6927084970475
2403,0.108887,202.819046,-577.516052,1.0,915.4841108776717,309.5715084970475
2404,0.106445,203.838547,-577.629883,1.0,916.4277138776717,311.32687949704746
2405,0.108398,204.905731,-577.747803,1.0,914.7684728776718,310.6721854970475
2406,0.107422,206.009262,-577.868835,1.0,921.4466958776718,310.81305449704746
2407,0.110352,207.19278,-577.997742,1.0,918.4267378776717,307.46590249704747
2408,0.108398,208.405426,-578.129089,1.0,916.8727828776717,306.21413249704744
2409,0.108398,209.662918,-578.265381,1.0,918.1924238776718,310.3163204970475
2410,0.105469,210.911575,-578.401306,1.0,917.4179488776717,308.3330134970475
2411,0.111328,212.23349,-578.546021,1.0,917.2648108776717,309.2987574970475
2412,0.107422,213.514465,-578.687622,1.0,914.5618688776717,306.04140249704744
2413,0.111816,214.859543,-578.83783,1.0,913.8908488776717,306.7766474970475
2414,0.108398,216.163361,-578.98584,1.0,914.2565718776717,307.4640254970475
2415,0.109863,217.480179,-579.137939,1.0,914.4088538776717,311.7431394970475
2416,0.107422,218.760315,-579.289124,1.0,913.1767988776718,309.5941524970475
2417,0.114258,220.115128,-579.453247,1.0,979.7951458776718,387.0062774970475
2418,0.112793,221.445312,-579.619141,1.0,1036.7988688776718,455.42806049704745
2419,0.101562,222.639069,-579.7724,1.0,1032.5301308776718,454.8511564970475
2420,0.110352,223.930222,-579.943726,1.0,1031.2604168776718,453.2115074970475
2421,0.101562,225.110779,-580.106079,1.0,1028.2577918776717,446.7001554970475
2422,0.100586,226.27092,-580.271484,1.0,1275.8685098776718,325.1187034970475
2423,0.103027,227.457733,-580.447327,1.0,1301.9200238776718,300.75385049704744
2424,0.114746,228.77153,-580.650391,1.0,1299.3320108776718,302.43839049704746
2425,0.100586,229.920349,-580.835144,1.0,1071.0892738776718,305.5030424970475
2426,0.100586,231.059921,-581.024414,1.0,976.9769088776718,305.0970664970475
2427,0.113281,232.337021,-581.242432,1.0,923.1634318776718,313.28027949704745
2428,0.108398,233.550369,-581.454773,1.0,923.2410688776718,311.3820244970475
2429,0.11084,234.784668,-581.675415,1.0,919.1274818776717,312.8263604970475
2430,0.109375,236.000854,-581.897278,1.0,914.7966718776718,311.23882049704747
2431,0.109375,237.211594,-582.122498,1.0,915.0556438776717,310.5947014970475
2432,0.114746,238.470352,-582.361816,1.0,915.0116988776717,313.7248744970475
2433,0.100586,239.572205,-582.575378,1.0,931.2533978776718,334.01140349704747
2434,0.111816,240.788498,-582.815063,1.0,998.1441448776718,464.2754424970475
2435,0.112305,242.002777,-583.057007,1.0,995.7093298776717,464.31542049704746
2436,0.109863,243.192017,-583.295959,1.0,994.8358558776717,462.51775149704747
2437,0.100098,244.26416,-583.512756,1.0,1009.3284098776718,482.26338749704746
2438,0.104004,245.379089,-583.739258,1.0,1015.9532878776718,484.0868124970475
2439,0.101074,246.457352,-583.959656,1.0,979.1835128776718,433.83464649704746
2440,0.109863,247.624481,-584.199951,1.0,919.4783118776718,312.2494414970475
2441,0.113281,248.822372,-584.448547,1.0,919.8882238776717,317.9139304970475
2442,0.106934,249.952957,-584.685242,1.0,920.2712198776718,308.74487849704747
2443,0.109863,251.109116,-584.929138,1.0,917.3593548776718,312.8072714970475
2444,0.109375,252.258041,-585.17334,1.0,918.3756508776718,311.5143184970475
2445,0.110352,253.409683,-585.419861,1.0,916.4965008776718,313.0338194970475
2446,0.109863,254.553711,-585.666382,1.0,916.3498938776718,312.02095549704745
2447,0.112305,255.725494,-585.920593,1.0,915.7291668776718,310.9785974970475
2448,0.11084,256.875305,-586.171936,1.0,916.3227338776718,313.27113949704744
2449,0.109863,258.011139,-586.421814,1.0,916.4893598776717,313.3160304970475
2450,0.110352,259.157166,-586.675903,1.0,915.8229778776717,307.44161049704746
2451,0.111328,260.309906,-586.933105,1.0,915.4249678776717,309.4114744970475
2452,0.108398,261.433777,-587.185608,1.0,916.1056928776718,310.83540949704746
2453,0.109375,262.569397,-587.442566,1.0,916.5005898776717,309.4321344970475
2454,0.109375,263.706177,-587.701477,1.0,914.8316448776718,308.2019554970475
2455,0.109863,264.847473,-587.963135,1.0,913.4647008776717,307.7684994970475
2456,0.108398,265.97818,-588.224121,1.0,930.5566808776717,302.6854764970475
2457,0.109375,267.122864,-588.490051,1.0,932.8769328776717,304.1100364970475
2458,0.10791,268.259277,-588.755859,1.0,928.9847208776717,305.1862394970475
2459,0.108398,269.397278,-589.023804,1.0,819.6894328776717,219.17316249704749
2460,0.108887,270.544922,-589.295715,1.0,908.7866618776718,283.91000949704744
2461,0.10791,271.683899,-589.567322,1.0,937.3870038776718,308.6270964970475
2462,0.102539,272.771332,-589.828308,1.0,934.4975988776717,308.7738554970475
2463,0.10791,273.912354,-590.103821,1.0,932.3229778776717,314.08299849704747
2464,0.111816,275.104034,-590.393311,1.0,928.7610268776717,313.7141324970475
2465,0.112305,276.299622,-590.684692,1.0,929.4007978776717,312.72534749704744
2466,0.10791,277.452545,-590.965698,1.0,933.0373328776717,315.3181054970475
2467,0.109863,278.629974,-591.252563,1.0,931.8885908776717,316.06154449704746
2468,0.11377,279.852173,-591.549866,1.0,931.3596598776718,314.3908594970475
2469,0.109375,281.026123,-591.834839,1.0,928.6544598776718,312.7043814970475
2470,0.108398,282.192627,-592.117554,1.0,933.2681678776718,317.23601349704745
2471,0.106934,283.349884,-592.397339,1.0,928.6225378776718,314.9341024970475
2472,0.109375,284.532654,-592.682495,1.0,950.6006268776717,483.87938449704745
2473,0.106445,285.686005,-592.959778,1.0,951.8774818776717,483.3184414970475
2474,0.108398,286.862152,-593.241699,1.0,961.7493688776717,479.57243949704747
2475,0.108398,288.041168,-593.523315,1.0,967.2750648776718,476.3290304970475
2476,0.112305,289.264496,-593.814514,1.0,966.9736738776718,473.94667649704746
2477,0.111816,290.484009,-594.103882,1.0,965.7541298776717,476.67839649704746
2478,0.108887,291.670868,-594.384949,1.0,962.5644938776718,471.7809354970475
2479,0.110352,292.875977,-594.669861,1.0,962.7486368776717,472.1815394970475
2480,0.112305,294.108795,-594.961121,1.0,966.7376508776717,475.7570094970475
2481,0.110352,295.317627,-595.246521,1.0,975.1710608776717,468.7776084970475
2482,0.111328,296.538269,-595.53479,1.0,974.9067178776718,468.57796249704745
2483,0.109375,297.741364,-595.818909,1.0,973.5141398776717,469.2489834970475
2484,0.102539,298.871765,-596.085938,1.0,970.2504678776718,463.7965904970475
2485,0.108887,300.070099,-596.368958,1.0,969.4322918776718,462.2910674970475
2486,0.11084,301.292511,-596.657654,1.0,970.0058388776717,459.87328149704746
2487,0.109375,302.497559,-596.942322,1.0,964.9344888776717,458.4587304970475
2488,0.111328,303.727875,-597.232849,1.0,966.9711708776717,461.8039454970475
2489,0.111328,304.961761,-597.524231,1.0,965.0087078776718,459.68895549704746
2490,0.109375,306.176331,-597.811096,1.0,911.0582068776718,291.3736934970475
2491,0.110352,307.39856,-598.099731,1.0,910.4182538776718,289.2963164970475
2492,0.11084,308.627441,-598.389954,1.0,906.8284098776718,281.9001064970475
2493,0.111328,309.865173,-598.682251,1.0,917.4376628776718,299.4423884970475
2494,0.112305,311.118439,-598.978271,1.0,916.2053018776718,301.3578704970475
2495,0.112793,312.376648,-599.275391,1.0,916.1735638776718,302.8598994970475
2496,0.101074,313.501862,-599.541199,1.0,914.7617598776718,301.3332114970475
2497,0.100098,314.625977,-599.806702,1.0,492.44043987767174,335.2593894970475
2498,0.110352,315.862213,-600.098633,1.0,505.76642887767173,332.2828574970475
2499,0.110352,317.10675,-600.392578,1.0,544.5322978776717,339.8663534970475
2500,0.112305,318.38559,-600.694641,1.0,549.9586898776718,343.25899349704747
2501,0.10791,319.623505,-600.987061,1.0,717.1756998776717,328.7951864970475
2502,0.11084,320.906586,-601.290039,1.0,997.9190468776718,300.7171224970475
2503,0.113281,322.225708,-601.601562,1.0,939.4266158776718,304.2242484970475
2504,0.11084,323.522064,-601.907715,1.0,940.0115758776717,304.9123744970475
2505,0.110352,324.830353,-602.216736,1.0,934.2753088776717,306.3998924970475
2506,0.112305,326.160309,-602.530701,1.0,930.3580118776717,303.97560649704747
2507,0.106934,327.440979,-602.833191,1.0,925.8868208776718,306.3434354970475
2508,0.110352,328.768768,-603.14679,1.0,962.3655188776718,459.4796964970475
2509,0.107422,330.063354,-603.452515,1.0,976.9308878776718,482.56731249704745
2510,0.110352,331.40509,-603.769409,1.0,1019.7551068776718,497.59993549704745
2511,0.107422,332.718048,-604.079407,1.0,1046.2575478776716,510.8996794970475
2512,0.109375,334.059387,-604.39624,1.0,968.9389448776717,490.4327294970475
2513,0.106445,335.365936,-604.704834,1.0,943.0200598776718,480.1326194970475
2514,0.108887,336.71759,-605.023987,1.0,584.0442908776718,120.60767149704748
2515,0.107422,338.05365,-605.339539,1.0,900.4583538776717,468.9491484970475
2516,0.108887,339.411957,-605.660339,1.0,898.9872228776718,465.2821254970475
2517,0.106934,340.755859,-605.977722,1.0,897.8732708776718,463.99098749704746
2518,0.109375,342.136536,-606.303772,1.0,893.9814858776717,465.18218049704745
2519,0.105469,343.471588,-606.619141,1.0,892.7336218776718,466.6633514970475
2520,0.10498,344.802734,-606.933472,1.0,952.1219278776717,464.20396949704747
2521,0.108398,346.188202,-607.26062,1.0,951.2107948776718,461.9422814970475
2522,0.10498,347.529877,-607.577087,1.0,951.0969038776717,463.21556649704746
2523,0.10498,348.881989,-607.895813,1.0,945.8390908776718,460.90563049704747
2524,0.107422,350.270325,-608.222595,1.0,947.6923018776718,455.7298484970475
2525,0.106445,351.648163,-608.54657,1.0,947.5654088776718,452.2238364970475
2526,0.109863,353.076569,-608.88208,1.0,945.2524208776717,453.7094934970475
2527,0.110352,354.518188,-609.219299,1.0,949.2705488776718,451.7646084970475
2528,0.108398,355.932617,-609.547913,1.0,950.2006018776717,454.63994449704745
2529,0.10791,357.348724,-609.874023,1.0,952.9246008776718,457.6560264970475
2530,0.109863,358.797729,-610.204041,1.0,954.2892248776717,457.77925649704747
2531,0.103027,360.158875,-610.510681,1.0,956.0808508776718,457.87782849704746
2532,0.105957,361.562531,-610.823425,1.0,957.9685468776718,458.2220364970475
2533,0.106445,362.978668,-611.13562,1.0,957.6080728776717,456.5341394970475
2534,0.10498,364.375275,-611.44043,1.0,963.0091958776718,454.51357049704745
2535,0.104004,365.752319,-611.737976,1.0,958.8618568776717,457.3784694970475
2536,0.106445,367.148529,-612.036682,1.0,935.3141278776718,419.4371244970475
2537,0.105469,368.523102,-612.327698,1.0,960.6126508776717,460.3444114970475
2538,0.104492,369.87326,-612.610779,1.0,960.3458658776717,454.9410304970475
2539,0.105469,371.222656,-612.891235,1.0,959.5837198776718,455.85320049704745
2540,0.105469,372.560913,-613.167297,1.0,956.5206708776717,452.45165049704747
2541,0.104492,373.872345,-613.436157,1.0,954.9261268776718,450.13289449704746
2542,0.10498,375.181946,-613.703247,1.0,957.2543738776718,454.3069664970475
2543,0.10498,376.482056,-613.967163,1.0,962.8035688776718,456.2108664970475
2544,0.103516,377.74765,-614.222656,1.0,957.8628948776718,453.9177764970475
2545,0.10498,379.026093,-614.479492,1.0,956.9764808776717,457.6856284970475
2546,0.107422,380.318359,-614.73761,1.0,956.8864538776718,456.6355804970475
2547,0.105957,381.58136,-614.988342,1.0,958.7197668776718,457.23232049704745
2548,0.109863,382.881805,-615.245117,1.0,960.6476848776717,455.9663604970475
2549,0.106445,384.127747,-615.489563,1.0,963.1141158776718,449.9964504970475
2550,0.105469,385.354828,-615.729004,1.0,962.9114178776717,449.0335294970475
2551,0.107422,386.594574,-615.969482,1.0,963.4345498776718,451.33437149704747
2552,0.104004,387.779053,-616.19812,1.0,959.2288618776718,449.8401694970475
2553,0.105469,388.977966,-616.428284,1.0,958.3602698776717,450.28795449704745
2554,0.107422,390.181244,-616.657898,1.0,959.8735148776717,458.4316924970475
2555,0.110352,391.408722,-616.89093,1.0,955.8877358776717,458.3068444970475
2556,0.109863,392.618683,-617.119202,1.0,960.5195718776718,455.8646444970475
2557,0.106445,393.780487,-617.337097,1.0,961.7682898776718,453.5379844970475
2558,0.106445,394.93512,-617.55249,1.0,960.8033858776718,453.61314949704746
2559,0.10498,396.061768,-617.761597,1.0,963.4207558776718,453.96007349704746
2560,0.105957,397.186798,-617.969055,1.0,962.5749918776718,458.2334804970475
2561,0.105957,398.30545,-618.174255,1.0,931.8343908776718,488.07384249704745
2562,0.104004,399.389587,-618.371643,1.0,931.6255898776717,491.59453349704745
2563,0.10498,400.476868,-618.56842,1.0,932.2538858776718,486.6090904970475
2564,0.10791,401.578979,-618.766235,1.0,961.0057778776718,444.9761864970475
2565,0.105957,402.654846,-618.957825,1.0,959.1816808776717,444.0625204970475
2566,0.10791,403.736206,-619.148865,1.0,956.0998938776718,442.8274744970475
2567,0.104492,404.767517,-619.329102,1.0,953.9800208776718,445.3445644970475
2568,0.103516,405.778198,-619.503845,1.0,954.6874188776718,441.4746914970475
2569,0.104492,406.779144,-619.674866,1.0,955.3750408776717,444.2616174970475
2570,0.107422,407.792908,-619.846069,1.0,952.8838298776717,445.74706049704747
2571,0.105957,408.773712,-620.009827,1.0,794.3313398776718,331.47569849704746
2572,0.109375,409.761261,-620.172546,1.0,789.9377848776718,237.33922349704747
2573,0.105957,410.702667,-620.325623,1.0,924.1171058776717,293.68539949704746
2574,0.111328,411.676392,-620.481628,1.0,921.5812788776717,291.29208949704747
2575,0.110352,412.630096,-620.63208,1.0,914.1144818776718,312.0974944970475
2576,0.108398,413.561768,-620.777039,1.0,912.6324258776717,306.7125604970475
2577,0.11084,414.505127,-620.922058,1.0,955.1304118776718,448.0428674970475
2578,0.10498,415.39035,-621.056946,1.0,958.2847698776718,445.0775354970475
2579,0.106445,416.279449,-621.191223,1.0,955.0253698776718,445.0014244970475
2580,0.11084,417.178589,-621.325989,1.0,955.1246748776717,450.0575774970475
2581,0.106934,418.001465,-621.448486,1.0,954.0809728776718,447.5475064970475
2582,0.106934,418.787689,-621.564697,1.0,952.9861858776718,450.6190394970475
2583,0.104492,419.523621,-621.672485,1.0,951.8812048776717,453.0645354970475
2584,0.109863,420.257172,-621.779236,1.0,948.7445478776717,450.4449364970475
2585,0.109863,420.968353,-621.881897,1.0,947.7110998776717,452.7057394970475
2586,0.109863,421.687469,-621.984497,1.0,946.5315348776718,456.76192249704746
2587,0.104492,422.366699,-622.079956,1.0,946.5013838776717,457.91756249704747
2588,0.106445,423.039215,-622.172668,1.0,942.5055948776718,452.6480314970475
2589,0.10791,423.705292,-622.262756,1.0,943.7256268776717,455.8480124970475
2590,0.106445,424.362152,-622.34967,1.0,950.0317788776717,450.7933254970475
2591,0.107422,425.010834,-622.433716,1.0,961.2013958776718,448.0093284970475
2592,0.105957,425.635315,-622.513123,1.0,960.5082808776717,448.5257774970475
2593,0.107422,426.261047,-622.59137,1.0,959.9167888776717,451.4352014970475
2594,0.109375,426.89386,-622.669189,1.0,956.7968548776718,450.4306544970475
2595,0.111328,427.526733,-622.745789,1.0,912.8915808776718,333.8909204970475
2596,0.105469,428.127716,-622.8172,1.0,914.9967448776717,329.2787994970475
2597,0.109863,428.76767,-622.891724,1.0,918.8477578776717,321.7688504970475
2598,0.106445,429.398773,-622.963928,1.0,948.5662638776718,441.36974149704747
2599,0.111816,430.067474,-623.038574,1.0,947.2694498776717,438.3025724970475
2600,0.108887,430.72345,-623.110107,1.0,946.4193518776717,445.1568814970475
2601,0.110352,431.39978,-623.181641,1.0,945.4692788776717,447.11015849704745
2602,0.106445,432.058044,-623.248901,1.0,945.2501018776718,440.66490749704747
2603,0.108887,432.734283,-623.315674,1.0,945.6355998776718,441.9396574970475
2604,0.105957,433.394501,-623.378662,1.0,946.1721598776718,442.5530914970475
2605,0.109863,434.079712,-623.44165,1.0,946.7138468776717,442.69109149704747
2606,0.105469,434.738525,-623.500244,1.0,946.7935588776718,445.03020249704747
2607,0.107422,435.409668,-623.557678,1.0,928.3511758776717,438.0574554970475
2608,0.108398,436.085968,-623.613403,1.0,928.5871988776718,439.3246664970475
2609,0.110352,436.774658,-623.667786,1.0,927.7878828776718,436.42986149704745
2610,0.107422,437.445343,-623.718445,1.0,892.9820348776717,404.8990994970475
2611,0.110352,438.126007,-623.767944,1.0,922.3539228776717,441.7354334970475
2612,0.105957,438.778839,-623.813538,1.0,963.8665568776718,440.65151049704747
2613,0.107422,439.433624,-623.85791,1.0,962.0396528776718,443.12611949704745
2614,0.108398,440.085175,-623.900757,1.0,967.6113078776717,440.66405249704746
2615,0.106445,440.724304,-623.941467,1.0,951.6312658776718,432.9294944970475
2616,0.10791,441.361847,-623.980713,1.0,951.1609298776717,430.6660974970475
2617,0.10498,441.979248,-624.017334,1.0,950.9742838776717,431.9577234970475
2618,0.106934,442.600739,-624.052917,1.0,954.4977218776718,433.14284349704747
2619,0.106934,443.215149,-624.086792,1.0,953.2939858776717,433.1064664970475
2620,0.112793,443.854889,-624.120544,1.0,975.8458048776718,432.01637849704747
2621,0.111328,444.478149,-624.152222,1.0,974.4381508776718,430.9730124970475
2622,0.108398,445.075836,-624.181641,1.0,973.6052648776717,430.76372349704747
2623,0.11377,445.68988,-624.21106,1.0,971.5994058776718,432.1678984970475
2624,0.10791,446.263275,-624.237854,1.0,972.9602458776718,435.0732634970475
2625,0.111816,446.849701,-624.264587,1.0,972.8769328776717,429.52687649704745
2626,0.106445,447.399078,-624.289062,1.0,972.4531048776718,433.5103354970475
2627,0.110352,447.961029,-624.313416,1.0,973.5124308776717,431.51338749704746
2628,0.107422,448.499451,-624.336121,1.0,1010.7529088776718,433.45226049704746
2629,0.10791,449.029236,-624.358032,1.0,1010.1846718776718,430.87019949704745
2630,0.104004,449.534607,-624.378662,1.0,1011.8058268776717,431.3308314970475
2631,0.105957,450.040833,-624.39917,1.0,1013.3260908776717,422.7623804970475
2632,0.108887,450.552887,-624.419556,1.0,1013.3672888776717,418.7709864970475
2633,0.10791,451.054413,-624.439392,1.0,962.2136028776717,417.37233549704746
2634,0.108398,451.546967,-624.458557,1.0,961.4250288776717,417.8694364970475
2635,0.105957,452.024139,-624.476807,1.0,964.2350258776718,419.81456549704745
2636,0.112305,452.519257,-624.495422,1.0,965.0799968776718,417.72286049704746
2637,0.108398,452.991516,-624.513123,1.0,987.3164468776718,419.18285149704747
2638,0.108398,453.455658,-624.530457,1.0,988.3152868776717,420.10841949704746
2639,0.108398,453.912628,-624.547668,1.0,990.1966348776717,420.2814544970475
2640,0.106934,454.358032,-624.564636,1.0,988.3981118776718,417.0572104970475
2641,0.108398,454.801147,-624.581726,1.0,992.4903358776718,422.5159814970475
2642,0.108887,455.234985,-624.598511,1.0,992.5002848776718,424.26448649704747
2643,0.105469,455.629913,-624.614014,1.0,988.1678878776718,426.92409349704747
2644,0.10791,455.998749,-624.628357,1.0,986.0972088776717,426.2533774970475
2645,0.105469,456.324921,-624.641052,1.0,985.9109298776717,425.6849874970475
2646,0.10791,456.620758,-624.652649,1.0,988.8793738776718,424.3216154970475
2647,0.106934,456.875854,-624.662598,1.0,987.8332318776718,421.8476464970475
2648,0.114258,457.10672,-624.671631,1.0,988.0357458776717,418.9941004970475
2649,0.116211,457.293976,-624.678894,1.0,986.4745278776718,415.94188449704745
2650,0.107422,457.432678,-624.684326,1.0,983.2342938776718,414.6072594970475
2651,0.106934,457.564117,-624.689453,1.0,970.4535928776718,400.71040949704746
2652,0.105957,457.695404,-624.694519,1.0,1030.4086708776717,464.22594249704747
2653,0.106445,457.830902,-624.699707,1.0,1107.9407758776717,526.6046044970475
2654,0.108398,457.970856,-624.705322,1.0,1104.3808388776717,528.7328394970475
2655,0.105469,458.107941,-624.710876,1.0,1055.3995768776717,472.40376849704745
2656,0.106445,458.246429,-624.716431,1.0,996.7203168776717,413.0092984970475
2657,0.105469,458.383728,-624.721802,1.0,994.2131148776717,412.3904934970475
2658,0.104492,458.520813,-624.727234,1.0,994.5865888776717,413.2744044970475
2659,0.108398,458.66394,-624.732849,1.0,980.2408248776718,410.99861749704746
2660,0.106934,458.806519,-624.738403,1.0,956.5094398776718,395.6975004970475
2661,0.106934,458.949738,-624.743958,1.0,955.8044228776718,398.7468774970475
2662,0.105957,459.092682,-624.749451,1.0,807.5129798776718,285.59454949704747
2663,0.104492,459.234467,-624.754883,1.0,895.7385658776717,338.08937649704745
2664,0.111816,459.386749,-624.760864,1.0,948.7603558776717,371.2726344970475
2665,0.107422,459.533936,-624.766724,1.0,950.3107708776718,369.50591049704747
2666,0.110352,459.686493,-624.772827,1.0,945.9510298776718,368.5335294970475
2667,0.108887,459.837433,-624.778687,1.0,943.1987098776717,367.78706949704747
2668,0.108398,459.989227,-624.784363,1.0,945.8838298776717,366.6611844970475
2669,0.106445,460.139618,-624.789856,1.0,945.8897498776718,364.8967794970475
2670,0.100098,460.282715,-624.795044,1.0,943.3816328776718,366.5736294970475
2671,0.112305,460.446289,-624.800903,1.0,944.2324018776718,363.7387294970475
2672,0.111816,460.613403,-624.807007,1.0,941.6932778776718,365.4392604970475
2673,0.107422,460.778412,-624.812927,1.0,940.8476968776718,362.5768944970475
2674,0.109375,460.949707,-624.81897,1.0,927.6771648776718,373.0045984970475
2675,0.105957,461.117188,-624.824829,1.0,926.6022138776717,370.8574424970475
2676,0.107422,461.288177,-624.830688,1.0,926.7251998776718,369.94212949704746
2677,0.111816,461.46756,-624.836548,1.0,925.8718058776717,369.3097134970475
2678,0.108887,461.6427,-624.842163,1.0,929.8734538776717,372.70656349704745
2679,0.108398,461.817261,-624.847839,1.0,922.2219648776718,361.7820644970475
2680,0.110352,461.995789,-624.853271,1.0,930.2247108776718,375.3453274970475
2681,0.105957,462.167816,-624.858521,1.0,929.6469518776718,375.6501064970475
2682,0.107422,462.342102,-624.863403,1.0,922.8318888776718,371.1294154970475
2683,0.105469,462.51416,-624.868225,1.0,1034.4483438776717,12.045377497047475
2684,0.103516,462.684235,-624.87262,1.0,1034.4483438776717,12.045377497047475
2685,0.108398,462.861908,-624.877197,1.0,1034.4483438776717,12.045377497047475
2686,0.106445,463.036896,-624.881531,1.0,1034.4483438776717,12.045377497047475
2687,0.109375,463.199799,-624.885437,1.0,1034.4483438776717,12.045377497047475
2688,0.111328,463.292938,-624.887634,0.0,68.50205487767175,57.29787249704748
2689,0.109375,463.308655,-624.887878,1.0,959.1725868776717,324.7149254970475
2690,0.105469,463.300201,-624.887695,1.0,984.4225258776718,-77.24372250295252
2691,0.109863,463.287506,-624.887634,1.0,984.4225258776718,-77.24372250295252
2692,0.105957,463.281769,-624.887634,1.0,984.4225258776718,-77.24372250295252
2693,0.105469,463.283569,-624.887817,1.0,984.4225258776718,-77.24372250295252
2694,0.106934,463.288116,-624.887817,1.0,984.4225258776718,-77.24372250295252
2695,0.106445,463.291046,-624.887756,0.0,68.50205487767175,57.29787249704748
2696,0.108398,463.291046,-624.887756,0.0,68.50205487767175,57.29787249704748
2697,0.107422,463.289429,-624.887695,0.0,68.50205487767175,57.29787249704748
2698,0.109375,463.288208,-624.887695,0.0,68.50205487767175,57.29787249704748
2699,0.105469,463.288086,-624.887695,1.0,995.4172158776718,446.2958584970475
2700,0.105469,463.288727,-624.887817,1.0,978.2087808776718,424.67342149704746
2701,0.10791,463.289276,-624.887756,1.0,985.6625158776718,429.7931114970475
2702,0.10498,463.289398,-624.887756,1.0,990.5765788776717,427.3449914970475
2703,0.125,463.289185,-624.887756,1.0,997.6233928776718,435.5347804970475
2704,0.100586,463.288879,-624.887756,1.0,997.2821448776717,442.5252584970475
2705,0.106934,463.288879,-624.887817,1.0,997.7991738776717,445.70198649704747
2706,0.108398,463.288879,-624.887756,1.0,1380.5523478776718,475.6573084970475
2707,0.112305,463.28894,-624.887756,1.0,1456.9144088776718,461.01088549704747
2708,0.102051,463.288971,-624.887756,1.0,1454.8050338776718,461.3569854970475
2709,0.103027,463.288971,-624.887756,1.0,1449.7319128776717,455.35945649704746
2710,0.102539,463.28894,-624.887756,1.0,1511.0108438776717,455.56224649704745
2711,0.101562,463.28891,-624.887756,1.0,1530.8398238776717,461.7245384970475
2712,0.101562,463.28891,-624.887756,1.0,1534.8003948776718,459.7934774970475
2713,0.105469,463.28894,-624.887756,1.0,1525.2997838776716,457.3962304970475
2714,0.109375,463.28894,-624.887756,1.0,1403.8023478776718,454.9442954970475
2715,0.111328,463.28894,-624.887756,1.0,629.0109658776718,461.5710964970475
2716,0.106445,463.28894,-624.887756,1.0,627.9378458776717,460.2084254970475
2717,0.116211,463.288971,-624.887756,1.0,493.24036687767176,460.3948574970475
2718,0.101562,463.28894,-624.887695,1.0,436.3996068776718,451.2594814970475
2719,0.101562,463.28894,-624.887756,1.0,434.78724187767176,453.85472649704747
2720,0.104004,463.28894,-624.887756,1.0,331.78586787767176,453.10704649704746
2721,0.113281,463.28894,-624.887756,1.0,310.94155387767177,439.2823394970475
2722,0.100098,463.28891,-624.887756,1.0,316.39348887767176,430.0121664970475
2723,0.100586,463.28894,-624.887756,1.0,647.7913618776718,390.6463224970475
2724,0.101562,463.288971,-624.887817,1.0,640.4993078776718,382.3597314970475
2725,0.100098,463.28894,-624.887756,1.0,651.8060708776718,382.1596274970475
2726,0.111816,463.289978,-624.887756,1.0,654.1482338776717,377.8926604970475
2727,0.113281,463.293549,-624.887756,1.0,652.6945598776717,380.4080714970475
2728,0.105957,463.299286,-624.888,1.0,881.0361738776718,318.00505649704746
2729,0.104492,463.307251,-624.888306,1.0,933.2732338776717,301.8149164970475
2730,0.106445,463.317627,-624.888611,1.0,931.1124068776718,304.48560149704747
2731,0.10498,463.329926,-624.888916,1.0,1400.8827918776717,181.61647649704747
2732,0.109375,463.344971,-624.889343,1.0,1329.5035198776718,225.5869194970475
2733,0.107422,463.362,-624.890015,1.0,1109.4076948776717,387.6123564970475
2734,0.107422,463.382416,-624.890625,1.0,1025.3596598776717,449.8020534970475
2735,0.10791,463.411438,-624.891663,1.0,1023.4242348776718,449.1500454970475
2736,0.10791,463.46109,-624.893433,1.0,1021.6617228776718,450.35680149704746
2737,0.108398,463.549469,-624.896545,1.0,936.8792518776718,461.1472684970475
2738,0.112305,463.690857,-624.901367,1.0,935.0455728776717,463.51296049704746
2739,0.10791,463.874817,-624.907593,1.0,1094.0116988776717,425.8887534970475
2740,0.10498,464.100342,-624.914978,1.0,1139.4523718776718,410.21651249704746
2741,0.11084,464.384521,-624.92395,1.0,1138.2980758776719,405.62157249704745
2742,0.101074,464.689148,-624.933228,1.0,1138.2673138776718,404.3528044970475
2743,0.114258,465.081787,-624.945007,1.0,1239.9662878776717,409.78810649704747
2744,0.105957,465.494934,-624.957031,1.0,1341.9461468776717,410.9752104970475
2745,0.108398,465.963379,-624.970215,1.0,1347.9230758776719,407.9238794970475
2746,0.105469,466.465912,-624.983948,1.0,1354.6700238776718,400.2443444970475
2747,0.108398,467.027893,-624.998657,1.0,1362.0873818776718,398.24965449704746
2748,0.108398,467.637939,-625.013916,1.0,1367.9472448776717,391.20570949704745
2749,0.108398,468.298309,-625.029785,1.0,1376.0158488776717,392.1200774970475
2750,0.10498,468.961945,-625.046021,1.0,1383.1712438776717,389.92848749704746
2751,0.106934,469.612915,-625.063782,1.0,1391.1412148776717,384.59255049704745
2752,0.107422,470.228912,-625.084839,1.0,1394.9421178776718,378.88545749704747
2753,0.107422,470.843903,-625.113647,1.0,1546.1274208776717,382.2047024970475
2754,0.10791,471.463013,-625.153931,1.0,1553.7081098776719,381.9157314970475
2755,0.108887,472.065521,-625.208801,1.0,1555.3270058776718,371.98238149704747
2756,0.11084,472.660339,-625.284668,1.0,1557.4566448776718,367.37120649704747
2757,0.109375,473.243195,-625.385925,1.0,1551.4751998776717,364.9353234970475
2758,0.109863,473.811371,-625.516296,1.0,1532.6988318776719,356.9724024970475
2759,0.111328,474.360077,-625.678589,1.0,1528.3013708776718,352.53038549704746
2760,0.11084,474.884155,-625.874695,1.0,1522.3668008776717,353.60902949704746
2761,0.109375,475.376373,-626.102661,1.0,1508.7029828776717,356.1621304970475
2762,0.104004,475.817047,-626.350037,1.0,1499.5113318776719,353.08971249704746
2763,0.11377,476.268158,-626.65332,1.0,1535.8252968776717,359.2324124970475
2764,0.110352,476.670166,-626.974365,1.0,1565.4390668776718,358.7806914970475
2765,0.103027,477.016724,-627.294495,1.0,1559.1678258776717,363.21126349704747
2766,0.103516,477.338928,-627.632385,1.0,1536.0909218776717,368.71358249704747
2767,0.103027,477.636322,-627.983093,1.0,1564.2033488776717,366.02882949704747
2768,0.10498,477.913391,-628.348206,1.0,1544.5816448776718,368.45406149704746
2769,0.106445,478.172058,-628.728638,1.0,1499.7844038776718,374.2238674970475
2770,0.105957,478.406219,-629.113037,1.0,1466.8053998776718,380.6163534970475
2771,0.105469,478.618073,-629.500916,1.0,1419.2510778776718,389.66087949704746
2772,0.104492,478.808807,-629.888733,1.0,1391.4421178776718,389.2402244970475
2773,0.104004,478.980347,-630.275635,1.0,1349.8372598776718,392.5256254970475
2774,0.104492,479.135254,-630.666199,1.0,1326.0147498776716,396.4312954970475
2775,0.106934,479.273956,-631.065918,1.0,1290.4365028776717,401.11641449704746
2776,0.104492,479.387604,-631.455811,1.0,1274.0555218776717,404.76073249704746
2777,0.10498,479.478638,-631.845154,1.0,1251.7428998776718,397.9462184970475
2778,0.106934,479.548737,-632.241638,1.0,1216.7598668776718,397.73213749704746
2779,0.105469,479.596039,-632.627136,1.0,1178.3447058776717,400.6013394970475
2780,0.105957,479.624878,-633.011292,1.0,1157.8064978776717,402.22972649704747
2781,0.10791,479.637177,-633.397766,1.0,1084.1705118776717,411.84175649704747
2782,0.10498,479.634033,-633.767822,1.0,1059.9535318776716,410.2248134970475
2783,0.107422,479.616272,-634.139465,1.0,1026.200296877672,405.1699124970475
2784,0.10791,479.584229,-634.507446,1.0,1001.5561318776718,404.65651549704745
2785,0.11084,479.537506,-634.880859,1.0,981.8265788776717,401.76622549704746
2786,0.107422,479.482727,-635.23822,1.0,967.5074868776718,408.2352504970475
2787,0.109863,479.423248,-635.601501,1.0,957.0236608776718,412.3980314970475
2788,0.106445,479.36911,-635.952454,1.0,940.9417518776718,405.7753504970475
2789,0.106445,479.323944,-636.302063,1.0,931.5516158776718,403.1468414970475
2790,0.106445,479.289673,-636.650635,1.0,929.3370158776718,412.9706014970475
2791,0.104004,479.265198,-636.987061,1.0,931.5744428776718,411.6984464970475
2792,0.108398,479.245178,-637.334412,1.0,928.6570838776718,415.0502524970475
2793,0.105469,479.227539,-637.669495,1.0,933.3579508776718,421.9434714970475
2794,0.108398,479.20871,-638.007629,1.0,909.2876378776717,484.4979764970475
2795,0.108398,479.187653,-638.344055,1.0,907.2434488776718,480.35661849704746
2796,0.106445,479.165283,-638.671265,1.0,909.0195718776718,480.12749249704746
2797,0.107422,479.141998,-639.004028,1.0,910.3461708776717,476.3433744970475
2798,0.106445,479.118835,-639.349365,1.0,926.3482458776717,487.1223044970475
2799,0.105957,479.095184,-639.731567,1.0,922.7436928776717,485.31059849704747
2800,0.106445,479.070618,-640.163147,1.0,921.9969278776717,485.4166774970475
2801,0.106445,479.045441,-640.638672,1.0,280.4969588776718,279.5389004970475
2802,0.109375,479.018799,-641.176392,1.0,382.25129187767175,350.32665049704747
2803,0.105957,478.992615,-641.743469,1.0,390.81461587767177,357.2795924970475
2804,0.109863,478.965881,-642.381775,1.0,526.2309368776718,343.1638694970475
2805,0.105469,478.942047,-643.039856,1.0,529.7643228776717,346.77144449704747
2806,0.113281,478.920135,-643.792114,1.0,530.6094458776718,344.63512249704746
2807,0.11377,478.903076,-644.598267,1.0,582.0688268776718,356.7083034970475
2808,0.109375,478.892822,-645.401794,1.0,983.2009688776717,458.1356714970475
2809,0.112305,478.888245,-646.260742,1.0,987.5724898776717,458.1139434970475
2810,0.102051,478.889343,-647.069336,1.0,990.7340498776717,460.4872344970475
2811,0.100098,478.895508,-647.890137,1.0,958.8182168776717,471.7854824970475
2812,0.110352,478.908295,-648.816956,1.0,964.8916418776718,473.71187349704746
2813,0.110352,478.927673,-649.773804,1.0,966.7644448776717,475.0685634970475
2814,0.109863,478.953674,-650.756348,1.0,971.7000528776717,474.0717374970475
2815,0.109863,478.98584,-651.762634,1.0,980.0147498776718,466.6343894970475
2816,0.108887,479.023132,-652.776367,1.0,983.2096968776717,473.82613149704747
2817,0.109863,479.064209,-653.802368,1.0,983.0776168776717,469.5274254970475
2818,0.106445,479.104736,-654.778564,1.0,1053.1618448776717,489.1250204970475
2819,0.109375,479.145508,-655.753174,1.0,1344.6353558776718,557.3004054970474
2820,0.106445,479.18454,-656.690552,1.0,1338.9120888776717,555.0669454970475
2821,0.11084,479.224335,-657.655212,1.0,1424.3762008776719,553.8731284970474
2822,0.106934,479.261963,-658.569946,1.0,1418.8362838776718,549.8510644970474
2823,0.106934,479.299072,-659.47583,1.0,1413.4435828776718,543.3871054970475
2824,0.10791,479.335815,-660.376892,1.0,1407.8335978776718,533.5002044970474
2825,0.106934,479.371613,-661.260071,1.0,974.6464638776717,448.8450834970475
2826,0.106445,479.406464,-662.122131,1.0,972.3558758776718,445.0291344970475
2827,0.10498,479.440338,-662.961304,1.0,968.8275548776718,447.6345424970475
2828,0.110352,479.475372,-663.831238,1.0,990.5373328776717,470.13976049704746
2829,0.105957,479.508636,-664.656616,1.0,989.1649578776718,473.0324914970475
2830,0.111328,479.542603,-665.507996,1.0,989.8815108776718,467.9794524970475
2831,0.106934,479.5737,-666.318115,1.0,987.4690348776718,465.4441434970475
2832,0.111816,479.603882,-667.164673,1.0,990.5973918776717,455.3521324970475
2833,0.10791,479.629883,-667.975952,1.0,989.3564248776718,458.48720349704746
2834,0.109375,479.652832,-668.792358,1.0,986.4942428776718,460.40349349704746
2835,0.105957,479.671478,-669.58136,1.0,981.2797648776717,457.13219249704747
2836,0.113281,479.687286,-670.415894,1.0,964.3087568776717,430.28526849704747
2837,0.100098,479.69809,-671.150635,1.0,957.2385658776717,429.21214849704745
2838,0.106445,479.70636,-671.927429,1.0,955.2657878776718,429.91576149704747
2839,0.107422,479.711395,-672.706726,1.0,949.1056928776718,428.65013649704747
2840,0.106445,479.713226,-673.47345,1.0,946.7068888776718,428.6797994970475
2841,0.108398,479.711884,-674.248474,1.0,959.8260298776718,475.88393249704745
2842,0.105469,479.707397,-675.001404,1.0,958.4534098776718,475.6422934970475
2843,0.108398,479.699707,-675.770996,1.0,960.0588788776718,469.8281454970475
2844,0.109375,479.688873,-676.54541,1.0,961.3984778776718,461.72716349704746
2845,0.109863,479.675964,-677.318359,1.0,962.7955728776717,451.9855254970475
2846,0.106445,479.662842,-678.06665,1.0,962.6456708776717,451.7412624970475
2847,0.105469,479.649963,-678.813477,1.0,963.6027018776717,451.5245264970475
2848,0.108398,479.636963,-679.592834,1.0,963.7764078776718,453.29042649704746
2849,0.107422,479.624023,-680.385437,1.0,954.5594278776717,457.1812034970475
2850,0.109863,479.610138,-681.219604,1.0,944.4724528776718,462.5012114970475
2851,0.106934,479.595459,-682.063904,1.0,944.7844648776718,461.7564604970475
2852,0.108398,479.578918,-682.950562,1.0,945.5145668776718,466.7372644970475
2853,0.100586,479.561951,-683.798096,1.0,943.4958288776718,468.8503934970475
2854,0.107422,479.542084,-684.729187,1.0,942.6767988776718,468.72777349704745
2855,0.109375,479.52066,-685.699036,1.0,941.7350258776718,466.65709449704747
2856,0.114258,479.497681,-686.740845,1.0,956.5853678776717,458.49339849704745
2857,0.10791,479.4758,-687.749939,1.0,953.0856118776718,457.2680564970475
2858,0.109375,479.453522,-688.793945,1.0,955.3407998776718,455.77696749704745
2859,0.109375,479.430786,-689.871216,1.0,954.8774208776717,457.87181649704746
2860,0.113281,479.406403,-691.033569,1.0,952.6861978776717,457.21504749704746
2861,0.111328,479.381195,-692.232727,1.0,950.8559978776717,456.75755849704746
2862,0.107422,479.356049,-693.437988,1.0,950.3823648776718,457.2740684970475
2863,0.111816,479.329376,-694.736389,1.0,952.6121618776717,459.7331444970475
2864,0.11084,479.302826,-696.074829,1.0,948.7978918776718,456.3311674970475
2865,0.110352,479.277618,-697.425659,1.0,948.0446578776717,459.47578949704746
2866,0.11084,479.254364,-698.794434,1.0,948.2419228776718,458.96291149704746
2867,0.112793,479.232788,-700.213989,1.0,913.6566568776717,366.57356849704746
2868,0.109375,479.214508,-701.595398,1.0,913.6056928776718,341.3624174970475
2869,0.111816,479.198486,-703.00354,1.0,817.4453528776718,254.41945449704747
2870,0.112793,479.184906,-704.420288,1.0,909.6990758776717,312.3512784970475
2871,0.109375,479.174133,-705.787109,1.0,904.7955728776717,305.79018249704745
2872,0.110352,479.165619,-707.147827,1.0,1093.9743448776717,462.1942954970475
2873,0.109375,479.159485,-708.485291,1.0,1099.6833288776718,460.40050349704745
2874,0.109863,479.155609,-709.818604,1.0,1105.5770058776718,457.4719444970475
2875,0.108887,479.153992,-711.129028,1.0,1109.7295938776717,453.8599454970475
2876,0.110352,479.154572,-712.441101,1.0,964.4125768776718,465.5628564970475
2877,0.10498,479.157196,-713.681763,1.0,966.1341958776718,471.67702249704746
2878,0.105957,479.161743,-714.91864,1.0,967.8012488776718,468.0681364970475
2879,0.104492,479.167999,-716.132629,1.0,969.0710858776717,469.6981714970475
2880,0.100098,479.175659,-717.278809,1.0,971.7850748776717,472.5741174970475
2881,0.11377,479.186035,-718.574402,1.0,969.4908858776718,460.9400234970475
2882,0.113281,479.197357,-719.854553,1.0,968.2595008776717,461.3746854970475
2883,0.100586,479.20755,-720.976257,1.0,966.8232218776717,457.17616849704746
2884,0.111328,479.218475,-722.211792,1.0,965.4704388776718,457.14412449704747
2885,0.11377,479.22818,-723.46228,1.0,966.9899698776718,455.75444549704747
2886,0.112793,479.236145,-724.685486,1.0,980.2557778776718,456.9722804970475
2887,0.112793,479.242401,-725.898376,1.0,977.2180578776718,456.2883514970475
2888,0.110352,479.246704,-727.078552,1.0,978.2164718776718,458.7157804970475
2889,0.111328,479.249451,-728.254944,1.0,978.5984298776717,455.0858974970475
2890,0.111816,479.25058,-729.425232,1.0,978.8650918776717,457.7326864970475
2891,0.111816,479.250122,-730.582825,1.0,978.7949628776718,454.01570649704746
2892,0.102539,479.248322,-731.633728,1.0,974.6172888776717,451.6004844970475
2893,0.112305,479.244751,-732.779358,1.0,975.3893838776718,453.3921104970475
2894,0.113281,479.239929,-733.919983,1.0,968.4839888776718,448.61125749704746
2895,0.101562,479.234619,-734.934875,1.0,963.3763838776717,447.5883084970475
2896,0.101074,479.228546,-735.934082,1.0,962.7820838776718,447.27626649704746
2897,0.100586,479.22168,-736.922119,1.0,963.3732708776718,449.25581949704747
2898,0.103027,479.214172,-737.920837,1.0,961.8067428776718,449.7219444970475
2899,0.103516,479.20575,-738.915955,1.0,961.5994668776717,446.5719204970475
2900,0.100098,479.197021,-739.856506,1.0,958.8835858776717,446.15804049704747
2901,0.100098,479.187622,-740.785828,1.0,942.8603308776718,444.06059849704747
2902,0.107422,479.176941,-741.757385,1.0,932.7090858776718,452.65212049704746
2903,0.103027,479.166138,-742.664734,1.0,948.5413618776718,453.8716944970475
2904,0.100098,479.155487,-743.525452,1.0,963.2141518776717,456.8680014970475
2905,0.113281,479.143585,-744.469727,1.0,961.9991248776718,452.1764734970475
2906,0.100586,479.133514,-745.260132,1.0,962.7994788776717,452.16646349704746
2907,0.100586,479.124512,-745.98407,1.0,962.5973918776717,451.7331144970475
2908,0.114258,479.115417,-746.720947,1.0,950.8534948776718,452.5786954970475
2909,0.100098,479.108551,-747.289856,1.0,949.6584878776717,457.0784814970475
2910,0.115234,479.101715,-747.857117,1.0,951.7408858776718,459.0133574970475
2911,0.100098,479.09729,-748.284546,1.0,951.5041908776717,456.5962124970475
2912,0.114258,479.094788,-748.701965,1.0,956.6681928776718,450.5340484970475
2913,0.112305,479.095367,-749.050903,1.0,1013.0645548776718,462.91740949704746
2914,0.100586,479.098083,-749.33075,1.0,1019.6092328776717,464.3414514970475
2915,0.102051,479.102661,-749.611206,1.0,1022.0226848776717,461.1093954970475
2916,0.111328,479.108826,-749.920837,1.0,1022.8179118776718,459.1522424970475
2917,0.111328,479.115631,-750.234009,1.0,1022.2000528776717,457.2813934970475
2918,0.111328,479.122833,-750.550476,1.0,1024.9081218776719,461.24657249704745
2919,0.108398,479.13031,-750.855835,1.0,1028.9200848776718,472.68303449704746
2920,0.109863,479.13855,-751.16571,1.0,997.3741858776717,475.88005649704746
2921,0.108887,479.147491,-751.469116,1.0,971.1401168776717,473.7047324970475
2922,0.111816,479.157898,-751.781189,1.0,973.4194738776717,472.9733484970475
2923,0.112305,479.169342,-752.092041,1.0,971.8487348776717,473.8074854970475
2924,0.108398,479.181427,-752.391541,1.0,960.1261388776718,473.88985249704746
2925,0.111816,479.19455,-752.696716,1.0,960.0551558776717,470.2193204970475
2926,0.112305,479.208496,-753.003357,1.0,960.5889688776717,463.69264749704746
2927,0.11084,479.222992,-753.30365,1.0,963.8437298776718,461.9954124970475
2928,0.114746,479.239197,-753.612793,1.0,962.4325968776717,460.4959924970475
2929,0.103516,479.255249,-753.89093,1.0,1009.4600628776717,448.9435324970475
2930,0.103516,479.272827,-754.167664,1.0,1013.4434608776718,452.1854764970475
2931,0.108398,479.292725,-754.455872,1.0,1014.5998328776717,453.2508754970475
2932,0.114258,479.315094,-754.757874,1.0,1021.0153608776717,454.00676549704747
2933,0.114746,479.338806,-755.059937,1.0,999.5558268776717,486.98360249704746
2934,0.111328,479.362183,-755.353149,1.0,1004.3094888776717,485.9577234970475
2935,0.111816,479.384308,-755.64502,1.0,1012.9282018776718,460.6663414970475
2936,0.111816,479.404602,-755.936768,1.0,1015.3683878776718,460.76912449704747
2937,0.109863,479.422485,-756.221313,1.0,1014.5233558776717,462.8838714970475
2938,0.111816,479.439301,-756.511841,1.0,1015.1118568776717,466.2026274970475
2939,0.111328,479.454956,-756.798645,1.0,1013.4807538776718,461.89226349704745
2940,0.108398,479.469696,-757.07782,1.0,1012.4766638776717,459.61623149704747
2941,0.108887,479.484192,-757.356445,1.0,1011.2240398776718,446.3059294970475
2942,0.11084,479.498596,-757.639648,1.0,1010.4012248776718,449.6251434970475
2943,0.111328,479.512634,-757.923889,1.0,1010.3331708776717,446.9351104970475
2944,0.11377,479.526245,-758.212952,1.0,1006.2554118776718,443.78432249704747
2945,0.101074,479.538086,-758.468933,1.0,1005.2703658776718,446.16054349704746
2946,0.112793,479.552551,-758.753723,1.0,1004.1772868776718,460.13408449704747
2947,0.111328,479.570374,-759.033875,1.0,994.1410928776718,452.0844024970475
2948,0.10498,479.591705,-759.298096,1.0,1031.6961468776717,411.3188074970475
2949,0.103027,479.617157,-759.554199,1.0,1040.4487098776717,409.3824364970475
2950,0.114258,479.651489,-759.838318,1.0,1057.9924108776718,404.9500944970475
2951,0.100098,479.686432,-760.084839,1.0,981.5720618776718,328.2260644970475
2952,0.100098,479.726044,-760.330444,1.0,972.4958288776718,410.4187224970475
2953,0.100586,479.770264,-760.575928,1.0,1057.4574378776717,444.7922574970475
2954,0.100586,479.818665,-760.819763,1.0,1068.3819988776718,447.8700774970475
2955,0.116211,479.879211,-761.098938,1.0,1080.1655678776717,451.64336249704746
2956,0.100586,479.93573,-761.340515,1.0,1097.1362098776717,451.9423424970475
2957,0.103516,479.997192,-761.58728,1.0,1108.0497838776716,447.2303064970475
2958,0.100586,480.060516,-761.827026,1.0,1124.8173628776717,450.05553249704747
2959,0.101074,480.127289,-762.066284,1.0,1141.6452428776718,450.8423974970475
2960,0.100586,480.197662,-762.306519,1.0,1163.6993208776717,456.7617394970475
2961,0.102539,480.272125,-762.549622,1.0,1175.8467818776717,459.7187704970475
2962,0.103516,480.3508,-762.795959,1.0,1188.8074748776717,454.5429894970475
2963,0.103516,480.431885,-763.040405,1.0,1203.3575238776718,458.5280054970475
2964,0.101074,480.513885,-763.278748,1.0,1187.1203408776717,467.3047384970475
2965,0.100586,480.597748,-763.514282,1.0,1164.3599648776717,467.9929104970475
2966,0.101562,480.684052,-763.749756,1.0,1171.4466348776718,474.4166774970475
2967,0.102539,480.772217,-763.987732,1.0,1183.6225378776717,473.17763349704745
2968,0.100098,480.856842,-764.219971,1.0,1196.3320108776718,473.2261864970475
2969,0.114746,480.950104,-764.487122,1.0,1207.1451208776718,471.5153104970475
2970,0.105469,481.031342,-764.734314,1.0,1212.5745648776717,467.38847949704746
2971,0.104004,481.106232,-764.978333,1.0,1347.5789588776718,229.50404949704748
2972,0.103027,481.175385,-765.220642,1.0,1352.1125288776718,184.78445249704748
2973,0.101074,481.239227,-765.459656,1.0,1343.4970498776718,184.90367649704748
2974,0.101562,481.299896,-765.698975,1.0,1336.5643108776717,182.77786049704747
2975,0.101562,481.358551,-765.939392,1.0,1330.2521768776717,427.2013454970475
2976,0.103516,481.416382,-766.184387,1.0,1322.2476598776718,423.5660304970475
2977,0.104004,481.472656,-766.429871,1.0,1320.6979778776717,425.48720349704746
2978,0.102539,481.526398,-766.671814,1.0,1245.7907508776718,432.63735049704746
2979,0.102539,481.578339,-766.913757,1.0,1247.3630168776717,440.54137249704746
2980,0.101562,481.62793,-767.154175,1.0,1261.4938758776718,432.4818324970475
2981,0.107422,481.677948,-767.407776,1.0,1273.9410198776718,424.9453334970475
2982,0.100586,481.722595,-767.644775,1.0,1267.0391638776719,419.86778849704746
2983,0.100586,481.765503,-767.882507,1.0,1263.5981238776717,415.63847949704746
2984,0.101562,481.806702,-768.121948,1.0,1256.6954138776719,412.2725424970475
2985,0.102539,481.846375,-768.364014,1.0,1243.8787638776716,408.97380649704746
2986,0.101074,481.883728,-768.602539,1.0,1160.8733928776717,424.64131749704745
2987,0.102539,481.919891,-768.843323,1.0,1163.0317178776718,415.36598749704746
2988,0.100586,481.954132,-769.080872,1.0,1159.2776898776717,412.6961874970475
2989,0.112793,481.990753,-769.346619,1.0,1140.5505168776717,408.6884974970475
2990,0.100098,482.021576,-769.582092,1.0,1140.8230998776717,419.4355674970475
2991,0.102051,482.051453,-769.821594,1.0,1147.0159708776719,432.7440394970475
2992,0.101074,482.078949,-770.055359,1.0,1145.4012248776717,442.1427214970475
2993,0.104492,482.102631,-770.269165,1.0,1141.8840128776717,443.7468474970475
2994,0.101074,482.119873,-770.436401,1.0,1140.5385538776718,444.7256674970475
2995,0.114258,482.131104,-770.555298,1.0,1139.2073768776718,448.0403654970475
2996,0.100098,482.133453,-770.587158,1.0,1093.4686078776717,480.00377449704746
2997,0.105957,482.132721,-770.582825,1.0,1078.8877358776717,489.82408749704746
2998,0.107422,482.132202,-770.571167,1.0,1079.3196208776717,491.0016684970475
2999,0.114746,482.132629,-770.563843,1.0,1079.4501748776718,492.85643549704747
3000,0.112793,482.133698,-770.564758,1.0,1079.3465368776717,492.5681974970475
3001,0.101074,482.13443,-770.568542,1.0,1081.666483877672,498.00969549704746
3002,0.102539,482.134521,-770.571594,1.0,870.7089638776717,114.13733049704749
3003,0.112305,482.133942,-770.572083,1.0,1249.1650188776719,465.18593449704747
3004,0.110352,482.133301,-770.571106,1.0,1235.6547648776718,450.2122404970475
3005,0.112793,482.133179,-770.572449,1.0,1226.0325728776718,440.1840114970475
3006,0.110352,482.133636,-770.576904,1.0,1281.2311808776717,400.8825284970475
3007,0.11084,482.134613,-770.58429,1.0,1261.9446818776717,380.52480149704746
3008,0.111328,482.135681,-770.594116,1.0,1226.1589148776718,361.1769924970475
3009,0.110352,482.136749,-770.606018,1.0,1207.7190958776719,338.1828824970475
3010,0.111816,482.137939,-770.6203,1.0,1186.4261268776718,353.7248134970475
3011,0.11377,482.139221,-770.637207,1.0,1195.2802528776717,366.03337649704747
3012,0.112793,482.140686,-770.656616,1.0,1158.3062538776717,393.44933149704747
3013,0.109375,482.142395,-770.677551,1.0,1160.1387738776718,418.4576014970475
3014,0.111328,482.144257,-770.701233,1.0,1160.8928018776717,431.8591514970475
3015,0.110352,482.146362,-770.726929,1.0,1161.2706098776719,439.94188449704745
3016,0.109375,482.14856,-770.754456,1.0,1166.9850868776718,447.0702414970475
3017,0.112305,482.15097,-770.784973,1.0,1135.8815718776718,457.82750549704747
3018,0.109863,482.153442,-770.817139,1.0,1140.7469278776719,471.41911849704746
3019,0.11084,482.155975,-770.851562,1.0,1083.4023238776717,492.1874294970475
3020,0.100098,482.158447,-770.884521,1.0,1086.2485148776718,499.15212049704746
3021,0.114746,482.161346,-770.924377,1.0,1093.0519818776718,506.2579244970475
3022,0.113281,482.164307,-770.966003,1.0,1112.5804238776718,518.7820944970474
3023,0.10498,482.167023,-771.006409,1.0,1110.8110148776718,526.2653104970475
3024,0.110352,482.169922,-771.051086,1.0,1077.3517248776716,512.4656584970475
3025,0.109863,482.17276,-771.097412,1.0,1074.3349408776717,503.27782249704745
3026,0.111328,482.17569,-771.146606,1.0,1050.8817548776717,516.0515344970474
3027,0.112305,482.178772,-771.198303,1.0,1047.5397138776716,517.1095184970475
3028,0.111328,482.181824,-771.251404,1.0,1038.5076698776718,511.8623564970475
3029,0.114258,482.184906,-771.307983,1.0,1065.9564008776717,501.7942714970475
3030,0.112793,482.188049,-771.36615,1.0,1058.5098668776718,491.05837049704746
3031,0.109863,482.191071,-771.4245,1.0,1111.9810588776718,471.0340484970475
3032,0.112305,482.194122,-771.486084,1.0,1152.7118938776719,459.82332449704745
3033,0.100586,482.196716,-771.542908,1.0,1150.2504678776718,455.4826864970475
3034,0.111328,482.199615,-771.607544,1.0,1128.0678508776718,457.5398764970475
3035,0.112305,482.202423,-771.674622,1.0,1112.0589398776717,459.4122214970475
3036,0.108398,482.205078,-771.741272,1.0,1112.1009318776717,459.2976894970475
3037,0.110352,482.207672,-771.810852,1.0,1110.4782508776718,454.9640714970475
3038,0.112305,482.210205,-771.883057,1.0,1105.7741498776718,454.6017664970475
3039,0.102539,482.212402,-771.950928,1.0,1103.1303508776718,453.37309849704747
3040,0.100098,482.214355,-772.018433,1.0,1110.9677528776717,436.06172749704746
3041,0.111816,482.216553,-772.095825,1.0,1105.5468548776716,432.5573024970475
3042,0.108398,482.218536,-772.17218,1.0,1068.8326818776718,398.8564054970475
3043,0.114258,482.220612,-772.254578,1.0,887.3141278776718,302.74236149704745
3044,0.112793,482.222504,-772.337463,1.0,883.8786418776717,297.4023184970475
3045,0.111328,482.224213,-772.420898,1.0,879.5125528776717,297.0462704970475
3046,0.111816,482.225769,-772.506531,1.0,1025.9860638776718,461.6972564970475
3047,0.11377,482.227142,-772.595459,1.0,1034.1794838776718,462.6522424970475
3048,0.112305,482.228302,-772.684692,1.0,1034.6251018776718,471.0963644970475
3049,0.113281,482.229187,-772.775635,1.0,1018.1599528776718,479.8134974970475
3050,0.112793,482.229706,-772.86145,1.0,1014.3066198776718,482.1104334970475
3051,0.11377,482.229767,-772.922363,1.0,1021.5885418776718,485.39113449704746
3052,0.111816,482.22937,-772.937805,1.0,1018.3956098776717,484.65013649704747
3053,0.111328,482.229187,-772.935364,1.0,1003.1323648776718,470.61598749704746
3054,0.100586,482.229462,-772.929443,1.0,1000.7876998776718,467.65144949704745
3055,0.100098,482.22998,-772.925476,1.0,997.8810828776717,461.7601524970475
3056,0.111816,482.230621,-772.925293,1.0,550.3998518776718,448.73085549704746
3057,0.109375,482.230896,-772.927429,1.0,557.7389628776718,433.85756449704746
3058,0.109375,482.230835,-772.92926,1.0,466.25702887767176,361.3303124970475
3059,0.112793,482.230469,-772.929565,1.0,599.8563028776717,385.39558949704747
3060,0.112793,482.230103,-772.928894,1.0,599.8563028776717,385.39558949704747
3061,0.111816,482.230011,-772.928101,1.0,774.2084758776717,81.68995249704747
3062,0.112793,482.230042,-772.92804,1.0,774.2084758776717,81.68995249704747
3063,0.11377,482.230133,-772.928223,1.0,1231.2454628776718,345.00993949704747
3064,0.100098,482.230194,-772.928345,1.0,1142.8128458776719,386.71925949704746
3065,0.109863,482.230225,-772.928406,1.0,1169.7898968776717,401.71120249704745
3066,0.111816,482.230225,-772.928345,1.0,1006.0030928776717,422.42436749704746
3067,0.113281,482.230164,-772.928284,1.0,1005.1293738776718,441.2502044970475
3068,0.114258,482.230164,-772.928284,1.0,1029.5625408776718,433.7164824970475
3069,0.111328,482.230133,-772.928467,1.0,1065.8044838776718,444.91191649704746
3070,0.109375,482.230133,-772.93042,1.0,1098.3183388776717,459.8412374970475
3071,0.111328,482.230255,-772.934998,1.0,1094.0247598776718,465.26527949704746
3072,0.112305,482.230438,-772.942139,1.0,1157.9257608776718,456.89156149704746
3073,0.111328,482.230621,-772.951843,1.0,1089.2313638776718,469.17119449704745
3074,0.111816,482.230774,-772.963928,1.0,1056.9756268776719,460.25292049704746
3075,0.110352,482.230927,-772.97821,1.0,1054.0597328776716,459.21419349704746
3076,0.109863,482.231232,-772.994751,1.0,1050.1929118776718,457.52266449704746
3077,0.100586,482.231506,-773.011841,1.0,1049.1254678776718,458.9272974970475
3078,0.114746,482.231873,-773.033691,1.0,1004.0364178776717,463.3501184970475
3079,0.112305,482.232239,-773.057373,1.0,1003.3100378776718,462.80168749704745
3080,0.109375,482.232544,-773.082764,1.0,1001.0427648776717,461.84813449704745
3081,0.112305,482.23291,-773.111023,1.0,998.2523598776718,465.24843449704747
3082,0.111816,482.233307,-773.142883,1.0,1000.4864298776718,464.6858114970475
3083,0.109375,482.233826,-773.184875,1.0,997.2994788776717,464.9139914970475
3084,0.111328,482.234589,-773.25769,1.0,995.3337198776718,488.2751674970475
3085,0.111328,482.235504,-773.37793,1.0,994.0568038776718,488.0321554970475
3086,0.11084,482.236084,-773.54834,1.0,993.3284708776717,488.0023704970475
3087,0.119141,482.235474,-773.786072,1.0,994.4151408776718,484.6522734970475
3088,0.111816,482.233368,-774.063171,1.0,986.5705358776718,477.89980149704746
3089,0.112305,482.230133,-774.392944,1.0,981.1353558776717,477.3437094970475
3090,0.110352,482.226837,-774.765564,1.0,977.8509928776717,483.59889749704746
3091,0.111816,482.224579,-775.194946,1.0,980.2084148776718,489.0464074970475
3092,0.111816,482.224823,-775.675659,1.0,981.5245768776717,490.71916749704747
3093,0.111328,482.227997,-776.203308,1.0,982.5680948776718,489.57631449704746
3094,0.109375,482.233948,-776.772583,1.0,827.3198648776718,288.1399444970475
3095,0.112305,482.242218,-777.401794,1.0,1108.9450478776716,460.3276574970475
3096,0.109863,482.251801,-778.044189,1.0,1119.9650678776718,449.5621854970475
3097,0.112793,482.262573,-778.709351,1.0,1088.8924968776719,449.2260954970475
3098,0.104492,482.273682,-779.342896,1.0,983.3219398776718,473.85756449704746
3099,0.105469,482.285706,-779.997253,1.0,971.6176558776717,475.9701744970475
3100,0.102539,482.297974,-780.639526,1.0,967.0088908776718,477.0638944970475
3101,0.100586,482.310181,-781.251038,1.0,1001.9171548776718,473.5547084970475
3102,0.100098,482.322723,-781.847778,1.0,1133.1292518776718,442.49321549704746
3103,0.100098,482.335632,-782.436951,1.0,1133.0800578776718,438.74287949704745
3104,0.101074,482.348999,-783.023621,1.0,1122.7552288776717,442.9038904970475
3105,0.101562,482.362701,-783.602539,1.0,1106.9412638776716,447.28621449704747
3106,0.114258,482.378418,-784.240723,1.0,1110.8840128776717,444.19701149704747
3107,0.115723,482.394806,-784.879761,1.0,1111.1048378776718,442.7749534970475
3108,0.102539,482.409668,-785.439209,1.0,1113.8471478776717,444.4926664970475
3109,0.10498,482.424957,-785.998413,1.0,1075.896890877672,436.1787624970475
3110,0.106934,482.440369,-786.558777,1.0,1037.2606608776719,429.27095549704745
3111,0.102051,482.454773,-787.087769,1.0,1039.0993448776717,429.0641684970475
3112,0.101074,482.468567,-787.606323,1.0,1022.2971598776718,429.34657849704746
3113,0.101562,482.481506,-788.11731,1.0,997.6185098776717,429.3972074970475
3114,0.101562,482.493408,-788.620605,1.0,995.6778968776717,428.2314964970475
3115,0.109375,482.505005,-789.154358,1.0,996.3376868776718,426.00823049704746
3116,0.10791,482.515259,-789.674744,1.0,992.8926798776718,356.80855349704746
3117,0.105957,482.524323,-790.177307,1.0,1020.4336348776718,282.2468774970475
3118,0.105957,482.532379,-790.670837,1.0,1015.5556438776717,433.4530844970475
3119,0.102051,482.539307,-791.141785,1.0,1015.1054488776717,432.8477384970475
3120,0.101074,482.545593,-791.600037,1.0,1016.2852578776717,429.93654449704746
3121,0.101074,482.551086,-792.050354,1.0,1015.9115398776718,427.0974634970475
3122,0.101074,482.555939,-792.496277,1.0,1011.8967078776717,419.95107049704745
3123,0.100586,482.559998,-792.932068,1.0,1014.4027508776718,418.3867094970475
3124,0.100586,482.563446,-793.362793,1.0,1057.1147258776718,409.79823849704746
3125,0.107422,482.566406,-793.816711,1.0,1109.6922408776718,416.5568444970475
3126,0.105957,482.568695,-794.256165,1.0,1173.0202428776718,420.8560394970475
3127,0.103027,482.570282,-794.679016,1.0,1176.4069618776718,420.33601949704746
3128,0.106934,482.57132,-795.111816,1.0,1179.2743938776719,417.71993049704747
3129,0.105469,482.571747,-795.537231,1.0,1226.2083538776717,406.70836449704746
3130,0.103516,482.571686,-795.953613,1.0,1373.0009558776717,396.4271754970475
3131,0.103516,482.571014,-796.371582,1.0,1455.4361368776717,387.3518584970475
3132,0.109863,482.569794,-796.817322,1.0,1464.4445598776717,379.7846584970475
3133,0.101074,482.568054,-797.224792,1.0,1464.2824508776719,370.94548649704745
3134,0.106445,482.565674,-797.655273,1.0,1473.6248578776717,371.8308004970475
3135,0.100098,482.562958,-798.055298,1.0,1146.6492718776717,403.0794584970475
3136,0.10791,482.559448,-798.482422,1.0,1150.6611128776717,406.78621449704747
3137,0.104004,482.555573,-798.88916,1.0,1150.3952428776718,409.6538604970475
3138,0.105469,482.551208,-799.298401,1.0,999.9745278776718,459.86470549704745
3139,0.105957,482.546387,-799.701416,1.0,999.9567058776718,466.24355149704746
3140,0.107422,482.541077,-800.105469,1.0,1015.7364908776717,469.58000749704746
3141,0.10791,482.535278,-800.505493,1.0,1067.1545208776718,443.5701194970475
3142,0.103516,482.529297,-800.886841,1.0,1060.0707198776718,441.4334014970475
3143,0.105469,482.522644,-801.278748,1.0,1053.6479898776718,444.6202294970475
3144,0.10791,482.515259,-801.701843,1.0,1016.5132238776717,445.70595349704746
3145,0.10498,482.507538,-802.15509,1.0,1012.3473918776717,445.77910449704746
3146,0.103516,482.499512,-802.647888,1.0,1007.9645178776717,444.6758634970475
3147,0.108887,482.490967,-803.211426,1.0,1008.5320838776718,444.0463164970475
3148,0.105957,482.482513,-803.807373,1.0,1001.2539468776718,439.77541149704746
3149,0.11084,482.474243,-804.47467,1.0,1001.9548138776718,437.57991549704747
3150,0.104492,482.468018,-805.141357,1.0,995.6260168776718,461.6391814970475
3151,0.106445,482.464294,-805.852112,1.0,995.8230998776718,461.3691314970475
3152,0.107422,482.463989,-806.605408,1.0,998.9875898776718,465.5727444970475
3153,0.104492,482.467346,-807.37262,1.0,1002.8057658776718,465.7214564970475
3154,0.111328,482.475311,-808.226868,1.0,1005.4886878776717,466.78578749704747
3155,0.114258,482.488312,-809.13916,1.0,1007.6783858776718,467.99843449704747
3156,0.110352,482.505737,-810.054077,1.0,1006.0221968776717,463.94505849704746
3157,0.112305,482.527527,-811.010742,1.0,1010.7964888776718,469.22939149704746
3158,0.101074,482.549866,-811.886536,1.0,1013.7909338776717,473.84453349704745
3159,0.112793,482.575562,-812.873901,1.0,1015.6741128776717,477.4447234970475
3160,0.108398,482.599792,-813.825745,1.0,1018.0220748776718,476.96214849704745
3161,0.10791,482.622192,-814.757385,1.0,1003.6562908776717,467.0117094970475
3162,0.108398,482.642059,-815.678772,1.0,992.6423748776717,462.1106774970475
3163,0.108887,482.658325,-816.587769,1.0,839.3190108776718,8.050085497047476
3164,0.106445,482.670563,-817.462891,1.0,1023.4894208776717,460.2106224970475
3165,0.108887,482.679321,-818.343994,1.0,1114.5557658776718,379.3406884970475
3166,0.105469,482.68454,-819.184875,1.0,1318.4927778776716,210.44688949704747
3167,0.11084,482.686859,-820.054993,1.0,1309.2946578776719,206.82291249704747
3168,0.106934,482.68634,-820.884338,1.0,1091.5666298776719,356.37560049704746
3169,0.110352,482.683411,-821.723267,1.0,966.1954138776717,444.3050444970475
3170,0.108398,482.678589,-822.531799,1.0,966.5767008776718,444.7189844970475
3171,0.11084,482.671906,-823.34906,1.0,961.3525188776717,444.8104764970475
3172,0.109375,482.663727,-824.142883,1.0,957.1734418776717,449.10610049704746
3173,0.108887,482.654053,-824.920532,1.0,965.8384198776718,479.71111149704745
3174,0.110352,482.64267,-825.697754,1.0,963.6468298776717,476.33617249704747
3175,0.10791,482.629913,-826.458923,1.0,958.5074868776718,478.2434904970475
3176,0.112793,482.614563,-827.257202,1.0,956.9415688776718,474.40804049704747
3177,0.11377,482.597198,-828.063049,1.0,956.3043008776717,480.77181049704745
3178,0.113281,482.5784,-828.863464,1.0,952.8486128776717,476.4344384970475
3179,0.113281,482.559174,-829.665039,1.0,956.4304608776717,478.99364249704746
3180,0.108398,482.540894,-830.434265,1.0,954.9361368776717,476.4276634970475
3181,0.10498,482.523621,-831.174561,1.0,951.2403358776718,477.6938074970475
3182,0.113281,482.505371,-831.976746,1.0,996.2696938776718,459.6837674970475
3183,0.114746,482.487152,-832.790161,1.0,992.8505658776718,456.8490504970475
3184,0.111816,482.469482,-833.581238,1.0,992.8564248776718,457.80760749704746
3185,0.109375,482.452087,-834.353271,1.0,995.1549478776717,457.5728354970475
3186,0.11377,482.433716,-835.159668,1.0,980.1437178776717,459.0136624970475
3187,0.11084,482.41571,-835.945557,1.0,981.3032018776718,459.1448574970475
3188,0.110352,482.397736,-836.729492,1.0,981.5223798776717,461.02077249704746
3189,0.114746,482.379089,-837.541687,1.0,1000.5701088776717,463.2995504970475
3190,0.11084,482.361298,-838.321716,1.0,1001.3214518776717,466.62294549704745
3191,0.10498,482.344757,-839.048889,1.0,1000.2955728776717,465.7725424970475
3192,0.104004,482.328583,-839.761475,1.0,1002.3371988776718,465.5351464970475
3193,0.105957,482.312531,-840.469727,1.0,1001.7712198776718,461.12892749704747
3194,0.106445,482.296478,-841.173584,1.0,1000.8448888776718,460.9215904970475
3195,0.108887,482.280304,-841.881348,1.0,1004.0239058776717,463.35637449704745
3196,0.108398,482.264496,-842.575439,1.0,968.8062538776718,444.32167649704746
3197,0.108887,482.248505,-843.260315,1.0,966.0100508776718,441.5190024970475
3198,0.10791,482.231384,-843.928284,1.0,962.6695968776718,442.9030054970475
3199,0.105957,482.211487,-844.576111,1.0,936.5150548776718,403.4054464970475
3200,0.111816,482.184509,-845.245544,1.0,958.5286048776718,432.29582749704747
3201,0.112305,482.148651,-845.905884,1.0,953.1061198776717,428.3179224970475
3202,0.107422,482.104706,-846.525391,1.0,941.7778118776718,429.23985849704746
3203,0.109375,482.049377,-847.145874,1.0,998.0340978776718,459.4124044970475
3204,0.10498,481.986908,-847.730774,1.0,989.9872838776718,458.35008849704747
3205,0.10791,481.91394,-848.322388,1.0,977.7150068776717,460.7918304970475
3206,0.108398,481.833282,-848.904358,1.0,966.1434118776717,459.5396934970475
3207,0.109375,481.745056,-849.480164,1.0,956.3653358776718,462.87346449704745
3208,0.116211,481.643555,-850.083801,1.0,941.6468298776717,463.4388024970475
3209,0.104004,481.545227,-850.622864,1.0,929.1377358776717,459.9595854970475
3210,0.105469,481.437408,-851.172974,1.0,959.7837928776718,394.0612694970475
3211,0.106934,481.320923,-851.728577,1.0,941.4116618776718,392.04799449704745
3212,0.106934,481.197449,-852.282227,1.0,939.5835978776718,395.72777349704745
3213,0.105957,481.068939,-852.827759,1.0,501.23966487767177,359.23110049704746
3214,0.10791,480.931976,-853.381287,1.0,508.69172187767174,357.2784634970475
3215,0.104492,480.794495,-853.914612,1.0,542.9697368776717,335.06764749704746
3216,0.105957,480.650726,-854.457275,1.0,531.7106118776717,334.2086694970475
3217,0.108887,480.501251,-855.012817,1.0,690.5807288776717,340.9807334970475
3218,0.103027,480.357849,-855.540894,1.0,1342.2297158776717,516.9263514970476
3219,0.10498,480.211639,-856.077698,1.0,1337.0125528776719,534.9249474970475
3220,0.106445,480.064148,-856.625793,1.0,1331.6171668776717,532.7846584970475
3221,0.102051,479.927216,-857.149292,1.0,1463.9767858776718,517.4124964970474
3222,0.101074,479.796844,-857.669678,1.0,1462.0671178776718,518.8847564970474
3223,0.11084,479.662659,-858.234558,1.0,1461.0529578776718,515.6111964970476
3224,0.106445,479.540253,-858.779297,1.0,1460.6813758776718,516.1195584970475
3225,0.105957,479.425018,-859.319031,1.0,1458.6467078776718,519.6885894970475
3226,0.112305,479.308655,-859.889709,1.0,880.3860268776717,371.05733249704747
3227,0.10791,479.201569,-860.438232,1.0,844.0953168776717,404.57021149704747
3228,0.106934,479.100739,-860.983337,1.0,844.6103308776718,410.33284549704746
3229,0.101562,479.012299,-861.498657,1.0,847.4531048776718,407.31456549704745
3230,0.10791,478.927856,-862.04364,1.0,857.1260778776717,410.58806449704747
3231,0.109375,478.853516,-862.592468,1.0,861.0591838776718,414.91243549704745
3232,0.111816,478.788727,-863.151123,1.0,882.7110998776717,223.37154149704747
3233,0.107422,478.736084,-863.687561,1.0,907.0179238776717,478.6241964970475
3234,0.11084,478.690674,-864.234253,1.0,917.2295938776717,478.5936184970475
3235,0.109375,478.652802,-864.769226,1.0,926.0589398776717,480.70201649704745
3236,0.109375,478.621246,-865.295776,1.0,944.8993328776718,468.97105949704746
3237,0.113281,478.59375,-865.83429,1.0,958.5361128776717,472.8731594970475
3238,0.105957,478.571655,-866.327148,1.0,963.5168868776717,471.2007654970475
3239,0.111328,478.551147,-866.836426,1.0,962.9537758776718,469.2269494970475
3240,0.105469,478.534424,-867.309998,1.0,964.6681318776717,473.9255274970475
3241,0.11084,478.519836,-867.797607,1.0,967.5733438776717,471.6677764970475
3242,0.106934,478.509094,-868.251343,1.0,944.5527748776717,365.0971274970475
3243,0.106934,478.501587,-868.682251,1.0,941.4979048776718,358.7418724970475
3244,0.107422,478.496307,-869.086487,1.0,916.9330848776717,321.75902349704745
3245,0.10791,478.492462,-869.449524,1.0,919.6006268776717,318.6391204970475
3246,0.109375,478.489288,-869.762695,1.0,975.6260778776717,388.88530549704745
3247,0.105469,478.486694,-870.004761,1.0,1005.3247478776717,422.3646444970475
3248,0.107422,478.484222,-870.185547,1.0,1005.1696578776717,419.95226049704746
3249,0.104492,478.482361,-870.297302,1.0,1008.0901898776717,424.78355949704746
3250,0.106934,478.481262,-870.343628,1.0,1010.3128458776717,423.64601749704747
3251,0.106934,478.480896,-870.343445,1.0,938.0809728776718,493.91802049704745
3252,0.100586,478.480896,-870.335205,1.0,938.1438398776718,493.76442549704745
3253,0.100098,478.480957,-870.328857,1.0,939.5943398776717,490.3747154970475
3254,0.102051,478.481049,-870.327515,1.0,920.2353918776718,472.05022249704746
3255,0.115234,478.48111,-870.330322,1.0,920.1288248776717,475.45802849704745
3256,0.105957,478.48114,-870.333191,1.0,921.9919228776718,472.9285484970475
3257,0.108398,478.48114,-870.334045,1.0,914.3716228776717,469.61693349704746
3258,0.105957,478.48111,-870.334473,1.0,913.4830118776717,477.5365504970475
3259,0.104004,478.481079,-870.33667,1.0,912.5439248776718,474.2985434970475
3260,0.106445,478.480927,-870.341736,1.0,910.0005898776717,476.0413414970475
3261,0.104004,478.480743,-870.349365,1.0,1033.6608678776718,475.5964254970475
3262,0.107422,478.480621,-870.359558,1.0,1029.7366738776718,475.0643214970475
3263,0.106445,478.480438,-870.371704,1.0,1031.1994428776718,477.6195274970475
3264,0.106445,478.480316,-870.385742,1.0,1030.2051798776718,475.15282249704745
3265,0.106445,478.480164,-870.401917,1.0,1030.5224408776717,474.0527554970475
3266,0.103516,478.480011,-870.419434,1.0,1031.9980268776717,455.87584449704747
3267,0.103516,478.479858,-870.438232,1.0,1037.436929877672,436.5041404970475
3268,0.106445,478.479675,-870.458496,1.0,1034.7136028776717,435.6222744970475
3269,0.106445,478.479492,-870.479309,1.0,1033.2388098776719,433.7485864970475
3270,0.106934,478.47934,-870.500793,1.0,1031.5470988776717,439.28398749704746
3271,0.111816,478.479065,-870.524048,1.0,1033.5265298776717,438.2229824970475
3272,0.109375,478.478821,-870.54718,1.0,1036.1131998776718,437.0015774970475
3273,0.105469,478.478638,-870.568237,1.0,1036.584574877672,438.13615949704746
3274,0.103516,478.478485,-870.584351,1.0,1001.4704388776718,416.12294549704745
3275,0.105957,478.478394,-870.593445,1.0,1003.1371868776718,420.71272849704746
3276,0.104492,478.478394,-870.595215,1.0,1003.3401898776717,420.09313049704747
3277,0.10498,478.478394,-870.594238,1.0,1015.7842208776717,486.16774549704746
3278,0.100098,478.478394,-870.592957,1.0,1017.8791908776717,480.35155249704746
3279,0.101074,478.478394,-870.592285,1.0,1015.9676918776718,474.89397249704746
3280,0.112793,478.478394,-870.592468,1.0,1007.5035198776718,436.31609149704747
3281,0.112793,478.478394,-870.593079,1.0,950.2060958776717,417.9107574970475
3282,0.10791,478.478394,-870.593384,1.0,955.2585858776717,409.82082149704746
3283,0.108887,478.478394,-870.593567,1.0,953.2194008776718,407.77943949704746
3284,0.109375,478.478394,-870.593811,1.0,951.9232588776717,407.4586394970475
3285,0.112793,478.478394,-870.594421,1.0,950.6115518776718,402.1457424970475
3286,0.11084,478.478394,-870.596497,1.0,921.7758588776718,324.8912864970475
3287,0.108398,478.478394,-870.600891,1.0,918.7203168776717,317.0808004970475
3288,0.114746,478.478394,-870.608093,1.0,919.5840858776718,304.2073574970475
3289,0.11377,478.47821,-870.617981,1.0,943.7359418776717,372.64671849704746
3290,0.106445,478.478027,-870.629272,1.0,974.7922768776717,436.9029444970475
3291,0.107422,478.477905,-870.643127,1.0,972.4626258776717,438.2348234970475
3292,0.108887,478.477722,-870.659241,1.0,973.7128088776717,444.2520354970475
3293,0.113281,478.477539,-870.678406,1.0,458.25574787767175,338.1342374970475
3294,0.107422,478.477325,-870.69873,1.0,457.59592687767173,336.1409204970475
3295,0.10791,478.47699,-870.721436,1.0,459.23826087767173,334.85155249704746
3296,0.11084,478.476685,-870.74707,1.0,455.28891987767173,340.17024749704746
3297,0.109375,478.476379,-870.774658,1.0,950.9969888776717,453.36083049704746
3298,0.109375,478.475983,-870.804932,1.0,954.4703168776717,451.8268034970475
3299,0.10791,478.475647,-870.838013,1.0,955.4825848776718,450.7394004970475
3300,0.110352,478.475281,-870.875122,1.0,1294.4699508776719,215.3507894970475
3301,0.10791,478.474731,-870.916321,1.0,1291.3184608776717,214.29190649704748
3302,0.116211,478.474152,-870.970093,1.0,1267.5406288776717,229.42618349704748
3303,0.114258,478.473389,-871.042542,1.0,971.7945968776718,471.3020834970475
3304,0.109375,478.472351,-871.142639,1.0,974.9270428776717,477.25377449704746
3305,0.106934,478.471069,-871.282471,1.0,972.2793378776718,474.03243049704747
3306,0.105957,478.469543,-871.466125,1.0,973.2190958776717,476.61855149704746
3307,0.111328,478.467896,-871.707214,1.0,973.0798138776718,477.3190514970475
3308,0.108887,478.466217,-871.993103,1.0,933.6495768776717,431.72853649704746
3309,0.106934,478.464783,-872.320801,1.0,932.1628218776717,431.73085549704746
3310,0.106934,478.463623,-872.694397,1.0,934.3662518776717,431.7404994970475
3311,0.110352,478.462982,-873.129944,1.0,934.6366988776717,429.7637534970475
3312,0.11084,478.463104,-873.617798,1.0,933.3655798776717,427.51476049704746
3313,0.111328,478.464325,-874.155518,1.0,913.2939248776718,423.2719024970475
3314,0.11377,478.467072,-874.758667,1.0,913.7018838776718,423.98454849704746
3315,0.113281,478.471527,-875.413452,1.0,911.8365888776717,425.3020834970475
3316,0.115723,478.477844,-876.127075,1.0,914.4108678776718,425.0663354970475
3317,0.106934,478.485413,-876.81488,1.0,939.5998328776717,426.0138454970475
3318,0.109375,478.494873,-877.542419,1.0,938.8575238776717,422.5272424970475
3319,0.109375,478.506378,-878.301758,1.0,942.1118568776717,425.3369964970475
3320,0.100098,478.518677,-879.025024,1.0,941.8672888776717,423.60884649704747
3321,0.113281,478.534454,-879.867004,1.0,983.0879308776717,453.7747704970475
3322,0.111816,478.55191,-880.722229,1.0,987.4432168776717,455.4250084970475
3323,0.11084,478.57074,-881.578491,1.0,990.0029708776717,454.11083049704746
3324,0.109863,478.590149,-882.399048,1.0,988.7311808776717,454.0369774970475
3325,0.108887,478.609619,-883.189758,1.0,989.0254308776717,458.5118004970475
3326,0.105469,478.628876,-883.951111,1.0,991.8113198776717,459.7795924970475
3327,0.10498,478.64798,-884.700317,1.0,975.7555338776717,429.23573849704746
3328,0.11377,478.667816,-885.49054,1.0,975.3875528776717,426.12627249704747
3329,0.112305,478.686066,-886.26178,1.0,977.4419348776718,427.3442284970475
3330,0.113281,478.702728,-887.029907,1.0,966.5547888776717,421.88213149704745
3331,0.110352,478.717346,-887.767395,1.0,952.1536658776718,418.86897849704746
3332,0.111816,478.730469,-888.496582,1.0,880.6604408776717,438.4905914970475
3333,0.10791,478.74231,-889.189697,1.0,357.90055387767177,366.5547084970475
3334,0.109863,478.753845,-889.889099,1.0,564.7930708776718,517.6132104970475
3335,0.109375,478.764923,-890.569885,1.0,566.5456948776717,511.25676549704747
3336,0.107422,478.775452,-891.226868,1.0,553.2893778776718,487.16542649704746
3337,0.108398,478.785767,-891.881836,1.0,467.86918087767174,406.0857144970475
3338,0.10791,478.79541,-892.520813,1.0,1000.1172888776717,419.98274749704746
3339,0.11084,478.804871,-893.167175,1.0,998.4485268776717,415.2198394970475
3340,0.11084,478.81369,-893.803711,1.0,1000.4541418776718,418.83394449704747
3341,0.112305,478.822205,-894.437317,1.0,996.5857338776717,419.9027614970475
3342,0.109375,478.830536,-895.04425,1.0,952.6140548776717,506.0431424970475
3343,0.109863,478.838806,-895.641846,1.0,950.8675338776718,502.2432464970475
3344,0.111816,478.847168,-896.238403,1.0,951.9079388776718,500.34923349704746
3345,0.106445,478.855194,-896.80127,1.0,954.3079628776718,501.3698024970475
3346,0.111328,478.863464,-897.379761,1.0,510.1872048776718,537.6170864970475
3347,0.10791,478.871399,-897.933167,1.0,510.89380887767174,536.1716824970474
3348,0.109375,478.879211,-898.482056,1.0,509.61579387767176,534.9985864970474
3349,0.109863,478.886841,-899.026611,1.0,505.29908287767176,532.4071554970475
3350,0.110352,478.894348,-899.565735,1.0,988.7906288776718,438.37669949704747
3351,0.111328,478.901917,-900.101624,1.0,990.1683148776717,444.6199554970475
3352,0.105469,478.909241,-900.599976,1.0,990.0716958776718,446.8588774970475
3353,0.10791,478.917084,-901.103149,1.0,987.3611858776718,446.5457054970475
3354,0.109375,478.925323,-901.603577,1.0,996.5620528776717,283.0711874970475
3355,0.110352,478.933929,-902.101929,1.0,1034.1161298776717,-178.73423150295253
3356,0.106445,478.942444,-902.574768,1.0,1034.1161298776717,-178.73423150295253
3357,0.112305,478.951599,-903.065674,1.0,1034.1161298776717,-178.73423150295253
3358,0.108887,478.960602,-903.534729,1.0,1034.1161298776717,-178.73423150295253
3359,0.109863,478.969727,-903.999878,1.0,1055.0835368776718,363.4950774970475
3360,0.111328,478.979065,-904.4646,1.0,1060.6819258776718,370.97527149704746
3361,0.114746,478.988892,-904.935913,1.0,1193.6769818776718,404.69539449704746
3362,0.113281,478.998566,-905.394897,1.0,1193.5049848776719,404.0648404970475
3363,0.111328,479.007629,-905.835938,1.0,1198.8837688776719,407.0964564970475
3364,0.114746,479.015991,-906.2854,1.0,1201.8304238776718,404.35121749704746
3365,0.102539,479.022278,-906.681152,1.0,1200.0319618776718,407.1053984970475
3366,0.103027,479.02771,-907.072327,1.0,1196.5473428776718,400.16017749704747
3367,0.115234,479.033264,-907.502197,1.0,1193.0890908776717,398.5139364970475
3368,0.116211,479.038879,-907.929138,1.0,1202.5413618776718,402.60918249704747
3369,0.112793,479.044586,-908.338501,1.0,1203.2427778776716,404.5093284970475
3370,0.107422,479.050201,-908.720886,1.0,1195.9164838776717,405.4110924970475
3371,0.112305,479.056213,-909.114136,1.0,1190.8260298776718,403.8546044970475
3372,0.100586,479.061462,-909.46228,1.0,1190.8375038776717,404.6432394970475
3373,0.114746,479.06723,-909.853394,1.0,1377.3853558776718,406.1150724970475
3374,0.114746,479.07251,-910.237793,1.0,1381.7503458776719,405.5063074970475
3375,0.113281,479.077148,-910.611694,1.0,1386.1656288776717,400.59450349704747
3376,0.112793,479.080444,-910.981018,1.0,1385.6342568776718,394.0966394970475
3377,0.111328,479.081177,-911.342529,1.0,1384.3135778776718,390.60628349704746
3378,0.101074,479.078247,-911.670227,1.0,1454.8309118776717,390.63356549704747
3379,0.115234,479.068909,-912.041565,1.0,1548.2917278776717,383.6451014970475
3380,0.116211,479.051453,-912.415283,1.0,1546.7249548776717,383.3158164970475
3381,0.116211,479.024841,-912.787964,1.0,1542.6766158776718,376.4679164970475
3382,0.114746,478.988159,-913.156311,1.0,1532.1526898776717,374.0531524970475
3383,0.111328,478.941345,-913.512573,1.0,1575.3939008776717,373.19515049704745
3384,0.100098,478.888672,-913.833008,1.0,1566.7980758776719,373.58205249704747
3385,0.100586,478.824646,-914.153748,1.0,1558.9950968776718,373.9160674970475
3386,0.107422,478.742523,-914.497253,1.0,1599.1814978776717,366.7087304970475
3387,0.113281,478.640747,-914.85791,1.0,1595.5555218776717,371.62834749704746
3388,0.10791,478.529846,-915.200745,1.0,1585.6326698776718,371.90917049704746
3389,0.11084,478.402527,-915.551453,1.0,1566.1919958776718,371.64079849704746
3390,0.110352,478.262482,-915.899292,1.0,1591.5223188776718,365.99321549704746
3391,0.10791,478.112091,-916.23761,1.0,1578.8924358776717,367.3416654970475
3392,0.105957,477.949646,-916.567017,1.0,1561.9620158776718,364.59468649704746
3393,0.107422,477.768555,-916.895935,1.0,1516.4158728776717,303.42986149704745
3394,0.103516,477.57605,-917.208862,1.0,1040.3350628776716,450.69832449704745
3395,0.106934,477.359833,-917.524109,1.0,1068.2265418776717,462.6549894970475
3396,0.105957,477.127533,-917.827942,1.0,993.3826698776718,398.4287014970475
3397,0.101562,476.885834,-918.113464,1.0,890.8348798776717,273.43649849704747
3398,0.100586,476.62439,-918.394592,1.0,899.8047888776717,288.53203349704745
3399,0.110352,476.301849,-918.708923,1.0,913.6366378776718,301.9133664970475
3400,0.114258,475.917023,-919.045837,1.0,1159.6249798776716,351.3468534970475
3401,0.102051,475.52652,-919.350037,1.0,1496.1014198776718,398.4855864970475
3402,0.106445,475.069519,-919.663208,1.0,1458.8158978776717,389.44701149704747
3403,0.103516,474.580627,-919.953369,1.0,1548.3843788776717,384.2099204970475
3404,0.102051,474.052856,-920.221191,1.0,1493.5093788776717,381.73085549704746
3405,0.102051,473.48114,-920.463867,1.0,1443.6800338776718,384.8112394970475
3406,0.106934,472.83728,-920.68335,1.0,1374.5964148776718,389.0529074970475
3407,0.104004,472.173096,-920.854309,1.0,1331.8611858776717,391.7882594970475
3408,0.104492,471.472595,-920.980469,1.0,1277.9371138776717,391.18294349704746
3409,0.103027,470.768616,-921.062866,1.0,1219.2402138776717,394.0724694970475
3410,0.102051,470.075989,-921.112854,1.0,1185.4157508776718,397.03105749704747
3411,0.104492,469.387146,-921.143921,1.0,1150.4285688776718,402.01637849704747
3412,0.109863,468.674408,-921.168213,1.0,1093.5903118776719,404.69557749704745
3413,0.108398,467.976746,-921.1922,1.0,1044.4063518776718,408.7360434970475
3414,0.102051,467.330627,-921.214661,1.0,1039.7430218776717,412.87404449704746
3415,0.10498,466.679138,-921.233582,1.0,1033.0385538776718,409.93166149704746
3416,0.101562,466.056702,-921.24353,1.0,994.4022628776718,466.4219874970475
3417,0.105957,465.41391,-921.241882,1.0,992.4296668776717,468.10774749704746
3418,0.101074,464.812164,-921.228149,1.0,981.3284098776718,466.0179954970475
3419,0.102539,464.215363,-921.204407,1.0,972.6442668776717,459.9642234970475
3420,0.103027,463.62323,-921.175781,1.0,958.7121378776718,461.27782249704745
3421,0.103516,463.035553,-921.147583,1.0,952.4928998776718,470.0957544970475
3422,0.102539,462.462433,-921.125,1.0,947.6061808776717,471.42763349704745
3423,0.101562,461.905853,-921.110046,1.0,952.3978068776718,477.24269649704746
3424,0.103027,461.349548,-921.101868,1.0,950.4955238776718,477.1544704970475
3425,0.100586,460.812439,-921.098999,1.0,951.6897988776717,483.9822904970475
3426,0.11377,460.214478,-921.100037,1.0,965.5413008776718,492.3801174970475
3427,0.110352,459.645935,-921.103821,1.0,959.7245278776718,480.9691984970475
3428,0.11377,459.066223,-921.110046,1.0,969.8723548776718,479.5853784970475
3429,0.101562,458.558929,-921.117737,1.0,971.0047408776718,483.6957604970475
3430,0.100586,458.062408,-921.127808,1.0,976.6262618776717,489.3087674970475
3431,0.102051,457.565552,-921.14032,1.0,980.0242718776717,487.5309654970475
3432,0.101562,457.081146,-921.154053,1.0,985.4092818776718,487.8148704970475
3433,0.11377,456.543945,-921.170349,1.0,986.1908368776717,488.63402349704745
3434,0.100098,456.077118,-921.184753,1.0,987.4419348776718,492.8585714970475
3435,0.102051,455.60733,-921.199524,1.0,987.2722578776718,491.7740994970475
3436,0.109863,455.093964,-921.216125,1.0,985.8395178776717,485.13048349704746
3437,0.108398,454.569641,-921.234009,1.0,982.1738688776718,481.7587184970475
3438,0.109863,454.00296,-921.254517,1.0,696.6052038776718,144.76737049704747
3439,0.102051,453.447571,-921.27594,1.0,897.5352578776717,339.5147914970475
3440,0.101074,452.875488,-921.299194,1.0,920.4955238776718,335.93724649704745
3441,0.101562,452.281525,-921.324646,1.0,913.7540078776717,308.1891234970475
3442,0.100586,451.677887,-921.351013,1.0,913.8851728776717,313.3233544970475
3443,0.101074,451.054077,-921.378601,1.0,912.3657018776718,311.3472194970475
3444,0.102539,450.406128,-921.407349,1.0,910.8995768776717,309.40703349704745
3445,0.102051,449.749115,-921.436096,1.0,1077.7128088776717,388.2830714970475
3446,0.111328,449.023254,-921.467468,1.0,1075.228983877672,383.9640714970475
3447,0.113281,448.280945,-921.499084,1.0,1078.9246008776718,387.78474949704747
3448,0.114258,447.523865,-921.530762,1.0,1003.8887128776718,464.9044704970475
3449,0.100098,446.856415,-921.558411,1.0,1005.8363448776718,470.7124234970475
3450,0.113281,446.100128,-921.588745,1.0,1005.0916548776718,469.4182944970475
3451,0.112305,445.364563,-921.617126,1.0,1000.6705728776717,470.6155914970475
3452,0.111816,444.652161,-921.643066,1.0,1021.1951698776718,467.9284574970475
3453,0.113281,443.936432,-921.667542,1.0,1016.9247228776718,465.5616054970475
3454,0.100098,443.309143,-921.687866,1.0,1016.7195228776718,467.97157849704746
3455,0.102051,442.683289,-921.707031,1.0,1012.2839758776718,467.3293364970475
3456,0.100098,442.079895,-921.724609,1.0,1013.3909098776718,470.8731284970475
3457,0.114258,441.397797,-921.743408,1.0,1010.0707198776718,469.80373149704747
3458,0.100098,440.809418,-921.75885,1.0,1017.5601598776717,473.3660184970475
3459,0.102539,440.220337,-921.773315,1.0,1023.2054848776718,472.07750549704747
3460,0.11084,439.592072,-921.788025,1.0,1017.4435828776717,474.1779994970475
3461,0.102539,439.019104,-921.800415,1.0,1006.6395668776718,466.3240264970475
3462,0.100586,438.457306,-921.811829,1.0,1008.7636518776718,471.7992154970475
3463,0.100098,437.903717,-921.822144,1.0,1010.0936078776717,467.3365994970475
3464,0.100586,437.348267,-921.831848,1.0,1008.6623938776718,467.0445154970475
3465,0.100098,436.795746,-921.841064,1.0,1006.0366008776717,466.87413549704746
3466,0.100098,436.241455,-921.850159,1.0,1003.8524578776718,468.7788604970475
3467,0.101074,435.680847,-921.85907,1.0,1003.9778238776718,468.00093649704746
3468,0.101074,435.107086,-921.868042,1.0,1002.9975988776717,469.27266449704746
3469,0.114258,434.440094,-921.878174,1.0,998.9491988776717,472.8396814970475
3470,0.100098,433.836639,-921.887085,1.0,999.1869298776718,475.4437164970475
3471,0.114746,433.11557,-921.896912,1.0,997.9580488776718,474.5971274970475
3472,0.105469,432.421448,-921.905823,1.0,998.6216838776718,472.95277949704746
3473,0.116211,431.62616,-921.915466,1.0,970.8934728776718,467.98094749704745
3474,0.116211,430.799255,-921.925232,1.0,972.1543988776717,471.6088774970475
3475,0.115723,429.947998,-921.935059,1.0,969.2811688776718,471.23644049704745
3476,0.101074,429.181854,-921.944031,1.0,641.4054968776718,161.81680849704748
3477,0.102051,428.389282,-921.953186,1.0,953.0360518776718,464.2943324970475
3478,0.101074,427.584869,-921.962463,1.0,981.8950598776718,483.0063994970475
3479,0.101074,426.762299,-921.972107,1.0,978.1453048776717,478.84331349704746
3480,0.108887,425.856171,-921.982483,1.0,977.0436808776717,475.10780949704747
3481,0.104492,424.973969,-921.992737,1.0,937.0138958776718,473.5398764970475
3482,0.100586,424.118378,-922.002441,1.0,944.0018718776718,471.6785484970475
3483,0.116211,423.117737,-922.014099,1.0,940.2077428776718,468.3210964970475
3484,0.116699,422.106567,-922.025879,1.0,936.6802778776718,471.0324614970475
3485,0.101074,421.22879,-922.036011,1.0,953.5633948776717,474.93233249704747
3486,0.102539,420.328827,-922.046387,1.0,984.5622358776717,472.5975854970475
3487,0.11084,419.357574,-922.057556,1.0,984.0447798776718,471.4200034970475
3488,0.102539,418.4534,-922.067505,1.0,973.3770548776718,463.4673364970475
3489,0.111328,417.462036,-922.077393,1.0,969.5682778776718,461.9980374970475
3490,0.106934,416.508881,-922.08551,1.0,965.6335248776718,457.46352149704745
3491,0.101074,415.605194,-922.091797,1.0,1005.9082438776718,466.1569114970475
3492,0.106934,414.65271,-922.097107,1.0,1001.5887858776717,460.93535449704746
3493,0.105469,413.713074,-922.100708,1.0,998.6407878776718,463.5544644970475
3494,0.103027,412.810272,-922.102539,1.0,1002.7913008776718,461.3166714970475
3495,0.100586,411.946594,-922.103088,1.0,1004.9860028776718,460.5008144970475
3496,0.116699,410.958618,-922.102539,1.0,1006.7260538776718,464.7182824970475
3497,0.100098,410.124664,-922.101196,1.0,1005.3197428776717,466.65178449704746
3498,0.103516,409.273407,-922.099121,1.0,1008.4852698776717,466.19042049704746
3499,0.109863,408.382111,-922.096436,1.0,1006.3363448776718,468.3538414970475
3500,0.102051,407.568085,-922.093201,1.0,1002.2521158776717,463.3466094970475
3501,0.100098,406.782501,-922.0896,1.0,999.2015788776717,459.08345549704745
3502,0.109863,405.929474,-922.085022,1.0,1037.4911908776717,482.35713749704746
3503,0.108398,405.105988,-922.080017,1.0,1035.488077877672,482.7763274970475
3504,0.109863,404.282104,-922.074951,1.0,1033.7330118776717,483.7429714970475
3505,0.103516,403.516663,-922.070312,1.0,1034.6833898776717,478.2747404970475
3506,0.105957,402.749146,-922.065918,1.0,1017.4340618776718,481.7113244970475
3507,0.105957,401.988953,-922.06189,1.0,1013.0411168776717,484.64507049704747
3508,0.116211,401.172241,-922.058105,1.0,1015.8881018776717,487.6774804970475
3509,0.108887,400.415833,-922.055237,1.0,1016.8032018776718,491.77934849704747
3510,0.114258,399.63858,-922.053162,1.0,1015.1774088776717,488.2349454970475
3511,0.105469,398.931396,-922.052124,1.0,1017.7444258776718,491.5811674970475
3512,0.117676,398.154449,-922.051697,1.0,1015.2758588776718,493.37190849704746
3513,0.117188,397.395538,-922.052429,1.0,1027.9630538776719,465.85414649704745
3514,0.116211,396.654999,-922.054016,1.0,1030.571207877672,468.0476894970475
3515,0.111816,395.956116,-922.056091,1.0,1030.7280068776718,468.3449004970475
3516,0.11084,395.273193,-922.058899,1.0,1033.909647877672,470.38460349704746
3517,0.108398,394.614777,-922.062256,1.0,1034.3956098776716,468.45192549704745
3518,0.113281,393.940277,-922.065613,1.0,1038.8548378776718,469.1520594970475
3519,0.103027,393.335754,-922.068298,1.0,1008.5030928776717,450.9265344970475
3520,0.108398,392.695831,-922.070618,1.0,898.7987468776718,318.4567474970475
3521,0.105957,392.069244,-922.07196,1.0,917.7081098776717,316.43593449704747
3522,0.101562,391.463837,-922.07251,1.0,919.9992468776718,317.8812774970475
3523,0.100098,390.866333,-922.072327,1.0,923.6976728776717,310.33102949704744
3524,0.102051,390.258209,-922.071533,1.0,1043.6041668776718,466.81145249704747
3525,0.111328,389.589569,-922.070068,1.0,1047.8050948776718,468.20500749704746
3526,0.105957,388.953735,-922.068054,1.0,1045.9042158776717,466.53838149704745
3527,0.111328,388.281647,-922.065552,1.0,1031.6686808776717,459.9666654970475
3528,0.102051,387.665436,-922.062622,1.0,1032.4521278776717,457.89089049704745
3529,0.108398,387.00824,-922.059021,1.0,1031.6095988776717,462.5594694970475
3530,0.10791,386.353638,-922.05481,1.0,1032.1716718776718,465.8389794970475
3531,0.101074,385.737793,-922.050476,1.0,1031.9131268776719,466.0870874970475
3532,0.109863,385.066223,-922.045288,1.0,1035.5998938776718,466.2570704970475
3533,0.106445,384.414856,-922.039551,1.0,893.1559248776717,477.23506749704745
3534,0.113281,383.718933,-922.033081,1.0,890.4421798776717,471.8129784970475
3535,0.106445,383.059723,-922.026489,1.0,888.0878698776718,473.1226104970475
3536,0.11377,382.352966,-922.019104,1.0,883.4431558776718,474.2510894970475
3537,0.100586,381.716797,-922.012207,1.0,882.0086468776717,473.43956549704745
3538,0.112793,380.988953,-922.003906,1.0,889.1120398776718,-90.70722350295253
3539,0.105957,380.299438,-921.996216,1.0,889.1120398776718,-90.70722350295253
3540,0.112793,379.55484,-921.987854,1.0,889.1120398776718,-90.70722350295253
3541,0.114258,378.79126,-921.979553,1.0,889.1120398776718,-90.70722350295253
3542,0.108887,378.052307,-921.971558,1.0,971.3154708776717,461.98512849704747
3543,0.111816,377.287262,-921.96344,1.0,984.5635778776717,448.17711449704746
3544,0.11377,376.502319,-921.955078,1.0,989.7458288776718,456.5232444970475
3545,0.114746,375.698181,-921.946289,1.0,1044.3619788776718,458.7838644970475
3546,0.113281,374.895874,-921.937683,1.0,1043.8238928776718,458.6344204970475
3547,0.112305,374.096985,-921.929138,1.0,1048.4900918776716,460.58662949704745
3548,0.116699,373.25531,-921.919861,1.0,1048.9009808776718,460.06017149704746
3549,0.100586,372.524597,-921.911804,1.0,1043.490335877672,456.3916224970475
3550,0.115723,371.678589,-921.902649,1.0,1045.1048378776718,459.25444549704747
3551,0.114258,370.838318,-921.893555,1.0,1044.8052778776719,458.85945649704746
3552,0.116211,369.974121,-921.88446,1.0,1046.3167518776718,456.8703214970475
3553,0.108398,369.165924,-921.875732,1.0,972.8882848776717,455.3603414970475
3554,0.100098,368.415619,-921.867554,1.0,890.6538488776717,454.33757549704745
3555,0.117676,367.524109,-921.857727,1.0,888.9111738776718,458.73323649704747
3556,0.118652,366.623993,-921.847961,1.0,883.4883828776717,457.4565024970475
3557,0.114746,365.746948,-921.838501,1.0,880.8291418776718,453.76494449704745
3558,0.115234,364.865234,-921.829041,1.0,878.7189128776718,458.51543249704747
3559,0.11377,363.986938,-921.819641,1.0,875.7408858776718,454.03749649704747
3560,0.117676,363.072815,-921.809753,1.0,867.2805578776718,440.88634249704745
3561,0.118652,362.147949,-921.799622,1.0,864.3451948776717,438.9610494970475
3562,0.116699,361.23587,-921.789612,1.0,854.9401038776717,432.0481774970475
3563,0.116699,360.316223,-921.779602,1.0,851.1637368776718,430.7406524970475
3564,0.120117,359.366913,-921.769348,1.0,876.2745158776718,446.22313449704745
3565,0.116211,358.445282,-921.759338,1.0,894.7659708776717,464.06258149704746
3566,0.118652,357.496368,-921.748108,1.0,895.0484418776717,465.81300949704746
3567,0.117676,356.553101,-921.735962,1.0,1083.3959148776717,485.2923794970475
3568,0.118164,355.598572,-921.722168,1.0,1080.3978678776716,479.7170614970475
3569,0.118164,354.64032,-921.707458,1.0,1068.3859048776717,468.5113734970475
3570,0.117676,353.684601,-921.692749,1.0,1067.1046548776717,464.6876124970475
3571,0.117188,352.725769,-921.678162,1.0,1067.1604408776716,458.2639674970475
3572,0.117676,351.75766,-921.663696,1.0,1065.0074258776717,453.7844444970475
3573,0.118164,350.781036,-921.64978,1.0,1013.5587568776717,458.0749724970475
3574,0.115234,349.825195,-921.636902,1.0,961.1412148776717,464.6970724970475
3575,0.116211,348.854919,-921.624756,1.0,961.2156168776718,471.0831204970475
3576,0.116211,347.881226,-921.613525,1.0,963.7012128776718,473.84184849704747
3577,0.119141,346.878845,-921.603027,1.0,955.1026408776718,479.9789334970475
3578,0.118164,345.879395,-921.593811,1.0,956.7593788776718,474.3578704970475
3579,0.100098,345.029175,-921.587097,1.0,956.0389198776718,474.93639149704745
3580,0.108398,344.1026,-921.581055,1.0,955.8921308776718,471.15102149704745
3581,0.100098,343.246765,-921.576782,1.0,955.6323648776718,473.93208849704746
3582,0.101562,342.373535,-921.57373,1.0,756.6759438776718,472.0295004970475
3583,0.118652,341.353851,-921.571716,1.0,593.3313398776718,468.15520249704747
3584,0.117676,340.337402,-921.571045,1.0,589.9562178776717,465.19118349704746
3585,0.117676,339.318359,-921.571167,1.0,587.7490028776717,445.6378994970475
3586,0.103516,338.419067,-921.571716,1.0,1030.6384688776716,423.86845949704747
3587,0.120117,337.371063,-921.572754,1.0,1037.8949378776717,446.25093649704746
3588,0.119141,336.329742,-921.573853,1.0,1038.8400068776718,439.97560649704747
3589,0.101074,335.446167,-921.574829,1.0,1021.6818648776717,422.77101749704747
3590,0.100098,334.566711,-921.575806,1.0,991.8675338776718,380.5144554970475
3591,0.101562,333.675995,-921.577026,1.0,996.3494668776717,387.8608604970475
3592,0.103027,332.764191,-921.578308,1.0,990.0721838776717,380.9347744970475
3593,0.102051,331.863525,-921.57959,1.0,876.4723918776717,352.4522304970475
3594,0.102051,330.961548,-921.580811,1.0,864.4018958776718,357.7753814970475
3595,0.101074,330.065979,-921.582031,1.0,864.1687418776718,355.78700849704745
3596,0.102051,329.161591,-921.583313,1.0,1063.4958288776718,466.54118949704747
3597,0.11084,328.173462,-921.584534,1.0,1064.5068158776717,463.8451744970475
3598,0.101562,327.268921,-921.585999,1.0,1100.9034218776717,452.45714349704747
3599,0.101562,326.361847,-921.587646,1.0,1099.7021278776717,451.71101949704746
3600,0.103516,325.432648,-921.5896,1.0,1099.8541058776718,452.3184714970475
3601,0.103516,324.504944,-921.591736,1.0,1098.6619668776718,451.82399549704746
3602,0.103516,323.576904,-921.594116,1.0,1129.9482218776718,422.4050194970475
3603,0.117676,322.516785,-921.597046,1.0,1046.9817298776718,385.28468849704745
3604,0.119141,321.445557,-921.599976,1.0,1078.6629438776718,451.83901049704747
3605,0.101074,320.533722,-921.6026,1.0,1078.0711468776717,453.0694784970475
3606,0.103027,319.599792,-921.605042,1.0,1101.0439248776718,446.7777614970475
3607,0.105469,318.647156,-921.607605,1.0,987.3374428776717,484.62114549704745
3608,0.102539,317.716705,-921.610107,1.0,986.7950238776717,487.24483249704747
3609,0.100098,316.810394,-921.612244,1.0,984.1056928776718,488.6172084970475
3610,0.100098,315.900177,-921.61438,1.0,985.0165198776717,490.54411849704746
3611,0.102051,314.971771,-921.616272,1.0,981.7053018776718,491.5331634970475
3612,0.102051,314.037598,-921.617798,1.0,955.2533368776717,434.9474084970475
3613,0.102539,313.102844,-921.61908,1.0,936.2771398776717,369.35594749704745
3614,0.102539,312.168823,-921.619934,1.0,931.9231368776717,320.5334984970475
3615,0.102051,311.234131,-921.620422,1.0,926.1503698776718,321.5685324970475
3616,0.101562,310.301636,-921.620789,1.0,1093.1502478776717,464.1560264970475
3617,0.119629,309.204468,-921.620667,1.0,1092.3339638776717,463.60140049704745
3618,0.100098,308.287964,-921.620361,1.0,1091.4933268776717,462.59477849704746
3619,0.102051,307.35083,-921.619995,1.0,1091.0344038776716,459.9208584970475
3620,0.101074,306.417572,-921.619324,1.0,927.9274698776718,475.0971274970475
3621,0.102051,305.478607,-921.618713,1.0,923.9859418776717,476.7364104970475
3622,0.105469,304.50647,-921.61792,1.0,924.6683758776718,474.38777749704747
3623,0.10498,303.539062,-921.61731,1.0,919.6879068776717,473.42986149704745
3624,0.101562,302.598083,-921.616699,1.0,917.1437788776717,472.8875024970475
3625,0.102051,301.655914,-921.616028,1.0,546.0767928776718,399.90950549704746
3626,0.102051,300.710815,-921.615479,1.0,461.04883787767176,367.0511374970475
3627,0.103516,299.752289,-921.614807,1.0,460.9094648776718,366.24938049704747
3628,0.100586,298.820435,-921.614197,1.0,487.64432787767174,337.83678249704747
3629,0.121094,297.695648,-921.613464,1.0,489.69126387767176,338.9518644970475
3630,0.102051,296.745209,-921.612976,1.0,430.10447187767176,292.0889794970475
3631,0.120605,295.62738,-921.612793,1.0,1036.7454628776718,395.63924249704746
3632,0.101562,294.678528,-921.612854,1.0,1089.0867718776717,412.57845149704747
3633,0.102539,293.726379,-921.613342,1.0,1086.414957877672,411.3141684970475
3634,0.101074,292.782959,-921.614197,1.0,950.6321818776718,423.3311674970475
3635,0.104492,291.809723,-921.615417,1.0,953.4485268776717,421.3015344970475
3636,0.104004,290.835693,-921.617004,1.0,951.1753338776717,419.08000749704746
3637,0.105469,289.851318,-921.618958,1.0,935.0239058776717,411.85628349704746
3638,0.103027,288.888031,-921.621216,1.0,882.2793378776718,384.9836634970475
3639,0.10498,287.904724,-921.623718,1.0,880.6717328776717,383.28417049704746
3640,0.102539,286.94577,-921.626526,1.0,977.6452428776718,484.7134604970475
3641,0.10498,285.964661,-921.629822,1.0,974.9286298776717,487.66310649704747
3642,0.104492,284.983215,-921.633362,1.0,978.0881148776717,485.8521934970475
3643,0.106445,283.982941,-921.63739,1.0,974.8871868776718,492.0458584970475
3644,0.106934,282.980164,-921.641418,1.0,981.6142988776718,484.55956049704747
3645,0.114258,281.90741,-921.645691,1.0,979.2119548776717,490.2674464970475
3646,0.102539,280.942932,-921.649475,1.0,975.3442788776717,488.85964049704745
3647,0.101562,279.98819,-921.653259,1.0,917.3816938776718,313.29454649704746
3648,0.100586,279.041199,-921.656677,1.0,916.3371988776718,314.0210474970475
3649,0.101562,278.084534,-921.660034,1.0,921.6916298776717,327.9539394970475
3650,0.100586,277.141235,-921.663086,1.0,1025.9910078776718,436.5029504970475
3651,0.118652,276.022583,-921.666443,1.0,980.1565348776718,488.4845184970475
3652,0.100098,275.079346,-921.668945,1.0,978.7626138776717,485.1456204970475
3653,0.102539,274.107849,-921.671265,1.0,978.0777998776717,479.7215174970475
3654,0.120605,272.969635,-921.673645,1.0,977.4376628776718,480.8193874970475
3655,0.104004,271.991577,-921.675293,1.0,987.3550818776718,492.2600004970475
3656,0.118652,270.868591,-921.67688,1.0,988.0415448776718,492.1321624970475
3657,0.100586,269.916748,-921.677979,1.0,983.4402868776717,491.53990749704747
3658,0.100098,268.968933,-921.678772,1.0,987.4715368776717,493.6646024970475
3659,0.100586,268.018402,-921.679321,1.0,984.5381878776717,497.9649864970475
3660,0.118164,266.902069,-921.679626,1.0,982.4253948776718,496.11211249704746
3661,0.100098,265.952942,-921.679626,1.0,443.27524787767175,376.0909634970475
3662,0.118164,264.831573,-921.67926,1.0,459.42185487767176,374.1253564970475
3663,0.103027,263.858917,-921.67865,1.0,462.42911787767173,372.4808864970475
3664,0.10498,262.863556,-921.677734,1.0,467.90098087767177,350.5133264970475
3665,0.119141,261.73175,-921.676392,1.0,471.42322787767176,346.7473654970475
3666,0.119141,260.599548,-921.674744,1.0,1112.7127478776717,117.13083049704747
3667,0.117676,259.484589,-921.672729,1.0,994.0712078776718,479.4485074970475
3668,0.106445,258.474426,-921.670593,1.0,999.6969398776718,477.4086204970475
3669,0.101074,257.514221,-921.668335,1.0,996.1968788776718,481.71120249704745
3670,0.120117,256.373566,-921.665405,1.0,991.5658978776718,478.17342149704746
3671,0.102539,255.398987,-921.662598,1.0,987.0365398776718,496.6824554970475
3672,0.104004,254.410309,-921.659607,1.0,985.2650548776718,498.2811794970475
3673,0.118164,253.284836,-921.656372,1.0,989.3292638776718,504.0398764970475
3674,0.104492,252.291031,-921.653381,1.0,990.0925088776718,505.4199124970475
3675,0.104004,251.302841,-921.650513,1.0,986.4299108776718,504.2018944970475
3676,0.117188,250.182846,-921.647339,1.0,971.7876998776718,505.62044349704746
3677,0.118164,249.059875,-921.644165,1.0,972.1291298776717,504.0239774970475
3678,0.117188,247.941879,-921.64093,1.0,987.5620528776717,508.48213749704746
3679,0.119141,246.809357,-921.637634,1.0,993.7509558776718,509.2009184970475
3680,0.116699,245.69339,-921.634521,1.0,995.0286048776718,511.03536049704746
3681,0.101074,244.733047,-921.632019,1.0,990.8989058776717,509.4760644970475
3682,0.117676,243.605927,-921.629211,1.0,996.2670088776717,512.7015594970475
3683,0.117188,242.457306,-921.626892,1.0,991.9943038776718,506.9565024970475
3684,0.116699,241.258942,-921.624878,1.0,987.3550818776718,319.6214504970475
3685,0.116699,240.00679,-921.623535,1.0,978.4167888776717,471.1992094970475
3686,0.117188,238.700989,-921.622559,1.0,993.5641888776718,468.38213149704745
3687,0.114746,237.399475,-921.622192,1.0,991.4175208776718,464.9795134970475
3688,0.116699,236.082962,-921.622437,1.0,991.9603678776717,468.4525354970475
3689,0.117676,234.751068,-921.623291,1.0,990.7485758776718,472.24141449704746
3690,0.113281,233.459534,-921.624634,1.0,991.6753338776717,466.01906349704745
3691,0.100098,232.320679,-921.626343,1.0,989.5942178776718,467.5806784970475
3692,0.100586,231.163254,-921.628601,1.0,956.2959998776718,393.8899134970475
3693,0.101562,229.993698,-921.631287,1.0,929.1444498776717,328.4232694970475
3694,0.100098,228.837814,-921.63446,1.0,927.0653478776718,328.65282249704745
3695,0.117676,227.477966,-921.638916,1.0,1012.0468548776718,476.95638049704746
3696,0.101562,226.299408,-921.643127,1.0,1014.0678508776717,481.60695449704747
3697,0.101562,225.125336,-921.647949,1.0,1014.1551308776718,478.7474874970475
3698,0.118164,223.746719,-921.65387,1.0,1016.2013348776718,483.1670434970475
3699,0.115723,222.401245,-921.659729,1.0,1015.9673868776717,481.2023824970475
3700,0.120605,220.991226,-921.665955,1.0,1003.9325968776717,495.97209749704746
3701,0.101074,219.810715,-921.670898,1.0,1002.7193398776717,510.3542384970475
3702,0.120117,218.398392,-921.676758,1.0,999.4045208776718,513.0219324970475
3703,0.102051,217.205688,-921.681702,1.0,999.8201088776717,513.6956994970475
3704,0.100586,216.0271,-921.686523,1.0,1000.7325238776717,513.4511314970475
3705,0.100586,214.865891,-921.691345,1.0,996.2087808776718,509.82433149704747
3706,0.117676,213.519379,-921.696655,1.0,998.6643468776717,496.29018249704745
3707,0.100098,212.38147,-921.700684,1.0,1005.5333658776717,450.4774684970475
3708,0.118164,211.056229,-921.704407,1.0,1005.2978308776718,453.5789394970475
3709,0.116699,209.753387,-921.707031,1.0,1004.4209388776718,451.5616964970475
3710,0.103027,208.619888,-921.708252,1.0,979.0883588776718,297.60664949704744
3711,0.121582,207.28981,-921.708374,1.0,1010.7787878776718,422.97536249704746
3712,0.118652,206.008179,-921.707275,1.0,1028.4807538776718,476.7927154970475
3713,0.118652,204.738297,-921.705017,1.0,1031.2452188776717,473.9537564970475
3714,0.118652,203.482803,-921.701538,1.0,1121.6746618776717,522.6996664970475
3715,0.115723,202.268433,-921.69696,1.0,1136.3321328776717,527.9429834970474
3716,0.116699,201.052368,-921.691162,1.0,1134.2035928776718,528.3764244970475
3717,0.117188,199.848602,-921.684082,1.0,978.0421548776718,510.83345549704745
3718,0.100098,198.830215,-921.677124,1.0,974.6296178776718,516.8723964970475
3719,0.118164,197.637299,-921.667969,1.0,972.5175578776717,521.5345974970475
3720,0.100586,196.630035,-921.659302,1.0,971.4408978776718,517.7624114970474
3721,0.101562,195.620407,-921.650024,1.0,980.0638838776717,492.7263394970475
3722,0.100586,194.631104,-921.640625,1.0,988.7002358776717,463.54308149704747
3723,0.117676,193.487595,-921.63031,1.0,994.5895788776718,491.09587649704747
3724,0.100098,192.5186,-921.623047,1.0,1008.7040198776717,533.9058744970475
3725,0.114746,191.423279,-921.616943,1.0,1007.2577918776717,530.2473354970475
3726,0.116699,190.318161,-921.613281,1.0,1016.6138708776717,539.0726224970474
3727,0.117676,189.215576,-921.612244,1.0,1501.2781778776719,472.8249114970475
3728,0.100098,188.286835,-921.613281,1.0,1496.7215368776717,464.46300349704745
3729,0.118164,187.201721,-921.616394,1.0,1354.9277138776717,228.90935349704748
3730,0.120605,186.10202,-921.621338,1.0,1351.6552528776717,235.76440949704747
3731,0.101074,185.191666,-921.627014,1.0,1303.3019818776718,219.49979249704748
3732,0.101074,184.287628,-921.634033,1.0,1299.5779828776717,219.77528949704748
3733,0.118652,183.237442,-921.643982,1.0,1261.5639448776717,242.6247764970475
3734,0.101074,182.352249,-921.653931,1.0,965.5782878776718,449.78758849704747
3735,0.120117,181.309814,-921.667358,1.0,996.6401778776717,451.3143514970475
3736,0.109863,180.362473,-921.681091,1.0,997.4048258776718,451.50249249704746
3737,0.101562,179.498734,-921.694641,1.0,999.3849288776718,448.33662949704745
3738,0.100098,178.652649,-921.708435,1.0,1002.7142128776718,446.35439149704746
3739,0.102051,177.810364,-921.722534,1.0,982.8653358776718,442.7188934970475
3740,0.100586,177.017776,-921.735779,1.0,965.1941328776718,439.7560634970475
3741,0.117188,176.143021,-921.749756,1.0,964.3063148776718,438.4154874970475
3742,0.115234,175.316208,-921.761292,1.0,967.1770428776717,446.9712734970475
3743,0.109863,174.572952,-921.770081,1.0,967.8801678776717,446.7872824970475
3744,0.115234,173.822601,-921.777222,1.0,1041.6556188776717,448.5036224970475
3745,0.11377,173.07074,-921.782898,1.0,1118.1979778776717,452.9154564970475
3746,0.116211,172.308029,-921.78717,1.0,1118.9457808776717,450.7203574970475
3747,0.100586,171.666489,-921.789795,1.0,1118.6354778776717,449.5759484970475
3748,0.116211,170.934097,-921.791687,1.0,1117.1280318776717,448.23918749704745
3749,0.115234,170.200882,-921.792542,1.0,1115.2779338776718,448.21608549704746
3750,0.116699,169.464645,-921.792725,1.0,970.4249068776718,458.16200849704745
3751,0.113281,168.751495,-921.792297,1.0,970.9271038776717,462.8315944970475
3752,0.115234,168.010788,-921.791138,1.0,973.1363928776717,462.66432749704745
3753,0.115723,167.250381,-921.789307,1.0,1061.108988877672,550.6252344970475
3754,0.100098,166.586929,-921.787048,1.0,1061.3439128776718,547.3736474970475
3755,0.114746,165.813339,-921.783936,1.0,1043.7004798776718,539.8517974970475
3756,0.115723,165.0177,-921.78064,1.0,998.5005288776717,542.1988734970475
3757,0.11377,164.21788,-921.777649,1.0,998.7983198776717,537.4131984970475
3758,0.116699,163.390442,-921.774841,1.0,1002.9289958776718,546.1808984970475
3759,0.114746,162.555405,-921.772095,1.0,1082.7995398776718,508.2601524970475
3760,0.116211,161.697098,-921.769409,1.0,1201.7977088776718,451.30226749704747
3761,0.114258,160.834457,-921.766724,1.0,1211.8364058776717,451.4289454970475
3762,0.112793,159.965302,-921.763611,1.0,1226.6122838776716,449.2249044970475
3763,0.107422,159.12207,-921.76062,1.0,967.4972938776717,452.9567774970475
3764,0.116211,158.196793,-921.757385,1.0,967.8132728776718,455.5335294970475
3765,0.111328,157.293732,-921.754272,1.0,969.1079508776718,454.6333524970475
3766,0.116699,156.329041,-921.751282,1.0,969.6327308776717,448.78047749704746
3767,0.101562,155.47789,-921.749146,1.0,970.2291668776718,453.34486949704745
3768,0.114746,154.503601,-921.748108,1.0,973.3536168776717,447.4423424970475
3769,0.115234,153.507385,-921.748413,1.0,1011.4173988776718,436.2523704970475
3770,0.11084,152.534775,-921.750183,1.0,994.6703288776717,261.6462614970475
3771,0.112793,151.531738,-921.753662,1.0,895.0653478776718,239.34595249704748
3772,0.114258,150.498398,-921.758789,1.0,962.1233928776718,434.2333884970475
3773,0.116211,149.436249,-921.765808,1.0,960.1814368776718,431.1816314970475
3774,0.116211,148.363525,-921.774475,1.0,963.1430458776717,431.7533774970475
3775,0.115723,147.279465,-921.784851,1.0,964.7435098776717,427.0744834970475
3776,0.117676,146.160858,-921.796997,1.0,960.5026648776718,419.19453949704746
3777,0.117676,145.027954,-921.810791,1.0,956.5002238776717,364.41707449704745
3778,0.115723,143.867233,-921.826416,1.0,953.8550818776718,362.0531824970475
3779,0.113281,142.679993,-921.843506,1.0,957.9474288776718,365.50993949704747
3780,0.105469,141.530594,-921.861267,1.0,954.0376378776717,364.90315849704746
3781,0.116211,140.203064,-921.883118,1.0,951.8619788776717,365.5397854970475
3782,0.101562,139.007599,-921.90387,1.0,952.5553998776718,361.0700894970475
3783,0.117188,137.611801,-921.928833,1.0,950.7248938776718,360.03331549704745
3784,0.116699,136.214447,-921.954163,1.0,952.5978798776717,365.10069849704746
3785,0.116211,134.805023,-921.979858,1.0,956.3562418776718,378.9991664970475
3786,0.117676,133.37146,-922.00592,1.0,976.2991738776717,467.0893154970475
3787,0.117188,131.91922,-922.032104,1.0,974.3372598776717,466.03474949704747
3788,0.100098,130.673096,-922.054504,1.0,973.1488448776718,464.2595424970475
3789,0.100098,129.411041,-922.077209,1.0,963.4189248776718,470.48943149704746
3790,0.100098,128.140396,-922.099731,1.0,960.0196328776717,473.61992449704746
3791,0.100098,126.865189,-922.12207,1.0,963.1052038776718,473.5959374970475
3792,0.117676,125.371864,-922.147583,1.0,964.7781778776717,478.17076649704745
3793,0.117188,123.882149,-922.17218,1.0,965.4816078776718,438.00392749704747
3794,0.117188,122.388817,-922.19519,1.0,940.0500288776717,483.8756314970475
3795,0.119629,120.860466,-922.216248,1.0,842.4762368776718,435.30177849704745
3796,0.11377,119.408119,-922.233521,1.0,519.4242958776717,358.0063684970475
3797,0.117676,117.90567,-922.248291,1.0,524.8835858776717,351.57271349704746
3798,0.116699,116.417412,-922.259888,1.0,525.6086828776718,350.4472564970475
3799,0.12207,114.857231,-922.268738,1.0,526.1398418776718,349.68398049704746
3800,0.101562,113.557449,-922.273682,1.0,529.3113508776718,347.7808744970475
3801,0.100098,112.276299,-922.276062,1.0,530.4557598776718,348.15556949704745
3802,0.116211,110.788124,-922.275391,1.0,525.1816508776717,344.9585474970475
3803,0.119141,109.268265,-922.270752,1.0,572.6895238776717,358.33113649704745
3804,0.100098,107.992233,-922.263733,1.0,957.0522868776718,473.1879484970475
3805,0.118652,106.481277,-922.252014,1.0,955.4264928776718,475.3748684970475
3806,0.117188,104.997093,-922.238159,1.0,952.9841718776718,476.28203349704745
3807,0.114746,103.54422,-922.22406,1.0,952.2045088776717,468.0400294970475
3808,0.114258,102.100464,-922.210327,1.0,949.6935218776717,469.6794034970475
3809,0.116211,100.633873,-922.197266,1.0,946.7848918776717,474.5485434970475
3810,0.115723,99.173363,-922.184753,1.0,950.6886388776718,475.6804714970475
3811,0.116699,97.705536,-922.172668,1.0,947.1036788776718,471.9668784970475
3812,0.117676,96.22699,-922.160095,1.0,945.2927648776717,472.51793449704746
3813,0.102539,94.945122,-922.148926,1.0,911.2559608776718,343.5858974970475
3814,0.114746,93.509758,-922.13623,1.0,909.8020428776717,316.6806544970475
3815,0.119141,92.021255,-922.122864,1.0,910.3990278776718,320.6098534970475
3816,0.117188,90.559021,-922.10968,1.0,908.2300818776718,318.8893944970475
3817,0.116699,89.107681,-922.096313,1.0,907.2316078776718,318.7527674970475
3818,0.117188,87.652367,-922.08252,1.0,908.2461958776718,321.1124174970475
3819,0.118164,86.194923,-922.068359,1.0,976.8102828776717,366.7359524970475
3820,0.100586,84.949905,-922.055664,1.0,1169.6583048776718,504.2616174970475
3821,0.102051,83.687859,-922.042236,1.0,1172.0951948776717,499.5914514970475
3822,0.102539,82.427071,-922.02832,1.0,1171.5832318776718,497.7767544970475
3823,0.120605,80.940269,-922.011353,1.0,1170.3215128776717,494.3732504970475
3824,0.115723,79.514221,-921.994507,1.0,941.5185338776718,309.87929349704746
3825,0.108398,78.186119,-921.978516,1.0,940.3474528776718,312.0158134970475
3826,0.101562,76.939751,-921.963074,1.0,939.3173628776717,313.7014674970475
3827,0.117676,75.497162,-921.944519,1.0,934.8405558776717,321.6903894970475
3828,0.114258,74.093246,-921.925903,1.0,935.0521648776718,320.1011564970475
3829,0.114258,72.697365,-921.906555,1.0,933.9886268776718,320.2242034970475
3830,0.11377,71.305016,-921.886475,1.0,934.7608438776717,317.8643704970475
3831,0.115234,69.897003,-921.865356,1.0,923.2567548776717,316.6937774970475
3832,0.110352,68.54837,-921.844666,1.0,921.0638838776717,317.7624114970475
3833,0.11377,67.161522,-921.822571,1.0,921.2154948776717,317.8032434970475
3834,0.112793,65.78907,-921.799988,1.0,919.5137738776717,321.5446684970475
3835,0.114258,64.401085,-921.776611,1.0,919.2161048776718,318.7440084970475
3836,0.115723,62.995163,-921.752136,1.0,917.2986858776718,322.42995249704745
3837,0.114258,61.609207,-921.727356,1.0,917.8274938776717,327.2051604970475
3838,0.113281,60.242031,-921.702271,1.0,918.6232098776718,328.1144614970475
3839,0.114746,58.851841,-921.676147,1.0,892.2360028776718,290.38034649704747
3840,0.11377,57.474125,-921.649475,1.0,915.2394818776718,316.8618984970475
3841,0.115723,56.081635,-921.621887,1.0,913.4254558776718,313.1427824970475
3842,0.11377,54.710037,-921.593994,1.0,913.0778608776717,310.95757049704747
3843,0.11377,53.338921,-921.565369,1.0,910.4331458776718,311.7575284970475
3844,0.115234,51.95599,-921.53595,1.0,933.1913248776717,470.1137904970475
3845,0.108398,50.648151,-921.507568,1.0,932.8028358776718,472.7475494970475
3846,0.103516,49.406738,-921.47998,1.0,935.7184858776717,474.0477504970475
3847,0.100586,48.198799,-921.452576,1.0,933.2269698776718,472.30263349704745
3848,0.101074,46.986225,-921.424622,1.0,918.5610148776717,471.36015849704745
3849,0.101074,45.772488,-921.396057,1.0,916.5422768776717,476.4670924970475
3850,0.106445,44.497986,-921.365479,1.0,912.2211098776718,476.2355864970475
3851,0.119141,43.069794,-921.330505,1.0,911.6283978776718,473.6948454970475
3852,0.101074,41.859055,-921.300354,1.0,944.6669718776717,473.17702249704746
3853,0.101074,40.649178,-921.269775,1.0,945.6782628776717,471.33095349704746
3854,0.103516,39.414787,-921.238464,1.0,901.6641028776718,424.2121794970475
3855,0.101074,38.203403,-921.207886,1.0,859.8388468776717,374.6533414970475
3856,0.100098,37.009182,-921.178162,1.0,1015.7023108776717,383.38023949704746
3857,0.100098,35.816193,-921.148987,1.0,1018.6229048776718,386.25050949704746
3858,0.100098,34.620571,-921.120422,1.0,1019.0165198776717,384.8180444970475
3859,0.116211,33.230827,-921.088501,1.0,1020.7779338776718,384.65306649704746
3860,0.117188,31.838669,-921.058289,1.0,1079.7346598776717,397.6659754970475
3861,0.116211,30.450859,-921.029968,1.0,1338.3002728776717,464.65144949704745
3862,0.116211,29.071209,-921.003662,1.0,1336.6670938776717,461.23824149704745
3863,0.117188,27.682594,-920.979309,1.0,1335.7281288776717,459.1425384970475
3864,0.114258,26.324326,-920.95752,1.0,1338.9925338776718,457.7663474970475
3865,0.118164,24.920826,-920.937134,1.0,1338.3362838776718,459.17177349704747
3866,0.101074,23.725939,-920.921326,1.0,1342.8232218776718,460.5331014970475
3867,0.117188,22.334278,-920.905029,1.0,1337.9378458776719,460.7263694970475
3868,0.115723,20.967529,-920.89093,1.0,1081.8488568776718,468.0796104970475
3869,0.11377,19.620987,-920.879028,1.0,1039.4422408776718,472.6847134970475
3870,0.102539,18.407064,-920.870117,1.0,1039.9873458776717,479.7751974970475
3871,0.116211,17.030708,-920.861816,1.0,1055.2690838776716,451.37380049704745
3872,0.115234,15.670452,-920.855713,1.0,1035.8350628776716,486.5752464970475
3873,0.115234,14.308452,-920.851562,1.0,1035.0116988776717,489.39620049704746
3874,0.113281,12.967446,-920.849548,1.0,1490.7902628776717,364.2895104970475
3875,0.109375,11.679957,-920.849426,1.0,1619.4640908776717,297.6211754970475
3876,0.113281,10.349291,-920.851135,1.0,1993.1414588776718,11.807554497047477
3877,0.106934,9.088083,-920.854675,1.0,2081.2306928776716,76.32135949704748
3878,0.109375,7.803154,-920.860046,1.0,1978.9592078776718,56.11877349704748
3879,0.104004,6.580006,-920.86676,1.0,2049.8556928776716,39.29232749704748
3880,0.113281,5.252192,-920.876038,1.0,1472.7645058776718,117.28917149704748
3881,0.11084,3.947132,-920.886719,1.0,985.5196938776718,279.63464949704746
3882,0.106934,2.691911,-920.898621,1.0,1002.1420698776717,333.7549954970475
3883,0.111328,1.387272,-920.912598,1.0,1019.9915568776718,360.4431974970475
3884,0.106445,0.140312,-920.927185,1.0,1023.8375648776718,369.4221094970475
3885,0.114258,-1.19858,-920.944397,1.0,1028.3963418776716,377.5160734970475
3886,0.114258,-2.539594,-920.962158,1.0,1028.9056188776717,378.8098964970475
3887,0.105957,-3.774196,-920.978394,1.0,1027.3196208776717,384.3656824970475
3888,0.11084,-5.07269,-920.994507,1.0,961.3472088776717,494.6067714970475
3889,0.105469,-6.302449,-921.008362,1.0,957.1990148776717,495.44331949704747
3890,0.11084,-7.594352,-921.021179,1.0,953.7330118776717,483.7404074970475
3891,0.104492,-8.811675,-921.03186,1.0,951.0532628776717,485.50661249704746
3892,0.104492,-10.029064,-921.041321,1.0,951.3249308776717,486.13408449704747
3893,0.108398,-11.287629,-921.050354,1.0,952.0746258776718,490.4675194970475
3894,0.102051,-12.472702,-921.058167,1.0,947.6693518776717,483.00359149704747
3895,0.116211,-13.823185,-921.066406,1.0,1040.4212438776717,495.86760549704746
3896,0.117188,-15.179396,-921.074219,1.0,1040.7660318776716,494.1754974970475
3897,0.103027,-16.37668,-921.080566,1.0,1039.8360388776719,492.5617884970475
3898,0.111816,-17.668442,-921.086853,1.0,973.4624428776717,483.83516449704746
3899,0.10498,-18.884983,-921.092102,1.0,936.6560468776718,476.7408354970475
3900,0.109863,-20.155054,-921.097046,1.0,936.7174478776717,480.73195449704747
3901,0.103516,-21.346272,-921.101135,1.0,935.7360638776718,462.6709494970475
3902,0.101074,-22.516075,-921.104736,1.0,936.6798498776717,465.0897424970475
3903,0.115723,-23.849724,-921.108154,1.0,934.3198648776718,463.4278464970475
3904,0.102539,-25.030998,-921.110596,1.0,936.1993208776718,463.8925384970475
3905,0.11084,-26.31118,-921.112793,1.0,833.6848548776718,174.38622849704748
3906,0.106934,-27.541241,-921.114319,1.0,923.2764688776717,437.2129724970475
3907,0.11377,-28.851728,-921.115295,1.0,942.2884928776717,471.3530484970475
3908,0.11084,-30.124607,-921.115845,1.0,940.4445598776717,471.17323849704746
3909,0.108398,-31.374477,-921.115967,1.0,1056.6095988776717,498.64861149704745
3910,0.114746,-32.693539,-921.116272,1.0,1069.385233877672,496.9961144970475
3911,0.116699,-34.029766,-921.116516,1.0,1074.1177778776719,497.5811064970475
3912,0.115723,-35.362263,-921.11731,1.0,1080.1411538776717,503.9962364970475
3913,0.117188,-36.703434,-921.118713,1.0,963.9551798776718,456.4300444970475
3914,0.113281,-38.001633,-921.120728,1.0,964.5404458776718,456.3366604970475
3915,0.10791,-39.239594,-921.12323,1.0,963.2886758776717,458.2133994970475
3916,0.10498,-40.439228,-921.126221,1.0,961.6717328776717,454.9353844970475
3917,0.114258,-41.750393,-921.130188,1.0,916.2929488776717,455.63176549704747
3918,0.119629,-43.117645,-921.135315,1.0,911.5905558776717,462.6805934970475
3919,0.11377,-44.41629,-921.141357,1.0,950.2146398776717,468.2630824970475
3920,0.11377,-45.71516,-921.14978,1.0,1045.037515877672,477.22081549704745
3921,0.11377,-47.01873,-921.161804,1.0,1043.0164588776718,474.27223749704746
3922,0.111816,-48.295094,-921.177856,1.0,1045.0259198776716,471.2296044970475
3923,0.105469,-49.497452,-921.197205,1.0,1047.2217818776717,470.84529649704746
3924,0.10791,-50.724808,-921.220947,1.0,1049.2363078776716,473.11305849704746
3925,0.107422,-51.948387,-921.248718,1.0,999.8447058776718,460.6071984970475
3926,0.105469,-53.151669,-921.279785,1.0,1000.7073158776717,461.32375149704745
3927,0.112793,-54.435154,-921.316833,1.0,885.0346478776718,340.8061124970475
3928,0.114746,-55.741489,-921.358643,1.0,809.4461468776717,350.39638349704745
3929,0.11084,-56.998028,-921.403076,1.0,945.6507368776718,470.5874234970475
3930,0.116699,-58.325974,-921.454468,1.0,946.4665328776717,466.4333094970475
3931,0.110352,-59.577744,-921.506958,1.0,944.9706828776717,467.00377449704746
3932,0.114258,-60.87286,-921.564819,1.0,944.0469768776718,464.41036049704746
3933,0.114746,-62.169323,-921.625305,1.0,944.4770308776717,464.0534574970475
3934,0.116211,-63.49057,-921.688721,1.0,945.5825598776718,462.92134649704747
3935,0.111816,-64.756744,-921.751099,1.0,946.9888708776717,466.50258449704745
3936,0.107422,-65.979378,-921.812683,1.0,979.0104778776717,487.39491849704746
3937,0.113281,-67.262253,-921.878906,1.0,979.7423498776717,485.6323454970475
3938,0.11084,-68.520805,-921.94574,1.0,976.5401408776718,488.3826194970475
3939,0.109375,-69.766113,-922.013733,1.0,981.1329748776717,489.9662074970475
3940,0.11084,-71.029129,-922.0849,1.0,1176.4568888776716,365.39189749704747
3941,0.105957,-72.242165,-922.155029,1.0,1312.6277868776717,235.7332974970475
3942,0.113281,-73.537369,-922.231689,1.0,1308.2487588776717,217.7321374970475
3943,0.10791,-74.773376,-922.306519,1.0,1238.0934858776718,256.4474544970475
3944,0.112305,-76.063568,-922.385315,1.0,1022.8690588776717,456.35738149704747
3945,0.115723,-77.395065,-922.466797,1.0,1026.3377478776717,455.5852874970475
3946,0.117188,-78.741608,-922.549011,1.0,1030.8036908776717,455.9537864970475
3947,0.109863,-80.012405,-922.626221,1.0,1027.3611248776717,456.2620754970475
3948,0.110352,-81.292366,-922.703674,1.0,988.6952308776717,457.2631124970475
3949,0.111328,-82.584915,-922.781311,1.0,948.8203528776718,454.54256249704747
3950,0.111328,-83.881485,-922.858582,1.0,947.6210128776718,446.8570154970475
3951,0.11084,-85.175156,-922.934753,1.0,944.1887618776717,442.5888884970475
3952,0.112305,-86.488922,-923.010986,1.0,922.6728918776718,375.7399804970475
3953,0.108398,-87.767784,-923.083862,1.0,905.5271398776717,320.39681049704745
3954,0.111328,-89.073929,-923.157043,1.0,988.2425948776718,482.03526849704747
3955,0.11377,-90.421234,-923.230835,1.0,989.6143598776717,480.3070584970475
3956,0.116211,-91.798241,-923.304871,1.0,990.2616378776718,480.91301549704747
3957,0.11084,-93.116608,-923.374268,1.0,1335.1449988776717,174.10447449704748
3958,0.118164,-94.525826,-923.446472,1.0,1321.7977088776718,176.01612649704748
3959,0.11084,-95.84919,-923.512329,1.0,1280.7977088776718,206.26959749704747
3960,0.122559,-97.319275,-923.583801,1.0,1282.8544718776718,206.05548649704747
3961,0.111816,-98.662064,-923.647949,1.0,1284.5901898776717,207.6644804970475
3962,0.115723,-100.059929,-923.713989,1.0,1287.1978558776718,208.80333549704747
3963,0.11377,-101.436661,-923.77887,1.0,1285.8758338776718,209.70006349704747
3964,0.11377,-102.817001,-923.843811,1.0,1341.6507368776718,258.9067894970475
3965,0.108398,-104.133308,-923.905701,1.0,1370.9827678776717,291.0837454970475
3966,0.111328,-105.487541,-923.969177,1.0,1372.8666788776718,293.0447134970475
3967,0.115234,-106.896111,-924.035034,1.0,1212.9078168776718,309.63596149704745
3968,0.112793,-108.274826,-924.099304,1.0,998.5057168776717,490.9190574970475
3969,0.10498,-109.567818,-924.159607,1.0,1004.1921178776718,488.0360924970475
3970,0.115723,-110.987862,-924.225708,1.0,1003.0132238776717,490.5476894970475
3971,0.115234,-112.410652,-924.29187,1.0,961.7521768776718,470.1361904970475
3972,0.11377,-113.813141,-924.357117,1.0,960.9857588776717,468.8617154970475
3973,0.108398,-115.156532,-924.419678,1.0,936.7782998776718,457.2303064970475
3974,0.116699,-116.606621,-924.487183,1.0,937.5990398776718,456.3374234970475
3975,0.113281,-118.013924,-924.552917,1.0,547.4094948776717,564.2072044970475
3976,0.115234,-119.44915,-924.620239,1.0,435.16480487767177,589.2226774970475
3977,0.111816,-120.847939,-924.686584,1.0,406.09385187767174,585.6127524970475
3978,0.109863,-122.222771,-924.75238,1.0,357.10679087767176,446.98274749704746
3979,0.113281,-123.644806,-924.820984,1.0,938.4755048776717,423.12163349704747
3980,0.116211,-125.104965,-924.892151,1.0,956.8209638776717,432.7152614970475
3981,0.112793,-126.525314,-924.962219,1.0,958.4374798776718,437.6682334970475
3982,0.11084,-127.927437,-925.032288,1.0,959.5693158776718,436.4847624970475
3983,0.110352,-129.32547,-925.103333,1.0,960.4804488776717,432.8875634970475
3984,0.116699,-130.801254,-925.17981,1.0,958.2833658776717,434.57896949704747
3985,0.101074,-132.085999,-925.247559,1.0,955.9707438776718,433.1879784970475
3986,0.101074,-133.3703,-925.316589,1.0,1032.8229778776717,469.3011984970475
3987,0.100098,-134.647934,-925.386536,1.0,1031.8987218776717,468.20482449704747
3988,0.111816,-136.076828,-925.46637,1.0,1010.0738928776717,479.0911464970475
3989,0.103516,-137.39856,-925.541504,1.0,991.1088048776718,481.31368049704747
3990,0.104492,-138.740738,-925.619263,1.0,994.2059728776718,480.96394949704745
3991,0.109863,-140.152542,-925.702515,1.0,997.1961468776717,488.14586449704746
3992,0.104492,-141.496185,-925.783081,1.0,997.0321448776717,484.7155974970475
3993,0.111816,-142.934509,-925.870911,1.0,654.5017498776717,261.6593374970475
3994,0.104004,-144.276443,-925.954346,1.0,406.70447787767176,346.97578949704746
3995,0.11084,-145.705185,-926.044556,1.0,474.5303448776718,390.3859154970475
3996,0.103027,-147.036804,-926.129883,1.0,463.4890548776718,381.04900149704747
3997,0.105469,-148.400085,-926.218384,1.0,444.83994587767177,367.3973594970475
3998,0.111328,-149.843353,-926.313049,1.0,447.69404087767174,357.2553614970475
3999,0.108887,-151.260162,-926.407104,1.0,484.68802887767174,356.01405949704747
4000,0.118164,-152.796478,-926.510071,1.0,487.94190487767173,353.99407049704746
4001,0.111328,-154.244492,-926.608032,1.0,490.2694498776718,350.22682749704745
4002,0.113281,-155.724106,-926.709045,1.0,495.49433387767175,349.4955954970475
4003,0.112793,-157.196503,-926.810425,1.0,522.1643468776717,281.57347649704747
4004,0.106934,-158.59433,-926.907532,1.0,1318.3405558776717,206.59622749704747
4005,0.112793,-160.077148,-927.011414,1.0,1312.0524698776717,203.97279949704748
4006,0.101074,-161.404083,-927.105347,1.0,1309.5452678776717,202.9582274970475
4007,0.114258,-162.902954,-927.212219,1.0,998.7206828776717,471.41618949704747
4008,0.111816,-164.376648,-927.318298,1.0,1004.0319008776718,473.84184849704747
4009,0.108887,-165.815201,-927.422668,1.0,999.5240888776717,471.3285124970475
4010,0.112793,-167.308685,-927.531677,1.0,978.2264198776718,468.9360564970475
4011,0.102539,-168.660767,-927.630493,1.0,973.9135538776718,464.46581049704747
4012,0.104004,-170.040375,-927.731262,1.0,1198.8567908776718,322.56111749704746
4013,0.11084,-171.507568,-927.838562,1.0,1299.4836218776718,226.15361549704747
4014,0.103516,-172.877716,-927.938477,1.0,1298.0909218776717,224.7962244970475
4015,0.110352,-174.341995,-928.044861,1.0,1174.0450238776718,306.41559449704744
4016,0.105469,-175.742386,-928.145386,1.0,986.4482828776718,460.6470854970475
4017,0.106445,-177.162323,-928.245728,1.0,985.9410808776718,465.4135954970475
4018,0.10791,-178.596939,-928.344543,1.0,973.8541058776717,461.76021349704746
4019,0.101562,-179.951141,-928.434937,1.0,958.3069868776718,458.9164334970475
4020,0.108887,-181.401337,-928.528137,1.0,953.0882978776717,461.9476524970475
4021,0.107422,-182.830994,-928.616638,1.0,950.3888348776718,460.2531034970475
4022,0.104492,-184.229477,-928.699585,1.0,946.9267378776717,462.4637964970475
4023,0.109375,-185.690872,-928.78363,1.0,1006.5793868776717,489.0793364970475
4024,0.105469,-187.105606,-928.862915,1.0,1006.3392128776718,490.26073249704746
4025,0.108887,-188.568237,-928.943176,1.0,1006.7120158776718,487.82494149704746
4026,0.104492,-189.969452,-929.018616,1.0,1001.4510298776718,469.68559849704747
4027,0.101074,-191.324799,-929.090454,1.0,885.6836958776718,263.27527449704746
4028,0.10791,-192.775604,-929.165955,1.0,905.1674598776717,287.05690549704747
4029,0.108398,-194.230804,-929.240173,1.0,979.5646158776717,483.59633449704745
4030,0.100586,-195.583878,-929.307739,1.0,980.6081338776718,481.7820644970475
4031,0.10498,-197.002365,-929.377014,1.0,984.6162518776717,481.4464014970475
4032,0.110352,-198.484787,-929.447815,1.0,971.0066938776718,456.2431544970475
4033,0.101074,-199.84285,-929.511353,1.0,965.4004928776718,454.2921964970475
4034,0.101562,-201.203354,-929.573547,1.0,963.3692428776718,449.9585784970475
4035,0.109863,-202.665726,-929.638916,1.0,959.9835608776717,447.0665494970475
4036,0.10498,-204.068832,-929.700317,1.0,951.3576458776718,448.90196749704745
4037,0.114746,-205.587433,-929.765259,1.0,942.0493568776717,452.76149549704746
4038,0.104004,-206.959854,-929.822388,1.0,940.3494668776717,449.5228784970475
4039,0.108887,-208.389938,-929.880554,1.0,938.6204018776717,443.18089849704745
4040,0.105469,-209.763824,-929.934753,1.0,937.2466228776717,442.62300649704747
4041,0.116211,-211.258423,-929.992432,1.0,934.9759318776718,445.1233424970475
4042,0.101074,-212.548248,-930.040588,1.0,930.4474288776718,444.3604334970475
4043,0.102539,-213.843903,-930.087646,1.0,995.3613688776718,440.4163414970475
4044,0.107422,-215.190018,-930.134399,1.0,991.5641888776718,439.6166894970475
4045,0.105469,-216.50528,-930.178101,1.0,924.2764688776717,308.90160149704747
4046,0.100586,-217.743591,-930.21698,1.0,863.1087438776717,285.4223074970475
4047,0.100586,-218.974411,-930.253418,1.0,980.0397748776718,441.7045194970475
4048,0.101562,-220.202423,-930.287598,1.0,979.5452068776717,444.7922574970475
4049,0.100098,-221.408142,-930.31897,1.0,978.0529578776717,450.0126554970475
4050,0.115234,-222.778091,-930.351929,1.0,980.7370398776718,446.7258204970475
4051,0.115234,-224.13942,-930.380615,1.0,1025.3514198776718,460.79576649704745
4052,0.100586,-225.309906,-930.400635,1.0,1052.2773238776717,472.3157254970475
4053,0.115723,-226.654877,-930.417053,1.0,1050.6480508776717,470.2853904970475
4054,0.102051,-227.821884,-930.42511,1.0,1011.6409098776718,463.3358974970475
4055,0.102539,-228.988724,-930.427185,1.0,975.0392858776718,447.64269049704745
4056,0.10791,-230.205551,-930.423584,1.0,974.8826698776718,451.9102384970475
4057,0.106445,-231.395996,-930.414795,1.0,969.5538738776718,451.48464049704745
4058,0.100098,-232.506439,-930.402649,1.0,930.2095128776717,438.65288349704747
4059,0.100098,-233.602509,-930.388245,1.0,925.5415448776718,437.03999849704746
4060,0.116211,-234.86824,-930.371338,1.0,917.8691808776717,437.8276274970475
4061,0.101562,-235.964996,-930.35791,1.0,907.7952068776717,433.0452174970475
4062,0.102051,-237.055939,-930.346252,1.0,885.9629928776718,432.3623564970475
4063,0.106934,-238.187897,-930.335876,1.0,881.6396278776717,431.6755884970475
4064,0.104492,-239.285187,-930.327148,1.0,879.5060828776717,431.8908294970475
4065,0.100098,-240.325256,-930.319458,1.0,877.7157998776718,432.42763349704745
4066,0.102539,-241.383209,-930.311646,1.0,877.5591228776717,435.8184714970475
4067,0.116211,-242.57019,-930.302551,1.0,873.0370278776718,435.7133994970475
4068,0.115723,-243.744446,-930.293396,1.0,874.2662758776718,433.8107504970475
4069,0.100586,-244.753006,-930.285828,1.0,1301.4863078776718,202.68623949704747
4070,0.116699,-245.911469,-930.27887,1.0,1291.1865028776717,202.92880849704747
4071,0.100586,-246.902786,-930.275146,1.0,1285.1742958776717,204.0172934970475
4072,0.101074,-247.891617,-930.276611,1.0,1132.2049358776717,278.2147274970475
4073,0.104004,-248.897293,-930.288147,1.0,932.5509438776718,432.73421249704745
4074,0.110352,-249.953064,-930.313782,1.0,962.6550698776717,438.36949749704746
4075,0.100586,-250.908051,-930.348389,1.0,970.5189618776717,447.33370049704746
4076,0.100586,-251.854202,-930.391357,1.0,974.1360878776718,454.7737944970475
4077,0.100586,-252.793106,-930.439331,1.0,981.4517008776718,455.3822534970475
4078,0.100098,-253.719925,-930.488647,1.0,940.3072918776718,467.2443444970475
4079,0.101074,-254.643875,-930.537292,1.0,939.4582318776718,468.64061549704746
4080,0.101562,-255.566589,-930.584534,1.0,941.0766398776717,469.8444114970475
4081,0.115723,-256.609161,-930.636292,1.0,939.7826948776717,472.0141814970475
4082,0.104004,-257.53595,-930.68103,1.0,1016.1921178776718,511.5118004970475
4083,0.115723,-258.558807,-930.728699,1.0,1024.8518468776717,508.98119149704746
4084,0.123535,-259.637604,-930.775635,1.0,1021.9759318776718,507.7241114970475
4085,0.106445,-260.558807,-930.811951,1.0,1025.2751258776716,509.82683349704746
4086,0.106934,-261.478271,-930.843689,1.0,998.9066568776717,456.92720549704745
4087,0.106934,-262.387573,-930.870117,1.0,1029.2521158776717,439.0822044970475
4088,0.104492,-263.265167,-930.890808,1.0,1274.6653848776718,224.95618249704748
4089,0.110352,-264.162964,-930.907288,1.0,1270.9946088776717,223.54891049704747
4090,0.104492,-264.964447,-930.918335,1.0,1304.2601118776718,205.1742304970475
4091,0.108398,-265.761658,-930.926636,1.0,1300.1691688776718,206.01962849704748
4092,0.109375,-266.533051,-930.932922,1.0,916.1995648776717,430.2941494970475
4093,0.109863,-267.263367,-930.939758,1.0,917.8221838776717,410.5473234970475
4094,0.106934,-267.963623,-930.950562,1.0,909.9402258776718,401.63847949704746
4095,0.110352,-268.695618,-930.96936,1.0,885.3048498776717,407.73995049704746
4096,0.107422,-269.39563,-930.995789,1.0,881.0478308776718,397.2726344970475
4097,0.111328,-270.096222,-931.031128,1.0,899.7523598776718,390.0570274970475
4098,0.103516,-270.739563,-931.071228,1.0,905.7428388776717,402.7845364970475
4099,0.10791,-271.408112,-931.118713,1.0,914.7427168776718,394.0598964970475
4100,0.10498,-272.042084,-931.167786,1.0,915.6391398776717,398.0793364970475
4101,0.10791,-272.678436,-931.220642,1.0,916.2531538776717,393.3027554970475
4102,0.11084,-273.325989,-931.277771,1.0,946.6365758776717,398.47588149704745
4103,0.10498,-273.931854,-931.335327,1.0,956.4529828776717,411.5150664970475
4104,0.109863,-274.55014,-931.399109,1.0,962.3501998776718,420.0798854970475
4105,0.102539,-275.1138,-931.462158,1.0,971.9030558776717,426.2683924970475
4106,0.100098,-275.660156,-931.528076,1.0,996.7189128776718,423.3018094970475
4107,0.100098,-276.197937,-931.597351,1.0,1002.6405438776718,426.08119749704747
4108,0.101074,-276.731781,-931.670227,1.0,1005.9902748776717,427.3623254970475
4109,0.104492,-277.272766,-931.747681,1.0,1026.6040448776716,434.4804594970475
4110,0.11084,-277.839569,-931.832581,1.0,1109.4504188776718,365.8311674970475
4111,0.103516,-278.362213,-931.913696,1.0,1143.0062048776717,528.8943084970474
4112,0.112305,-278.917053,-932.002625,1.0,1146.0018108776717,528.4264434970476
4113,0.101562,-279.412476,-932.083862,1.0,1144.6486608776718,525.3719694970475
4114,0.100098,-279.893494,-932.164001,1.0,1041.899637877672,419.81746449704747
4115,0.115234,-280.437225,-932.255249,1.0,1048.9677528776717,414.2391264970475
4116,0.100586,-280.904938,-932.333679,1.0,1050.5687048776717,410.3253994970475
4117,0.100098,-281.364044,-932.409851,1.0,1040.1228438776716,406.4461264970475
4118,0.100098,-281.816437,-932.483032,1.0,1111.5125528776719,395.1970724970475
4119,0.116699,-282.337311,-932.564636,1.0,1043.3701578776718,411.96211849704747
4120,0.115723,-282.845673,-932.640564,1.0,961.3790688776718,308.3234924970475
4121,0.101562,-283.283966,-932.703369,1.0,1027.8825478776716,361.4728294970475
4122,0.102051,-283.719543,-932.763306,1.0,1028.7466228776716,403.59966049704747
4123,0.115234,-284.203552,-932.827698,1.0,1027.9644568776716,396.0596214970475
4124,0.116211,-284.685242,-932.890381,1.0,1038.4886268776718,388.75490349704745
4125,0.115723,-285.154999,-932.950623,1.0,1034.8644208776718,384.9723724970475
4126,0.115723,-285.617126,-933.009277,1.0,1033.4161788776719,389.69554749704747
4127,0.101562,-286.018433,-933.059387,1.0,1033.2348428776718,386.34898949704746
4128,0.101074,-286.410126,-933.107788,1.0,1036.0782878776718,383.6481534970475
4129,0.100098,-286.794922,-933.154114,1.0,1035.5030928776719,385.11470549704745
4130,0.115234,-287.229462,-933.20459,1.0,1033.9003088776717,379.30632549704745
4131,0.102539,-287.610718,-933.246704,1.0,1034.8492228776718,379.28923649704745
4132,0.104004,-287.991577,-933.286621,1.0,1034.0146888776717,378.8453274970475
4133,0.106445,-288.376617,-933.324829,1.0,1053.5135908776717,398.89208049704746
4134,0.103516,-288.74527,-933.359497,1.0,1057.271585877672,399.3034574970475
4135,0.101074,-289.101257,-933.391052,1.0,1154.9771528776716,387.3257654970475
4136,0.100098,-289.446808,-933.419739,1.0,1159.2459508776717,387.5504354970475
4137,0.115723,-289.842804,-933.450195,1.0,1159.2297158776717,386.71712249704746
4138,0.100098,-290.179047,-933.47406,1.0,1156.2338668776717,383.5523894970475
4139,0.116699,-290.566498,-933.499329,1.0,1142.7681678776717,384.08849149704747
4140,0.100098,-290.893127,-933.518738,1.0,939.3454998776717,384.0456444970475
4141,0.100586,-291.217865,-933.53656,1.0,937.1079508776718,380.0833034970475
4142,0.116699,-291.587494,-933.55542,1.0,1105.0209758776718,438.3734954970475
4143,0.100098,-291.901672,-933.570435,1.0,1399.1177778776716,539.8080044970475
4144,0.116699,-292.26297,-933.587097,1.0,1389.6667278776717,535.2461754970475
4145,0.116699,-292.620667,-933.602966,1.0,1388.3647258776718,532.8041284970475
4146,0.100586,-292.925659,-933.616272,1.0,1455.5593058776717,352.4912014970475
4147,0.115234,-293.271698,-933.631042,1.0,937.0465498776717,397.8410244970475
4148,0.101074,-293.571808,-933.643921,1.0,943.8804118776718,356.83241849704746
4149,0.116211,-293.914398,-933.65863,1.0,942.5423378776718,356.10387249704746
4150,0.101074,-294.202911,-933.671021,1.0,941.6634318776718,361.13957749704747
4151,0.116699,-294.51651,-933.684265,1.0,941.3221838776717,359.3180444970475
4152,0.100586,-294.752411,-933.694153,1.0,938.7998458776717,361.8106594970475
4153,0.115234,-294.943817,-933.702209,1.0,935.2350868776717,361.6360374970475
4154,0.100586,-295.01767,-933.7052,1.0,936.2889198776718,360.3514304970475
4155,0.115234,-295.022125,-933.705383,1.0,934.0366008776717,359.4817404970475
4156,0.102051,-295.008209,-933.704773,1.0,936.4359538776717,356.8763334970475
4157,0.116211,-294.995117,-933.704346,1.0,936.2496748776717,353.4957484970475
4158,0.116211,-294.993469,-933.704346,1.0,916.0424598776717,310.20117749704747
4159,0.100098,-294.998077,-933.704529,1.0,927.9252118776717,266.2018184970475
4160,0.116211,-295.003296,-933.70459,1.0,981.9226478776718,-64.22656450295253
4161,0.115723,-295.004456,-933.70459,1.0,981.9226478776718,-64.22656450295253
4162,0.101562,-295.00296,-933.704529,1.0,981.9226478776718,-64.22656450295253
4163,0.100586,-295.001221,-933.704468,1.0,981.9226478776718,-64.22656450295253
4164,0.115723,-295.000427,-933.704407,0.0,68.50205487767175,57.29787249704748
4165,0.100586,-295.000885,-933.704468,1.0,961.4592688776718,482.3850004970475
4166,0.114746,-295.001678,-933.704529,1.0,964.3323768776718,464.0476894970475
4167,0.101074,-295.002014,-933.70459,1.0,958.5345258776717,463.4778654970475
4168,0.115723,-295.001892,-933.704529,1.0,1098.4084268776717,491.4526574970475
4169,0.116699,-295.001556,-933.704529,1.0,1099.9438268776717,496.1445214970475
4170,0.114258,-295.001373,-933.704529,1.0,1039.1963908776718,457.5879424970475
4171,0.112793,-295.001404,-933.704529,1.0,1035.4291788776718,460.8770044970475
4172,0.101074,-295.001465,-933.70459,1.0,1031.502176877672,460.5186674970475
4173,0.104492,-295.001495,-933.704529,1.0,1026.884012877672,459.04729249704747
4174,0.102539,-295.001495,-933.704529,1.0,829.6841838776718,456.5301724970475
4175,0.100098,-295.001495,-933.704529,1.0,610.2470498776718,441.7649134970475
4176,0.100586,-295.001465,-933.704529,1.0,524.0069988776718,444.4604394970475
4177,0.103027,-295.001465,-933.704529,1.0,436.1709698776718,453.5363674970475
4178,0.114258,-295.001465,-933.704529,1.0,441.4317118776718,446.91850849704747
4179,0.100098,-295.001465,-933.704529,1.0,576.4599408776717,457.5252894970475
4180,0.115723,-295.001465,-933.704529,1.0,1100.1061808776717,462.10524549704746
4181,0.100586,-295.001465,-933.704529,1.0,1101.4134318776717,462.46660449704746
4182,0.100098,-295.001434,-933.704529,1.0,1343.5744428776718,471.64507049704747
4183,0.100098,-295.001465,-933.704468,1.0,1342.3884078776719,466.8134974970475
4184,0.116211,-295.001465,-933.704529,1.0,1340.6238808776718,463.7139184970475
4185,0.100098,-295.001465,-933.704529,1.0,1332.9684858776718,457.02730349704746
4186,0.100586,-295.001465,-933.704529,1.0,1456.7934368776719,452.0639854970475
4187,0.116211,-295.001465,-933.70459,1.0,1527.2344768776718,446.8696494970475
4188,0.100586,-295.001465,-933.704529,1.0,1524.6578168776718,442.79567549704745
4189,0.115723,-295.001465,-933.704529,1.0,1521.1540328776719,442.0939844970475
4190,0.114746,-295.001465,-933.704529,1.0,1521.4258828776717,444.40331049704747
4191,0.101562,-295.001465,-933.704529,1.0,1516.1366988776717,439.3080654970475
4192,0.116699,-295.001465,-933.704529,1.0,1003.5029088776718,521.1154684970475
4193,0.108398,-295.001465,-933.704529,1.0,989.4250898776718,516.8744714970475
4194,0.112793,-295.001465,-933.704529,1.0,896.4925948776718,534.3757534970475
4195,0.114258,-295.001465,-933.704529,1.0,806.8991498776718,548.9392604970475
4196,0.11377,-295.001465,-933.704529,1.0,639.2676798776718,553.6290494970475
4197,0.100586,-295.001465,-933.704529,1.0,537.9281408776717,559.4432584970475
4198,0.100098,-295.001465,-933.704529,1.0,542.3416238776717,561.4549154970475
4199,0.100098,-295.001465,-933.704529,1.0,737.7483928776718,555.6657614970475
4200,0.115723,-295.001465,-933.704529,1.0,773.9051918776718,426.48375549704747
4201,0.101074,-295.001465,-933.704529,1.0,704.5839638776717,301.18337049704746
4202,0.101074,-295.001465,-933.704529,1.0,1109.7597448776717,507.1118984970475
4203,0.115234,-295.001465,-933.704529,1.0,1089.3210858776717,239.9960844970475
4204,0.101074,-295.001465,-933.704529,1.0,1089.3210858776717,239.9960844970475
4205,0.116699,-295.001465,-933.704529,1.0,1089.3210858776717,239.9960844970475
4206,0.115723,-295.001465,-933.704529,1.0,1089.3210858776717,239.9960844970475
4207,0.100098,-295.001465,-933.704529,1.0,1089.3210858776717,239.9960844970475
4208,0.115723,-295.001465,-933.704529,0.0,68.50205487767175,57.29787249704748
4209,0.11377,-295.001465,-933.704529,1.0,1342.4045208776718,533.3964134970474
4210,0.113281,-295.001434,-933.704529,1.0,1344.6064248776718,536.9893704970475
4211,0.11084,-295.001465,-933.704529,1.0,1492.0694378776718,454.38658749704746
4212,0.114258,-295.001465,-933.704529,1.0,1481.3306678776717,448.7859404970475
4213,0.101074,-295.001465,-933.704529,1.0,1467.9273478776718,508.39089049704745
4214,0.100098,-295.001465,-933.704529,1.0,1441.2481488776718,540.5784204970475
4215,0.116699,-295.001465,-933.704529,1.0,1459.4694618776718,437.92351349704745
4216,0.116211,-295.001465,-933.704529,1.0,1503.6143598776719,441.14912949704745
4217,0.116699,-295.001465,-933.704529,1.0,1540.0409948776717,441.93681949704745
4218,0.100586,-295.001495,-933.704529,1.0,1535.3080848776717,440.9393514970475
4219,0.100586,-295.001465,-933.704529,1.0,1528.9750768776717,439.1619474970475
4220,0.115723,-295.001465,-933.704529,1.0,1515.1227828776719,442.9242154970475
4221,0.100586,-295.001465,-933.704529,1.0,1514.9222208776719,441.3549704970475
4222,0.116699,-295.001465,-933.704529,1.0,1515.8265178776717,440.0706694970475
4223,0.11377,-295.001465,-933.704529,1.0,1511.6301068776718,438.8400174970475
4224,0.101562,-295.001465,-933.704529,1.0,1032.7740888776716,524.8470974970475
4225,0.116211,-295.001465,-933.704529,1.0,903.5914718776718,540.4034934970475
4226,0.11377,-295.001465,-933.704529,1.0,852.8426918776718,545.1907254970474
4227,0.11084,-295.001465,-933.704529,1.0,586.1690468776718,566.2342734970475
4228,0.110352,-295.001465,-933.704529,1.0,589.8068038776718,565.6812034970475
4229,0.114258,-295.001465,-933.704529,1.0,568.8487648776718,563.9716394970475
4230,0.115723,-295.001465,-933.704529,1.0,561.4102278776718,556.3625694970475
4231,0.108887,-295.001465,-933.704529,1.0,1090.2204998776717,537.1089684970475
4232,0.110352,-295.001465,-933.704529,1.0,1088.3294478776718,517.6775414970475
4233,0.116211,-295.001465,-933.704529,1.0,1088.8079018776716,516.9166464970474
4234,0.116211,-295.001465,-933.704529,1.0,1116.7187298776716,521.0114344970475
4235,0.100586,-295.001465,-933.704529,1.0,1113.1935828776718,517.2471524970474
4236,0.100098,-295.001617,-933.704529,1.0,1015.9435828776717,439.0550444970475
4237,0.101074,-295.003265,-933.704529,1.0,1012.0381878776717,439.1378994970475
4238,0.116211,-295.00769,-933.704712,1.0,1011.3758948776717,438.9608664970475
4239,0.108887,-295.014374,-933.705078,1.0,1007.7546798776717,438.5644434970475
4240,0.101074,-295.022736,-933.705383,1.0,971.4333898776717,433.3096214970475
4241,0.115723,-295.03476,-933.705688,1.0,972.9280188776718,441.7035124970475
4242,0.107422,-295.048157,-933.705994,1.0,973.7107948776718,446.5787564970475
4243,0.100586,-295.062744,-933.706604,1.0,972.7482708776718,445.96642149704746
4244,0.100098,-295.080841,-933.707214,1.0,942.3637488776718,373.7782804970475
4245,0.116211,-295.114014,-933.708252,1.0,914.8896888776718,306.1553094970475
4246,0.101074,-295.168945,-933.710144,1.0,916.0503948776718,306.53018749704745
4247,0.116211,-295.280731,-933.713684,1.0,917.6663008776718,307.43553749704745
4248,0.116699,-295.448639,-933.718933,1.0,914.3291418776718,303.3519494970475
4249,0.116699,-295.672485,-933.726013,1.0,1027.6410318776716,416.9587614970475
4250,0.116211,-295.950195,-933.734375,1.0,1025.6879068776716,410.8832914970475
4251,0.100586,-296.235809,-933.742798,1.0,1025.1304118776718,412.5343834970475
4252,0.100586,-296.562836,-933.752075,1.0,907.2132368776718,414.34203149704746
4253,0.101074,-296.932343,-933.762146,1.0,775.4340618776718,422.5129294970475
4254,0.116211,-297.409363,-933.774353,1.0,769.0575358776717,419.6934714970475
4255,0.100098,-297.862854,-933.785889,1.0,727.4368688776717,421.1383574970475
4256,0.116211,-298.441528,-933.80127,1.0,613.8906658776717,415.7020474970475
4257,0.115234,-299.070587,-933.819763,1.0,616.4349158776718,409.20476349704745
4258,0.102051,-299.671173,-933.840088,1.0,647.6907148776718,407.32375149704745
4259,0.100098,-300.299835,-933.865479,1.0,634.3946328776717,403.78072149704747
4260,0.114746,-301.074677,-933.903381,1.0,631.6260778776717,399.02943949704746
4261,0.115723,-301.903351,-933.953735,1.0,631.1268108776718,386.90556949704745
4262,0.116699,-302.761108,-934.017334,1.0,542.1289778776718,450.96257549704745
4263,0.102051,-303.494843,-934.082642,1.0,487.9153848776717,506.5929464970475
4264,0.101074,-304.204987,-934.158081,1.0,517.2047828776717,499.5126554970475
4265,0.100098,-304.89563,-934.245605,1.0,581.4956458776718,391.7241114970475
4266,0.117188,-305.690094,-934.368774,1.0,583.7989908776717,388.47038849704745
4267,0.116211,-306.454987,-934.5177,1.0,643.2010298776718,380.91206949704747
4268,0.115723,-307.198181,-934.699707,1.0,646.1409708776717,383.8322654970475
4269,0.101074,-307.828735,-934.888855,1.0,649.6700238776717,386.93456049704747
4270,0.116211,-308.525055,-935.142334,1.0,655.1883338776718,386.27266449704746
4271,0.100098,-309.098846,-935.391907,1.0,665.4762368776718,388.8166714970475
4272,0.114258,-309.725067,-935.711121,1.0,673.8063758776717,389.8877464970475
4273,0.101562,-310.25354,-936.020569,1.0,677.6341958776718,391.4047454970475
4274,0.101562,-310.758942,-936.352966,1.0,649.3227338776718,386.70680849704746
4275,0.115723,-311.302429,-936.753601,1.0,657.6944988776718,385.3217374970475
4276,0.115723,-311.813782,-937.175354,1.0,668.8341468776717,385.39482649704746
4277,0.100586,-312.233337,-937.558472,1.0,644.7402138776717,398.0761624970475
4278,0.101074,-312.628815,-937.955322,1.0,652.2087808776718,394.8713584970475
4279,0.100098,-312.995209,-938.35907,1.0,661.3815718776717,397.03648949704746
4280,0.116211,-313.390442,-938.839417,1.0,674.8713788776718,399.5485434970475
4281,0.111816,-313.74292,-939.311035,1.0,649.1967568776718,406.8146874970475
4282,0.10791,-314.062653,-939.774231,1.0,661.4019568776718,407.9292814970475
4283,0.110352,-314.369141,-940.249207,1.0,674.5869548776717,406.9546414970475
4284,0.111816,-314.660248,-940.730225,1.0,823.4978438776717,403.14226349704745
4285,0.106445,-314.921753,-941.19165,1.0,838.2795208776718,399.7304594970475
4286,0.102051,-315.157166,-941.634277,1.0,845.5350748776717,397.55544049704747
4287,0.112793,-315.406158,-942.133972,1.0,854.9559728776718,394.4615684970475
4288,0.105957,-315.6297,-942.612366,1.0,801.9114178776717,382.0736294970475
4289,0.108887,-315.85202,-943.11499,1.0,809.5735268776717,381.95931049704745
4290,0.105957,-316.06134,-943.613647,1.0,818.9282018776718,375.75856549704747
4291,0.10791,-316.269287,-944.135071,1.0,824.2045088776717,376.8241484970475
4292,0.106445,-316.471344,-944.668579,1.0,786.3550208776718,299.2814844970475
4293,0.100098,-316.657257,-945.186829,1.0,745.6258338776718,315.26836249704746
4294,0.11377,-316.860992,-945.79187,1.0,794.6768598776717,419.68739849704747
4295,0.110352,-317.050964,-946.400208,1.0,797.6993818776717,424.97200549704746
4296,0.111328,-317.233276,-947.034912,1.0,801.2223308776718,423.4996854970475
4297,0.114746,-317.413239,-947.722656,1.0,808.8337808776718,425.11031149704746
4298,0.11377,-317.579468,-948.428345,1.0,790.6243688776717,421.0679534970475
4299,0.109863,-317.729614,-949.138855,1.0,797.1395668776718,415.4676724970475
4300,0.11084,-317.872986,-949.888062,1.0,812.6745398776718,414.63435949704746
4301,0.112793,-318.010864,-950.672607,1.0,883.6456708776717,426.3235984970475
4302,0.106934,-318.138214,-951.439392,1.0,893.6103308776718,424.4168304970475
4303,0.109863,-318.269043,-952.24939,1.0,911.5622358776717,425.4937644970475
4304,0.105469,-318.395691,-953.045593,1.0,1029.5856728776716,514.6500754970475
4305,0.11084,-318.53009,-953.899597,1.0,1036.4047038776716,518.6258444970474
4306,0.104492,-318.657257,-954.720032,1.0,1045.2466228776716,526.6919454970475
4307,0.108887,-318.790253,-955.597534,1.0,1049.9687298776716,523.7716274970475
4308,0.10791,-318.920807,-956.48468,1.0,1053.055887877672,521.3191734970475
4309,0.108398,-319.049591,-957.39386,1.0,1055.3133338776718,520.6381124970475
4310,0.108398,-319.172058,-958.317444,1.0,1056.9914348776717,523.2877714970475
4311,0.108398,-319.284546,-959.263306,1.0,900.5332438776718,421.4118554970475
4312,0.10791,-319.38031,-960.216003,1.0,901.0638838776717,416.13521349704746
4313,0.106934,-319.456696,-961.17572,1.0,916.0151168776717,419.4958404970475
4314,0.108398,-319.514496,-962.166931,1.0,927.9795938776717,414.06328349704745
4315,0.108887,-319.553925,-963.175903,1.0,925.1467078776717,328.68517149704746
4316,0.108398,-319.57901,-964.195862,1.0,931.7374678776717,327.53218649704746
4317,0.102539,-319.594482,-965.166504,1.0,915.4228308776718,312.7354794970475
4318,0.105957,-319.606293,-966.176636,1.0,915.3749798776718,312.6197564970475
4319,0.107422,-319.617004,-967.197876,1.0,952.0218908776718,361.5686544970475
4320,0.104492,-319.62793,-968.19342,1.0,996.0351358776718,436.9948634970475
4321,0.10791,-319.641022,-969.23877,1.0,997.3998208776718,437.19307549704746
4322,0.105469,-319.655945,-970.301331,1.0,994.1171668776717,434.7264914970475
4323,0.110352,-319.673553,-971.456604,1.0,978.5834148776718,469.8351034970475
4324,0.105469,-319.692657,-972.612671,1.0,979.8896888776718,468.5653894970475
4325,0.108398,-319.7164,-973.844238,1.0,976.6547038776717,468.4231774970475
4326,0.108887,-319.746613,-975.103455,1.0,966.4674478776717,465.7868554970475
4327,0.105469,-319.782471,-976.317505,1.0,959.5060218776717,464.73119149704746
4328,0.105957,-319.824951,-977.541382,1.0,954.3047888776717,466.2036034970475
4329,0.10498,-319.873352,-978.768921,1.0,952.7825118776717,470.74245249704745
4330,0.107422,-319.926971,-980.024902,1.0,623.4100138776718,91.78138949704748
4331,0.102539,-319.979736,-981.232056,1.0,958.6830848776717,459.3540854970475
4332,0.105469,-320.033051,-982.484924,1.0,967.3295088776717,466.9741724970475
4333,0.106934,-320.084686,-983.765381,1.0,967.8987838776718,467.7001554970475
4334,0.109375,-320.133911,-985.077881,1.0,963.0958658776717,466.4717314970475
4335,0.102539,-320.176758,-986.313477,1.0,963.6260168776718,467.6637784970475
4336,0.105957,-320.217773,-987.593262,1.0,965.9786788776718,465.92873149704747
4337,0.102539,-320.254608,-988.839722,1.0,963.7737218776717,461.8730674970475
4338,0.104004,-320.289307,-990.114807,1.0,973.9623208776718,411.2288114970475
4339,0.103027,-320.320374,-991.378174,1.0,976.1726478776718,410.8189904970475
4340,0.103516,-320.348175,-992.6521,1.0,974.2030438776718,411.0187584970475
4341,0.108398,-320.373718,-993.990173,1.0,914.8846838776717,325.2616484970475
4342,0.106445,-320.396149,-995.310791,1.0,914.7142738776718,323.16475449704745
4343,0.103516,-320.416809,-996.600159,1.0,908.0420328776718,319.10249849704746
4344,0.103516,-320.437347,-997.895691,1.0,909.8677778776718,320.20424449704745
4345,0.106934,-320.459167,-999.237915,1.0,911.0674238776718,322.30690549704747
4346,0.104004,-320.481171,-1000.546631,1.0,1303.5323278776718,275.1788534970475
4347,0.103027,-320.503967,-1001.855713,1.0,1297.9379678776718,272.6061154970475
4348,0.102539,-320.527435,-1003.155273,1.0,1077.9266158776718,239.20219949704747
4349,0.10498,-320.552246,-1004.491943,1.0,369.7621558776718,76.42587649704748
4350,0.103516,-320.577728,-1005.814331,1.0,380.54810587767173,74.23653249704748
4351,0.104004,-320.604553,-1007.152161,1.0,529.2580668776718,89.49422249704747
4352,0.111328,-320.634857,-1008.58783,1.0,928.5651648776718,409.6492214970475
4353,0.10498,-320.664856,-1009.945557,1.0,960.2215978776718,407.8317774970475
4354,0.10791,-320.696869,-1011.3396,1.0,939.4466958776718,346.6460474970475
4355,0.106445,-320.729431,-1012.723816,1.0,935.4902748776717,326.70937149704747
4356,0.102051,-320.761353,-1014.059753,1.0,933.0385538776718,323.50069249704745
4357,0.108398,-320.795288,-1015.472107,1.0,918.1080728776717,311.06265849704744
4358,0.104492,-320.828461,-1016.847107,1.0,916.7253828776718,311.88451149704747
4359,0.104004,-320.861511,-1018.211914,1.0,916.4682418776717,308.6905574970475
4360,0.107422,-320.896149,-1019.633789,1.0,914.8738198776717,308.5750944970475
4361,0.107422,-320.930939,-1021.052551,1.0,913.0834758776717,308.92293349704744
4362,0.105957,-320.965515,-1022.455383,1.0,967.0621748776717,403.87764549704747
4363,0.105957,-321.000153,-1023.858459,1.0,993.8125408776717,457.80296849704746
4364,0.104004,-321.034302,-1025.241821,1.0,994.8411658776718,459.2374174970475
4365,0.101562,-321.067413,-1026.584595,1.0,995.3624678776717,464.0451864970475
4366,0.102051,-321.100647,-1027.937012,1.0,924.3837688776717,458.23418249704747
4367,0.10791,-321.13562,-1029.359009,1.0,922.7746988776718,460.1899624970475
4368,0.104492,-321.169403,-1030.737793,1.0,922.4062908776717,463.09572449704746
4369,0.109863,-321.204865,-1032.181519,1.0,915.4060468776718,459.65917049704746
4370,0.105957,-321.239166,-1033.577271,1.0,912.1844278776717,454.2232264970475
4371,0.104004,-321.272797,-1034.942139,1.0,912.5393468776717,456.4968774970475
4372,0.107422,-321.307495,-1036.353882,1.0,914.2358198776717,445.58620249704745
4373,0.107422,-321.342041,-1037.758423,1.0,926.8243208776718,320.3701384970475
4374,0.112305,-321.378174,-1039.225708,1.0,925.0106608776717,318.4926664970475
4375,0.102539,-321.411285,-1040.569702,1.0,920.3965858776718,306.22597349704745
4376,0.113281,-321.447571,-1042.04541,1.0,916.6388958776718,307.51959749704747
4377,0.112305,-321.483551,-1043.51123,1.0,914.7066448776718,301.24852549704747
4378,0.112793,-321.519653,-1044.980225,1.0,960.5809118776717,486.7131254970475
4379,0.108398,-321.554382,-1046.393066,1.0,958.9114178776717,477.5280974970475
4380,0.100098,-321.586548,-1047.699097,1.0,960.8570348776717,477.23393849704746
4381,0.113281,-321.622803,-1049.170288,1.0,961.8567908776718,472.2955534970475
4382,0.11084,-321.658234,-1050.611694,1.0,961.8340858776718,477.25523949704746
4383,0.11377,-321.694397,-1052.084961,1.0,963.7356368776717,480.48222949704746
4384,0.106934,-321.728455,-1053.468872,1.0,991.8168738776718,490.54524749704746
4385,0.10498,-321.761932,-1054.829102,1.0,1015.2614538776718,490.83351749704747
4386,0.104492,-321.795227,-1056.184448,1.0,1017.7071328776717,489.4390774970475
4387,0.101074,-321.827332,-1057.490845,1.0,1017.2599288776718,491.97963549704747
4388,0.105469,-321.860809,-1058.85144,1.0,1016.4227088776718,491.6860564970475
4389,0.10498,-321.893982,-1060.198853,1.0,924.6506758776718,469.2076324970475
4390,0.105469,-321.927307,-1061.555542,1.0,462.74262487767174,347.7584744970475
4391,0.104492,-321.960327,-1062.898682,1.0,472.25815887767175,346.1185814970475
4392,0.104004,-321.993256,-1064.235107,1.0,502.99805687767173,341.3631804970475
4393,0.128906,-322.033905,-1065.888306,1.0,533.5717878776718,336.2265224970475
4394,0.105957,-322.067139,-1067.23999,1.0,535.8279828776717,336.0298974970475
4395,0.103027,-322.09964,-1068.56189,1.0,552.6721898776718,341.9469204970475
4396,0.104492,-322.132416,-1069.894165,1.0,550.6262008776717,335.52470949704747
4397,0.10791,-322.166229,-1071.268066,1.0,1462.6564738776717,156.43694849704747
4398,0.111816,-322.201233,-1072.693115,1.0,1359.9148968776717,196.13565649704748
4399,0.106445,-322.233948,-1074.046875,1.0,1354.1873578776717,193.6666314970475
4400,0.107422,-322.265656,-1075.413208,1.0,1305.1702678776717,193.72446249704748
4401,0.10791,-322.295349,-1076.778442,1.0,1304.0295208776718,193.91840149704748
4402,0.108398,-322.322815,-1078.151123,1.0,1304.4800818776719,193.58289149704748
4403,0.105957,-322.347198,-1079.49585,1.0,959.7178138776718,425.52049849704747
4404,0.108887,-322.369598,-1080.868042,1.0,962.8276168776717,425.81703749704747
4405,0.105469,-322.388977,-1082.191528,1.0,960.6794228776718,419.92891449704746
4406,0.104492,-322.406158,-1083.483398,1.0,977.1097208776717,466.73909549704746
4407,0.108398,-322.422424,-1084.821045,1.0,974.7070108776718,459.3256124970475
4408,0.106934,-322.437134,-1086.120117,1.0,973.3727218776718,458.6347254970475
4409,0.108398,-322.451538,-1087.428467,1.0,974.0771888776718,461.6728414970475
4410,0.107422,-322.465698,-1088.710693,1.0,975.9671428776718,466.7428494970475
4411,0.101074,-322.47934,-1089.907349,1.0,977.8347578776718,470.7834984970475
4412,0.101562,-322.493774,-1091.098511,1.0,1038.7897748776718,483.53981549704747
4413,0.103516,-322.509979,-1092.30896,1.0,1039.5113318776716,491.77367249704747
4414,0.10791,-322.528381,-1093.553711,1.0,1037.9784338776717,489.9622704970475
4415,0.106445,-322.548553,-1094.770386,1.0,1034.7129928776717,488.51448649704747
4416,0.108398,-322.571014,-1095.996948,1.0,1008.0548498776717,472.74562649704745
4417,0.10791,-322.595337,-1097.207886,1.0,981.7626138776717,455.70613649704745
4418,0.108887,-322.621735,-1098.418945,1.0,982.1265058776718,454.6546534970475
4419,0.107422,-322.649536,-1099.603638,1.0,979.3343908776718,449.65315849704746
4420,0.11084,-322.679962,-1100.816895,1.0,978.0815228776718,447.7604884970475
4421,0.106445,-322.710114,-1101.967407,1.0,942.9083048776718,368.0553184970475
4422,0.104492,-322.739868,-1103.091309,1.0,910.0104168776718,295.1391204970475
4423,0.107422,-322.769989,-1104.232056,1.0,913.4247228776718,294.1606044970475
4424,0.106445,-322.799164,-1105.349609,1.0,912.2428998776718,298.64969449704745
4425,0.104004,-322.827087,-1106.435059,1.0,913.1009928776717,297.1281334970475
4426,0.107422,-322.855408,-1107.545776,1.0,916.8500768776718,308.0399834970475
4427,0.111816,-322.884308,-1108.684204,1.0,913.9442548776717,306.56580149704746
4428,0.106445,-322.91156,-1109.751709,1.0,914.7086588776717,307.36807849704746
4429,0.10498,-322.93811,-1110.787231,1.0,911.4539588776718,308.6111354970475
4430,0.106934,-322.964661,-1111.817261,1.0,912.7675578776717,307.4288534970475
4431,0.104492,-322.98999,-1112.797485,1.0,914.0964148776718,308.9891564970475
4432,0.105469,-323.014648,-1113.750977,1.0,911.6452428776718,309.0905974970475
4433,0.106445,-323.038452,-1114.67627,1.0,911.6913858776718,306.29918449704746
4434,0.103027,-323.060455,-1115.532959,1.0,911.0647378776717,303.4268554970475
4435,0.104492,-323.081238,-1116.346436,1.0,910.5506388776718,301.21930449704746
4436,0.103027,-323.100006,-1117.077148,1.0,910.4529218776718,301.2365774970475
4437,0.104492,-323.117432,-1117.755615,1.0,910.8032628776717,301.0657254970475
4438,0.102539,-323.133057,-1118.36438,1.0,909.2862348776717,300.93260749704746
4439,0.103516,-323.147491,-1118.925415,1.0,910.4885658776717,302.1703394970475
4440,0.10498,-323.160919,-1119.447388,1.0,910.1439008776717,302.4339504970475
4441,0.107422,-323.173828,-1119.952637,1.0,909.2236128776717,302.4287474970475
4442,0.103516,-323.185486,-1120.405884,1.0,909.6906538776717,306.26276249704745
4443,0.103027,-323.196198,-1120.822754,1.0,909.3217568776718,305.66702849704745
4444,0.104492,-323.206085,-1121.207031,1.0,909.5412398776717,306.3865564970475
4445,0.105469,-323.215118,-1121.560669,1.0,906.9377238776717,306.50766549704747
4446,0.104492,-323.223297,-1121.879639,1.0,909.5295208776718,309.96097349704746
4447,0.103027,-323.230652,-1122.165894,1.0,909.8092448776717,307.0388244970475
4448,0.102051,-323.237305,-1122.424683,1.0,913.1813758776717,312.47061749704744
4449,0.102539,-323.243286,-1122.658447,1.0,913.2118328776718,310.86105949704745
4450,0.11377,-323.249268,-1122.890381,1.0,915.2153728776717,312.5306454970475
4451,0.104004,-323.254028,-1123.075439,1.0,914.0341588776718,308.9780784970475
4452,0.10498,-323.258209,-1123.237793,1.0,916.0935468776718,310.3387964970475
4453,0.103027,-323.261627,-1123.370483,1.0,912.9140418776717,310.0882624970475
4454,0.105469,-323.264221,-1123.473022,1.0,913.6944988776718,309.9417624970475
4455,0.109863,-323.26593,-1123.538818,1.0,915.0853678776717,313.11055549704747
