,0,1,2,3,4,5
0,0.0,-315.390015,1173.160034,1.0,1227.5590240885454,156.22447196972354
1,0.106842,-315.393219,1173.164917,1.0,1261.8143950885456,58.30755196972355
2,0.10141,-315.398315,1173.172363,1.0,1167.4418360885452,116.79362096972355
3,0.101471,-315.402527,1173.178345,1.0,973.2152740885454,420.45299096972354
4,0.101471,-315.404236,1173.180298,1.0,976.6554590885453,407.72417096972356
5,0.108185,-315.403015,1173.177734,1.0,977.4667380885453,407.71565596972357
6,0.101074,-315.400482,1173.173218,1.0,1117.4635650885452,327.13501296972356
7,0.101593,-315.398499,1173.170288,1.0,1252.1817040885453,279.58696396972357
8,0.103912,-315.398285,1173.170776,1.0,1235.4146140885455,272.49428196972354
9,0.10553,-315.399597,1173.173584,1.0,1226.9158350885455,256.26051696972354
10,0.102936,-315.401001,1173.17627,1.0,1253.3478420885453,255.62709396972355
11,0.100098,-315.401581,1173.17688,1.0,1281.6447170885453,298.88049696972354
12,0.101593,-315.401398,1173.176025,1.0,1285.2993800885451,285.1577029697236
13,0.101715,-315.400879,1173.174683,1.0,1285.0912500885452,280.3524969697236
14,0.101013,-315.400574,1173.174194,1.0,1283.9502590885454,278.53854696972354
15,0.102783,-315.400787,1173.174683,1.0,1285.1673000885453,284.83050896972355
16,0.100861,-315.401703,1173.176758,1.0,1227.3478420885453,233.72814496972353
17,0.100494,-315.403442,1173.18042,1.0,1478.1653470885453,404.94548396972357
18,0.112549,-315.406738,1173.187134,1.0,1252.4807770885454,540.2512089697236
19,0.106903,-315.411285,1173.196533,1.0,1001.7556790885453,390.61171296972356
20,0.1008,-315.41684,1173.207642,1.0,1010.2937650885453,388.39139196972354
21,0.100586,-315.423645,1173.221313,1.0,910.6348900885454,339.2177009697235
22,0.102173,-315.431732,1173.238037,1.0,899.7573270885454,319.7352179697235
23,0.102356,-315.440979,1173.256836,1.0,905.2655670885454,320.4010659697235
24,0.111206,-315.452423,1173.280151,1.0,1024.1224390885454,392.55047996972354
25,0.100159,-315.463898,1173.303711,1.0,1025.3958770885454,391.4800909697235
26,0.11322,-315.478271,1173.33313,1.0,1031.6120630885453,335.04230096972356
27,0.100555,-315.492218,1173.361694,1.0,1041.7891870885453,299.65230196972357
28,0.100128,-315.507202,1173.392212,1.0,1041.7891870885453,299.65230196972357
29,0.100189,-315.523346,1173.424927,1.0,1041.7891870885453,299.65230196972357
30,0.111053,-315.542419,1173.463989,1.0,1041.7891870885453,299.65230196972357
31,0.103485,-315.561493,1173.503052,1.0,1041.7891870885453,299.65230196972357
32,0.112762,-315.583588,1173.548096,0.0,71.57709008854533,142.83168396972354
33,0.100372,-315.604462,1173.590576,0.0,71.57709008854533,142.83168396972354
34,0.100739,-315.626465,1173.63562,0.0,71.57709008854533,142.83168396972354
35,0.106049,-315.650848,1173.685303,0.0,71.57709008854533,142.83168396972354
36,0.102112,-315.675385,1173.735352,0.0,71.57709008854533,142.83168396972354
37,0.103668,-315.701385,1173.788696,0.0,71.57709008854533,142.83168396972354
38,0.101288,-315.727875,1173.842773,0.0,71.57709008854533,142.83168396972354
39,0.101593,-315.755463,1173.89917,1.0,957.1298850885453,323.84210596972355
40,0.100983,-315.783997,1173.957275,1.0,962.6939110885453,323.81607396972356
41,0.101105,-315.81369,1174.017456,1.0,926.3342920885453,380.1952859697235
42,0.113495,-315.848236,1174.087646,1.0,1149.2105130885452,491.5542489697235
43,0.109375,-315.882721,1174.157715,1.0,1321.8928860885453,649.6728709697236
44,0.103699,-315.916504,1174.226318,1.0,1002.7513450885453,599.5635259697235
45,0.101501,-315.950439,1174.29541,1.0,832.1996490885454,434.14494696972355
46,0.101196,-315.985199,1174.366455,1.0,941.1736480885453,351.26716996972357
47,0.102112,-316.021149,1174.439697,1.0,1026.5358910885452,398.5976749697236
48,0.102051,-316.057983,1174.515015,1.0,1032.3082300885453,400.32384096972356
49,0.102905,-316.096069,1174.592896,1.0,1029.9097930885455,401.8087039697235
50,0.102142,-316.134705,1174.672241,1.0,985.5890530885454,382.5103639697236
51,0.104431,-316.175262,1174.755371,1.0,923.3225120885453,312.72772596972356
52,0.103302,-316.216736,1174.840576,1.0,927.7764310885453,325.6493109697235
53,0.10202,-316.259766,1174.929199,1.0,927.5750760885453,333.73457696972355
54,0.100647,-316.306,1175.024536,1.0,926.1813990885453,322.1346009697236
55,0.101257,-316.359406,1175.134521,1.0,1088.7995630885453,418.21107896972353
56,0.101746,-316.423615,1175.266846,1.0,1081.0911890885454,424.54829796972354
57,0.100098,-316.499847,1175.42395,1.0,1078.9261500885455,425.2237129697235
58,0.102478,-316.592529,1175.61499,1.0,1014.4436060885454,419.9499399697235
59,0.100983,-316.698364,1175.833252,1.0,997.6607080885453,417.1217229697235
60,0.101868,-316.819733,1176.083984,1.0,950.0634790885454,396.59289896972354
61,0.113739,-316.972626,1176.400391,1.0,898.2343170885454,394.0738559697236
62,0.105682,-317.1315,1176.729492,1.0,902.1667510885453,392.6998019697236
63,0.101532,-317.299866,1177.079102,1.0,895.9547150885453,402.59984196972357
64,0.107025,-317.493622,1177.483765,1.0,896.7207060885453,393.60032996972353
65,0.113098,-317.715881,1177.948975,1.0,892.5097680885453,362.60435896972353
66,0.111969,-317.952362,1178.445435,1.0,1028.7498190885453,406.67149696972353
67,0.113556,-318.206543,1178.981201,1.0,1035.9406760885454,402.83409496972354
68,0.109131,-318.463257,1179.525513,1.0,1039.9947540885453,404.13762296972357
69,0.112427,-318.73877,1180.112305,1.0,1081.9388450885453,425.0114939697235
70,0.110382,-319.016937,1180.708496,1.0,1115.8467430885453,443.36638196972353
71,0.113342,-319.310211,1181.342651,1.0,1104.7549460885452,436.38869096972354
72,0.111786,-319.607971,1181.992676,1.0,1016.6502710885453,423.18144596972354
73,0.113678,-319.91806,1182.67688,1.0,1025.8109160885454,426.69490396972355
74,0.110474,-320.224091,1183.361328,1.0,1025.1519190885454,419.8645209697235
75,0.111694,-320.536133,1184.069214,1.0,1021.1096220885453,415.03090296972357
76,0.111359,-320.847229,1184.786011,1.0,1019.7242460885453,419.89769396972355
77,0.114746,-321.168365,1185.538696,1.0,997.9987820885453,418.89213896972353
78,0.111694,-321.482361,1186.288574,1.0,999.4415310885454,417.91200596972357
79,0.110809,-321.79364,1187.049683,1.0,999.5638450885453,415.89863996972355
80,0.113892,-322.11084,1187.848267,1.0,994.6001000885453,417.15465196972355
81,0.109741,-322.411835,1188.633911,1.0,1004.8253810885453,412.21406896972354
82,0.100525,-322.68277,1189.368286,1.0,1000.2549460885454,407.4700199697235
83,0.109283,-322.972015,1190.178467,1.0,1023.6978180885453,405.66105996972357
84,0.111328,-323.260529,1191.013672,1.0,1051.8040800885453,426.0310549697235
85,0.107941,-323.534302,1191.834595,1.0,1054.2764920885452,422.53044496972353
86,0.111359,-323.810425,1192.694702,1.0,937.7378570885453,505.7160829697235
87,0.115997,-324.089294,1193.601562,1.0,1054.1848170885453,410.33253796972355
88,0.109955,-324.341766,1194.463745,1.0,1083.0706810885454,393.2981759697235
89,0.110931,-324.580841,1195.327148,1.0,1084.7651390885453,388.82605396972355
90,0.11377,-324.807556,1196.203491,1.0,1093.3475980885453,396.84361596972354
91,0.113861,-325.014862,1197.077148,1.0,1083.0555450885454,397.0417519697236
92,0.110748,-325.195801,1197.927856,1.0,1138.6088280885451,435.8530159697235
93,0.107483,-325.349884,1198.753418,1.0,1134.4360990885452,444.2145269697235
94,0.113312,-325.488342,1199.624268,1.0,1077.1845120885455,398.27429596972354
95,0.108734,-325.596161,1200.460815,1.0,1106.3939850885454,420.78789096972355
96,0.111115,-325.680481,1201.314575,1.0,1092.0777000885455,421.90120296972356
97,0.107422,-325.73761,1202.137329,1.0,1080.7285790885453,423.75279596972354
98,0.108459,-325.770905,1202.964722,1.0,1073.9550810885453,421.46681596972354
99,0.107971,-325.779938,1203.7854,1.0,1069.1977570885454,418.09761396972357
100,0.108643,-325.766449,1204.6073,1.0,936.1042510885453,501.3432199697235
101,0.108032,-325.732269,1205.419434,1.0,919.7761260885453,502.64409196972355
102,0.108551,-325.679047,1206.230713,1.0,805.0757470885453,585.4355659697235
103,0.11026,-325.606506,1207.050537,1.0,1035.9191920885453,409.85994296972353
104,0.108429,-325.518219,1207.855957,1.0,1028.0400420885453,416.30162396972355
105,0.110504,-325.412415,1208.67981,1.0,1016.3662750885453,412.29606996972353
106,0.105591,-325.298492,1209.475342,1.0,1011.8454620885453,408.6170839697235
107,0.112061,-325.166321,1210.334106,1.0,1041.7308990885454,406.43141496972356
108,0.112122,-325.023224,1211.210938,1.0,1057.9411040885452,415.3182259697235
109,0.100555,-324.88562,1212.010864,1.0,1050.7374900885452,411.12117396972354
110,0.115417,-324.716034,1212.944458,1.0,1050.1737700885453,412.92937096972355
111,0.106079,-324.548492,1213.816528,1.0,1044.2145410885455,412.11430696972354
112,0.106232,-324.369171,1214.703491,1.0,1033.8898950885455,408.55855196972357
113,0.105591,-324.179749,1215.597534,1.0,1039.5869170885453,413.84572196972357
114,0.10553,-323.979614,1216.502197,1.0,1037.5698880885452,413.56773696972357
115,0.106018,-323.766815,1217.422852,1.0,1090.6022980885455,410.8716319697235
116,0.108734,-323.534729,1218.377563,1.0,1094.1641870885453,411.17866896972356
117,0.104736,-323.29715,1219.305176,1.0,1099.4563620885451,410.08281296972353
118,0.108917,-323.034882,1220.276611,1.0,1129.6774320885452,416.7961619697235
119,0.109253,-322.755249,1221.25708,1.0,1132.3612700885456,415.59779696972356
120,0.111206,-322.452637,1222.261597,1.0,1125.2383450885454,423.87745996972353
121,0.106934,-322.143738,1223.233398,1.0,1124.4232810885455,425.0946839697235
122,0.110992,-321.802094,1224.254395,1.0,1131.4043610885456,426.2614939697235
123,0.106354,-321.446136,1225.267578,1.0,1127.0501120885451,431.21797596972357
124,0.107758,-321.053711,1226.332397,1.0,1098.8589500885455,435.86207996972354
125,0.105927,-320.634491,1227.417114,1.0,1098.2977930885454,435.89213896972353
126,0.110016,-320.161743,1228.584351,1.0,1088.2910180885453,430.84404396972354
127,0.105469,-319.672882,1229.730957,1.0,1094.1621120885452,428.35811196972355
128,0.111908,-319.124573,1230.948975,1.0,1079.4466580885453,426.79185896972353
129,0.105347,-318.578918,1232.094116,1.0,1069.1796290885454,423.69716296972354
130,0.105804,-317.997009,1233.247314,1.0,1069.6398340885453,424.05894796972353
131,0.108063,-317.367615,1234.42041,1.0,1066.4931060885453,425.01839096972355
132,0.10379,-316.726624,1235.543945,1.0,1061.7105130885452,431.77547096972353
133,0.113373,-315.984009,1236.765381,1.0,1076.2112450885452,424.38002396972354
134,0.104675,-315.259796,1237.883057,1.0,1090.4564850885454,447.65138596972355
135,0.109192,-314.465393,1239.038086,1.0,1072.1981230885453,449.17940096972353
136,0.105499,-313.661682,1240.142944,1.0,962.0322290885454,509.8956789697235
137,0.107452,-312.808563,1241.256836,1.0,1062.5084860885454,463.07524496972354
138,0.105774,-311.935852,1242.342407,1.0,1052.4633820885454,462.67149696972353
139,0.103333,-311.053741,1243.392334,1.0,1033.4704010885453,448.45479196972354
140,0.105042,-310.127838,1244.449707,1.0,1025.7501250885452,439.53831896972355
141,0.105408,-309.17337,1245.502319,1.0,1016.1483790885453,436.3700139697235
142,0.104126,-308.211365,1246.537476,1.0,1010.5860620885453,434.7971989697235
143,0.103943,-307.236481,1247.570435,1.0,1000.5954010885454,442.4356879697235
144,0.100647,-306.281616,1248.572754,1.0,996.1553980885453,431.00517596972355
145,0.10318,-305.29361,1249.602661,1.0,998.6723050885454,438.04692396972354
146,0.102661,-304.299652,1250.628662,1.0,1002.2613550885453,429.25896096972355
147,0.103546,-303.282288,1251.661621,1.0,1005.9049100885453,425.91340996972355
148,0.10144,-302.269714,1252.669312,1.0,1009.4147980885454,425.8934519697235
149,0.103058,-301.222656,1253.686523,1.0,1010.2207670885454,423.42723496972354
150,0.106476,-300.122406,1254.728638,1.0,1010.3272120885454,427.44078396972355
151,0.106873,-299.001068,1255.765015,1.0,1017.0939970885453,418.24400696972356
152,0.104492,-297.890839,1256.768433,1.0,1035.2856470885454,443.0881539697235
153,0.106445,-296.747284,1257.780273,1.0,1033.5955840885454,433.95332696972355
154,0.10556,-295.60144,1258.773804,1.0,1029.6141990885453,446.87144796972353
155,0.105957,-294.438477,1259.761841,1.0,1019.5167870885454,430.2807199697235
156,0.107697,-293.244812,1260.755859,1.0,887.1420310885453,312.24237396972353
157,0.106934,-292.047333,1261.733887,1.0,891.7418850885454,317.04645096972354
158,0.106628,-290.842255,1262.699951,1.0,1016.0811180885453,460.01564396972356
159,0.104858,-289.646576,1263.641357,1.0,1014.4317650885454,453.05665996972357
160,0.104889,-288.440308,1264.574219,1.0,1013.6183500885453,452.1428409697235
161,0.105804,-287.213837,1265.505615,1.0,1093.0571320885454,462.35264996972353
162,0.107239,-285.959991,1266.439331,1.0,1080.7440820885454,462.70830096972355
163,0.105469,-284.716278,1267.345459,1.0,1100.3970360885455,478.60106296972356
164,0.106079,-283.454285,1268.242798,1.0,1101.4334130885454,473.9130129697235
165,0.105896,-282.183167,1269.122925,1.0,1102.8848290885453,475.21852496972355
166,0.106964,-280.88916,1269.99231,1.0,1102.6176170885456,477.21672396972355
167,0.106445,-279.601471,1270.825928,1.0,1103.4891990885453,474.31099296972354
168,0.102966,-278.354187,1271.601562,1.0,1065.2609280885454,456.27827796972355
169,0.117035,-276.931061,1272.447388,1.0,1053.2135650885452,451.97563496972356
170,0.107849,-275.618011,1273.191284,1.0,1053.5655540885455,446.94047896972353
171,0.105835,-274.327606,1273.890381,1.0,1038.6785910885453,434.85615896972354
172,0.105682,-273.041504,1274.557373,1.0,1038.7287010885452,440.70933896972355
173,0.109955,-271.739258,1275.206299,1.0,1027.4995750885455,429.72545196972357
174,0.102631,-270.582001,1275.764404,1.0,1011.1782860885453,428.34675996972356
175,0.109589,-269.409851,1276.314575,1.0,1013.2052030885453,417.97401796972355
176,0.105194,-268.349518,1276.801514,1.0,978.7564720885454,434.2877689697235
177,0.104675,-267.355316,1277.250122,1.0,983.3672510885453,430.10948596972355
178,0.104492,-266.431793,1277.659668,1.0,982.8998440885454,434.28331396972357
179,0.103485,-265.590515,1278.026123,1.0,1015.3542510885453,433.08311796972356
180,0.107422,-264.795532,1278.365967,1.0,1011.6845730885453,426.0395699697235
181,0.10614,-264.095581,1278.6604,1.0,995.1111480885453,435.37587296972356
182,0.101471,-263.510712,1278.902954,1.0,993.0349760885454,443.2984809697235
183,0.107544,-262.980591,1279.120117,1.0,992.9207180885453,428.4673649697235
184,0.104706,-262.538544,1279.299438,1.0,992.6058990885454,425.69810896972353
185,0.10379,-262.146851,1279.457642,1.0,993.0304590885453,425.5897099697235
186,0.104065,-261.781891,1279.604492,1.0,989.3443630885454,436.68709196972355
187,0.103363,-261.424805,1279.748169,1.0,986.3357570885453,435.94020496972354
188,0.104309,-261.062714,1279.892822,1.0,982.0689110885453,428.19105896972354
189,0.101318,-260.710266,1280.033325,1.0,1038.1700470885453,410.54802296972355
190,0.10788,-260.336731,1280.181274,1.0,1036.5196560885454,412.7756539697235
191,0.10318,-259.982971,1280.320557,1.0,1041.6177390885455,413.66905596972356
192,0.102509,-259.634979,1280.456909,1.0,1032.0989410885454,415.89934096972354
193,0.104065,-259.282501,1280.595459,1.0,979.6026640885453,399.7019839697235
194,0.102173,-258.931976,1280.733887,1.0,923.6752960885453,403.16066296972355
195,0.104279,-258.5578,1280.88269,1.0,924.5225250885453,405.13853796972353
196,0.104645,-258.149261,1281.045898,1.0,918.9817530885454,400.78978296972355
197,0.104034,-257.705048,1281.223999,1.0,930.3078640885453,385.24794396972356
198,0.103851,-257.227112,1281.416016,1.0,931.6545440885453,393.8097419697235
199,0.10553,-256.710907,1281.624023,1.0,935.9617340885453,396.44488896972354
200,0.102722,-256.180847,1281.839966,1.0,935.6845730885453,398.42093296972354
201,0.104248,-255.620117,1282.071899,1.0,964.6952540885453,418.3182259697235
202,0.108215,-255.025223,1282.321777,1.0,974.4155300885453,428.26686496972354
203,0.106628,-254.444763,1282.569702,1.0,980.7994410885453,428.53816596972354
204,0.107422,-253.882263,1282.813965,1.0,972.6173730885454,432.0729559697235
205,0.104584,-253.349396,1283.048218,1.0,980.7713040885453,421.96562596972353
206,0.102173,-252.832504,1283.277832,1.0,1224.5025050885451,520.0106389697235
207,0.103699,-252.316071,1283.509888,1.0,1255.6900050885451,543.0403939697235
208,0.10202,-251.820557,1283.734253,1.0,1252.5393700885452,544.1190379697235
209,0.106781,-251.310425,1283.967041,1.0,1334.3875150885451,550.1766849697235
210,0.102234,-250.827515,1284.189941,1.0,1324.2157620885455,548.4781379697235
211,0.100433,-250.361298,1284.409302,1.0,890.1066920885453,446.5411869697235
212,0.103088,-249.892181,1284.636963,1.0,543.9363120885453,371.44084496972357
213,0.104187,-249.426422,1284.867065,1.0,466.5808130885453,359.03514496972355
214,0.104126,-248.968201,1285.093018,1.0,462.18326108854535,364.5102579697235
215,0.101746,-248.526535,1285.309082,1.0,491.74832408854536,369.04333896972355
216,0.102264,-248.087875,1285.521973,1.0,534.4276150885453,381.4253269697235
217,0.101532,-247.656494,1285.731689,1.0,468.4393340885453,370.60928696972354
218,0.10202,-247.223511,1285.94397,1.0,386.97046208854533,357.98816296972353
219,0.102386,-246.777618,1286.163208,1.0,391.7806730885453,360.1932099697235
220,0.10318,-246.304214,1286.393066,1.0,1056.8679230885455,440.73463796972356
221,0.104431,-245.795105,1286.634888,1.0,1038.7406640885454,426.3476749697235
222,0.10202,-245.269592,1286.877319,1.0,1042.0024440885454,419.26445396972355
223,0.110138,-244.675446,1287.144897,1.0,1046.9661890885454,411.46657196972353
224,0.10495,-244.084717,1287.407837,1.0,968.5755640885453,408.22017296972354
225,0.104919,-243.470184,1287.679688,1.0,970.9610010885453,418.93556596972354
226,0.104889,-242.833023,1287.95874,1.0,978.6857330885454,406.4388619697235
227,0.105225,-242.171341,1288.243774,1.0,714.5014670885454,383.82358196972353
228,0.104279,-241.491714,1288.529541,1.0,768.5490750885454,388.38576096972355
229,0.105194,-240.781082,1288.818237,1.0,817.3722560885453,387.9593699697235
230,0.104431,-240.0522,1289.102539,1.0,878.4318870885453,400.12211996972354
231,0.105286,-239.296188,1289.384521,1.0,922.5770290885454,392.21226896972354
232,0.104279,-238.528519,1289.658325,1.0,1078.8329490885453,409.28779996972355
233,0.114471,-237.664886,1289.952515,1.0,1091.0815460885453,411.00474896972355
234,0.114349,-236.778717,1290.239746,1.0,1100.8084130885454,402.20857596972354
235,0.114105,-235.868393,1290.520752,1.0,1101.2000150885451,406.7335089697235
236,0.109222,-234.972366,1290.783203,1.0,1108.1039450885455,407.11979996972354
237,0.109192,-234.052826,1291.035522,1.0,1110.6760890885453,397.61358996972353
238,0.10498,-233.14502,1291.264404,1.0,1119.0536520885453,388.9875219697235
239,0.108948,-232.176971,1291.483154,1.0,1175.6934230885454,420.81630296972355
240,0.105103,-231.218353,1291.671021,1.0,1125.9641750885453,449.4839359697235
241,0.108765,-230.200333,1291.838379,1.0,1116.8277000885455,430.5441169697235
242,0.107605,-229.163528,1291.975952,1.0,1190.3894680885455,475.09386096972355
243,0.105255,-228.106812,1292.083374,1.0,1185.2481110885456,432.14277996972356
244,0.10965,-226.956207,1292.16272,1.0,1164.3494290885455,403.46190296972355
245,0.104736,-225.811722,1292.202026,1.0,1210.3089020885454,421.21309296972356
246,0.104584,-224.627991,1292.199707,1.0,1139.8103660885454,449.65446796972356
247,0.105072,-223.404312,1292.14978,1.0,1138.2080710885452,429.0428349697235
248,0.105194,-222.154968,1292.046875,1.0,1119.0812400885452,443.08983196972355
249,0.108124,-220.857605,1291.884277,1.0,1099.3357570885455,424.76039496972356
250,0.106201,-219.575882,1291.673462,1.0,1081.8280060885454,448.73091496972353
251,0.106842,-218.274719,1291.414673,1.0,1067.1795070885453,349.4493289697235
252,0.109467,-216.932739,1291.107178,1.0,1032.9695460885455,425.38844696972353
253,0.105865,-215.625809,1290.772217,1.0,1035.4682030885454,337.43666396972355
254,0.113281,-214.217728,1290.372314,1.0,1011.6419700885453,344.0874369697235
255,0.116119,-212.768509,1289.916626,1.0,1003.9080840885454,417.82445096972356
256,0.116486,-211.310806,1289.409424,1.0,994.8959990885453,390.59556896972356
257,0.100342,-210.054596,1288.93103,1.0,999.1010770885454,420.90636096972355
258,0.101868,-208.78125,1288.408569,1.0,995.1686430885453,433.89134596972355
259,0.103882,-207.487717,1287.84082,1.0,982.8596830885454,423.41008396972353
260,0.101135,-206.23764,1287.266724,1.0,969.9902980885454,421.8777349697235
261,0.100403,-205.003647,1286.690186,1.0,918.3654200885453,223.86082796972354
262,0.101746,-203.755539,1286.110474,1.0,1149.6893950885456,347.69363796972357
263,0.103638,-202.482635,1285.53064,1.0,943.2033720885453,433.76719996972355
264,0.102203,-201.224213,1284.966919,1.0,962.5859400885454,459.9167059697235
265,0.101593,-199.973801,1284.410522,1.0,961.9642970885453,431.62578196972356
266,0.100403,-198.742096,1283.855713,1.0,969.2468290885454,439.31727996972353
267,0.100403,-197.515411,1283.286499,1.0,967.0327780885453,457.22142396972356
268,0.117035,-196.097565,1282.601074,1.0,970.0670190885453,464.58516296972357
269,0.100342,-194.895065,1281.994507,1.0,1010.7655060885453,473.72206496972353
270,0.105103,-193.653198,1281.344971,1.0,1015.1519800885453,468.07841896972354
271,0.109924,-192.378799,1280.655884,1.0,1008.0339990885453,427.20897296972356
272,0.100739,-191.227463,1280.017212,1.0,1010.1846950885454,429.69597196972353
273,0.115906,-189.922607,1279.276489,1.0,1001.8381980885454,439.40947296972354
274,0.114594,-188.653336,1278.539185,1.0,995.8074980885453,475.67613596972353
275,0.101532,-187.544052,1277.880249,1.0,992.5243560885453,465.71107896972353
276,0.101135,-186.45517,1277.219482,1.0,985.5242950885454,421.02022196972354
277,0.117401,-185.209229,1276.448608,1.0,993.8963040885453,381.83230996972355
278,0.115875,-183.99794,1275.685181,1.0,985.6340970885453,437.88225196972354
279,0.115936,-182.803497,1274.920654,1.0,1245.6663230885451,258.73067796972356
280,0.11618,-181.62088,1274.157593,1.0,1250.6311670885452,233.89837296972354
281,0.115265,-180.458038,1273.409302,1.0,1246.1474020885453,215.79169096972356
282,0.103271,-179.423676,1272.747925,1.0,1172.2785060885453,269.6941109697235
283,0.114349,-178.287323,1272.024902,1.0,975.6429470885454,411.62358496972354
284,0.10025,-177.298859,1271.398804,1.0,985.8319730885453,412.97505596972354
285,0.116241,-176.162613,1270.680542,1.0,975.5875270885454,403.24660096972354
286,0.11554,-175.043777,1269.973877,1.0,978.6873190885453,419.9897649697235
287,0.116364,-173.927963,1269.269287,1.0,975.1494170885453,423.25242996972355
288,0.10141,-172.96373,1268.661743,1.0,968.3211700885454,415.86308696972355
289,0.100769,-172.012894,1268.064209,1.0,971.0175200885453,414.84846896972357
290,0.11734,-170.914108,1267.378052,1.0,964.3714020885453,414.70897296972356
291,0.101166,-169.973892,1266.795044,1.0,914.0161160885453,415.37654496972357
292,0.101715,-169.034576,1266.216309,1.0,918.5459620885454,437.06053496972356
293,0.104767,-168.074158,1265.628296,1.0,925.7028220885453,425.67558696972355
294,0.107422,-167.096329,1265.033325,1.0,920.6477080885453,428.6701539697235
295,0.101532,-166.179245,1264.478149,1.0,924.4713770885453,434.7147099697235
296,0.101746,-165.266937,1263.928467,1.0,962.1399560885453,413.8058659697235
297,0.103516,-164.345718,1263.37561,1.0,954.7988310885453,419.19078396972355
298,0.107239,-163.398895,1262.809692,1.0,953.5393090885453,409.61867096972355
299,0.103668,-162.490601,1262.269409,1.0,912.0416290885453,333.5535929697236
300,0.104492,-161.582321,1261.730957,1.0,928.2914450885453,364.89677796972353
301,0.109314,-160.639893,1261.174683,1.0,943.4351830885454,412.7075689697235
302,0.105499,-159.737137,1260.64502,1.0,943.1983670885453,409.52492096972355
303,0.109558,-158.805984,1260.104126,1.0,950.3269680885453,411.7709239697235
304,0.10672,-157.904221,1259.587524,1.0,943.1553370885454,404.15947296972354
305,0.108368,-156.993622,1259.073364,1.0,931.8073150885454,398.4315069697235
306,0.106934,-156.100098,1258.577393,1.0,856.6472190885453,447.62886396972357
307,0.103516,-155.242523,1258.109619,1.0,861.4954250885453,448.59672896972353
308,0.110077,-154.339996,1257.625488,1.0,862.1250030885453,446.4553409697235
309,0.102936,-153.504959,1257.184204,1.0,936.9220610885453,413.57799096972354
310,0.104767,-152.667267,1256.74646,1.0,939.8774440885453,408.50303996972355
311,0.108429,-151.824646,1256.310547,1.0,940.9702780885453,406.60615896972354
312,0.102539,-151.056732,1255.917603,1.0,943.3908110885453,398.7489509697235
313,0.102905,-150.324738,1255.547241,1.0,942.3432030885454,402.07112496972354
314,0.102661,-149.647308,1255.208374,1.0,823.1107200885453,246.94888696972356
315,0.108215,-148.976944,1254.877563,1.0,906.5247220885453,384.01340096972353
316,0.103851,-148.36261,1254.577515,1.0,922.6605250885453,417.11748096972354
317,0.114044,-147.72525,1254.268311,1.0,928.9644800885453,420.19414096972355
318,0.102386,-147.172775,1254.001343,1.0,924.5215480885454,418.41084696972354
319,0.102448,-146.61412,1253.732178,1.0,925.8380150885454,420.41527196972356
320,0.105682,-146.039001,1253.456787,1.0,922.9242580885453,413.82625196972356
321,0.106049,-145.479218,1253.191162,1.0,929.9279810885454,409.4567149697235
322,0.100677,-144.95874,1252.946533,1.0,924.2506740885453,415.19575896972356
323,0.116394,-144.35849,1252.667358,1.0,917.6959860885453,268.70188496972355
324,0.106171,-143.819275,1252.418945,1.0,906.8027370885453,295.7656589697235
325,0.108917,-143.280502,1252.172241,1.0,903.5340600885453,310.2825959697235
326,0.101715,-142.783737,1251.946289,1.0,903.5758690885453,311.16046496972353
327,0.102417,-142.285217,1251.721191,1.0,889.9050320885453,437.55125796972357
328,0.101013,-141.794464,1251.501587,1.0,888.1996490885454,449.9095039697235
329,0.102112,-141.294754,1251.280396,1.0,887.2071560885454,432.32728896972355
330,0.11673,-140.70932,1251.025146,1.0,883.7052640885453,424.95640896972355
331,0.116608,-140.103302,1250.765625,1.0,880.3325830885453,419.42775296972354
332,0.100677,-139.560684,1250.538086,1.0,870.4711940885453,412.21071196972355
333,0.103088,-138.980606,1250.299561,1.0,871.9168120885454,398.32449696972355
334,0.102112,-138.376556,1250.056519,1.0,877.5635400885453,393.11749596972356
335,0.102081,-137.746292,1249.808105,1.0,881.9839500885454,389.14122396972357
336,0.10144,-137.09761,1249.558594,1.0,882.4448880885453,395.1608309697235
337,0.11554,-136.331314,1249.272217,1.0,879.3367340885453,391.21046796972354
338,0.115265,-135.55484,1248.991089,1.0,892.3781760885454,377.43291096972354
339,0.104492,-134.874847,1248.753052,1.0,893.0249050885453,365.58377396972355
340,0.114105,-134.154816,1248.509155,1.0,907.7005030885454,354.50055296972357
341,0.11618,-133.420135,1248.269897,1.0,900.4528830885454,343.64621296972354
342,0.116241,-132.691696,1248.041626,1.0,908.0091580885453,318.91887296972357
343,0.114014,-131.996063,1247.831787,1.0,921.8044460885453,249.98982596972354
344,0.109283,-131.346054,1247.643311,1.0,926.5496240885453,267.37502696972354
345,0.110016,-130.718842,1247.468994,1.0,860.4675320885453,291.2067149697235
346,0.114716,-130.099503,1247.304688,1.0,872.1666290885453,282.37549196972356
347,0.115234,-129.520554,1247.158447,1.0,904.6660180885453,292.51373696972354
348,0.108826,-129.021835,1247.03772,1.0,903.4425070885453,293.6675599697236
349,0.110718,-128.575287,1246.93396,1.0,916.0070830885453,312.78692996972353
350,0.113495,-128.187057,1246.846924,1.0,837.4890160885453,345.76765796972353
351,0.110565,-127.877838,1246.779663,1.0,1175.2891260885453,202.91660696972355
352,0.111053,-127.633041,1246.727783,1.0,908.0385160885453,332.82591596972355
353,0.112427,-127.439842,1246.687134,1.0,904.0632960885454,355.9829439697236
354,0.100433,-127.29171,1246.65625,1.0,771.7877220885454,369.1775849697235
355,0.109924,-127.127419,1246.621948,1.0,897.6723050885454,357.4832339697235
356,0.108643,-126.959511,1246.587646,1.0,907.4580710885454,361.93281896972354
357,0.112823,-126.780373,1246.551514,1.0,911.6083400885453,372.3652229697235
358,0.10791,-126.603638,1246.516479,1.0,917.1945220885453,362.91885696972355
359,0.112061,-126.404114,1246.477539,1.0,914.5910670885453,365.93449796972357
360,0.100037,-126.193703,1246.437256,1.0,917.0217920885453,365.3028299697236
361,0.115692,-125.898956,1246.38208,1.0,901.8845240885453,368.7419319697235
362,0.114777,-125.552643,1246.318604,1.0,915.1934840885453,366.54019496972353
363,0.10434,-125.191559,1246.254395,1.0,919.7062400885453,372.35014696972354
364,0.114044,-124.749329,1246.177612,1.0,913.0798980885453,365.28512896972353
365,0.10022,-124.339058,1246.108276,1.0,930.2457910885454,369.60924096972354
366,0.100433,-123.92524,1246.040405,1.0,929.3033470885454,360.71974596972353
367,0.115417,-123.452675,1245.964722,1.0,927.4685690885453,361.8659859697235
368,0.100098,-123.047699,1245.901978,1.0,925.7437770885454,361.6580849697235
369,0.117188,-122.581276,1245.831665,1.0,928.0060450885453,355.4900849697235
370,0.103943,-122.184761,1245.773804,1.0,921.9194970885453,368.27298296972356
371,0.100098,-121.81897,1245.722046,1.0,942.2877220885454,355.45247296972354
372,0.116455,-121.411331,1245.665894,1.0,963.7130760885453,346.8687779697235
373,0.11673,-121.025597,1245.61438,1.0,948.0709860885453,305.45967496972355
374,0.115112,-120.671272,1245.568604,1.0,953.3100610885454,342.7894319697235
375,0.115753,-120.352531,1245.528198,1.0,957.5669580885453,349.55560696972356
376,0.100952,-120.115623,1245.498901,1.0,932.0435210885453,346.96440496972355
377,0.101074,-119.907722,1245.473389,1.0,936.4328030885454,355.34564596972353
378,0.115875,-119.677574,1245.445557,1.0,935.4355490885454,363.51672696972355
379,0.100037,-119.477921,1245.421509,1.0,940.4821190885453,357.31080996972355
380,0.115265,-119.244858,1245.393433,1.0,925.4991480885453,370.1854589697235
381,0.113953,-119.012657,1245.365967,1.0,1017.7098410885453,397.0333749697236
382,0.100525,-118.808029,1245.342041,1.0,1106.2316310885453,448.7034489697235
383,0.101929,-118.601311,1245.318481,1.0,1106.0653710885454,441.94920696972355
384,0.100464,-118.398018,1245.295288,1.0,1200.6487450885452,285.55160896972353
385,0.114746,-118.165649,1245.269287,1.0,1211.9607570885455,284.67612096972357
386,0.115662,-117.941055,1245.244019,1.0,1232.5789210885455,255.50548896972356
387,0.102753,-117.777542,1245.226074,1.0,1269.6535060885453,221.31931696972356
388,0.103851,-117.680916,1245.215698,1.0,914.6460600885454,306.74673796972354
389,0.101562,-117.662247,1245.213745,1.0,929.2814970885453,323.60678496972355
390,0.114655,-117.6717,1245.214722,1.0,929.6499050885453,323.41990996972356
391,0.116486,-117.685951,1245.216187,1.0,904.6763330885453,297.2272679697236
392,0.114777,-117.691299,1245.216431,1.0,900.1416040885454,305.01181396972356
393,0.100464,-117.688683,1245.216309,1.0,905.6151150885453,313.1429789697236
394,0.100677,-117.684006,1245.21582,1.0,905.8074370885454,338.3477209697236
395,0.114777,-117.680954,1245.215698,1.0,912.1693750885453,322.6303439697235
396,0.115051,-117.681442,1245.215942,1.0,902.8251980885453,320.90167596972356
397,0.114197,-117.683319,1245.216187,1.0,1029.4085720885455,315.5964849697235
398,0.100067,-117.684349,1245.216187,1.0,1031.7502470885452,317.8667489697235
399,0.115234,-117.684204,1245.215942,1.0,1042.6984280885454,332.7645759697235
400,0.116028,-117.683479,1245.216064,1.0,1046.4928610885454,367.20009196972353
401,0.11377,-117.681946,1245.215942,1.0,1041.8876370885455,360.63425096972355
402,0.102417,-117.678711,1245.215576,1.0,1042.8999050885454,355.15050096972357
403,0.100098,-117.673553,1245.214966,1.0,1033.3665800885453,346.0684389697235
404,0.102051,-117.666077,1245.214355,1.0,957.7121610885454,387.92946196972355
405,0.100067,-117.656021,1245.213135,1.0,952.5465720885453,382.88467796972355
406,0.11557,-117.637657,1245.211182,1.0,953.0065940885453,380.0881999697235
407,0.117493,-117.596138,1245.206909,1.0,948.7832670885454,392.88849196972353
408,0.116699,-117.503891,1245.197266,1.0,961.1678490885454,381.3500399697235
409,0.105499,-117.371391,1245.183594,1.0,957.5097680885453,393.99356396972354
410,0.11557,-117.173767,1245.163818,1.0,962.1266510885454,382.63353296972355
411,0.116425,-116.919327,1245.138794,1.0,1064.4951810885455,386.76913796972354
412,0.113342,-116.617943,1245.110474,1.0,1069.8891020885453,380.87169296972354
413,0.113434,-116.262787,1245.078491,1.0,1073.9701560885453,381.89258196972355
414,0.116211,-115.844162,1245.042603,1.0,1078.9188260885453,381.39590796972357
415,0.113403,-115.382454,1245.005371,1.0,1094.9329250885453,374.7880129697236
416,0.102631,-114.919647,1244.970703,1.0,1123.4271880885453,386.79310996972356
417,0.100677,-114.423981,1244.936768,1.0,1152.6183500885454,399.21715196972355
418,0.11676,-113.797295,1244.897583,1.0,1231.3949610885452,380.70384596972355
419,0.113251,-113.13665,1244.861328,1.0,1384.0082420885456,383.69684196972355
420,0.109253,-112.451202,1244.827515,1.0,1403.9860260885453,382.0933569697236
421,0.111969,-111.699989,1244.791992,1.0,1456.4610010885453,396.9874909697236
422,0.111481,-110.90461,1244.749634,1.0,1448.9805320885453,362.42174096972354
423,0.105774,-110.111855,1244.694824,1.0,1468.1344630885455,347.8054239697235
424,0.116699,-109.200836,1244.606079,1.0,1483.6155420885452,337.00445896972354
425,0.109924,-108.311577,1244.478638,1.0,1478.5419340885455,334.53648696972357
426,0.112152,-107.388084,1244.282837,1.0,1509.8880030885452,467.15370496972355
427,0.114075,-106.453438,1243.998047,1.0,1474.4525780885451,323.1965369697235
428,0.101532,-105.644958,1243.661743,1.0,1442.0226470885455,320.8799629697236
429,0.103668,-104.856323,1243.234619,1.0,1433.5222800885454,322.93255996972357
430,0.106812,-104.091782,1242.706909,1.0,1395.8091460885453,337.42189396972356
431,0.110626,-103.365936,1242.073486,1.0,1347.5862450885452,335.08685696972356
432,0.111847,-102.711716,1241.355957,1.0,1301.2333400885454,341.26185996972356
433,0.109528,-102.159187,1240.588989,1.0,1258.1604640885453,404.1273079697235
434,0.108215,-101.710548,1239.78418,1.0,1226.6281150885452,352.44652196972356
435,0.1091,-101.366287,1238.939819,1.0,1188.8230620885452,338.54504796972356
436,0.106323,-101.138474,1238.097412,1.0,1086.5060450885453,283.9590189697235
437,0.113831,-101.015259,1237.187378,1.0,1044.3489410885454,311.35209996972355
438,0.113708,-101.015434,1236.284058,1.0,1009.5610990885453,260.5597189697236
439,0.116699,-101.14119,1235.379517,1.0,960.3448510885453,304.8718149697236
440,0.115204,-101.380829,1234.531738,1.0,942.9486110885454,402.00947896972355
441,0.116486,-101.709747,1233.744751,1.0,859.5620750885454,338.71345896972355
442,0.109314,-102.051346,1233.077026,1.0,890.4941430885453,352.6997409697235
443,0.104767,-102.375946,1232.492432,1.0,890.4941430885453,352.6997409697235
444,0.107178,-102.696983,1231.926392,1.0,782.9539820885453,302.60655596972356
445,0.106506,-102.998695,1231.352295,1.0,799.4180930885453,360.5972019697235
446,0.108612,-103.275795,1230.750977,1.0,803.2728300885453,343.58700896972357
447,0.107666,-103.502251,1230.15979,1.0,810.3252590885453,343.52273896972355
448,0.112701,-103.696442,1229.543091,1.0,813.1140770885453,382.74367096972355
449,0.115936,-103.859085,1228.903931,1.0,707.8423490885453,368.49191696972355
450,0.112244,-103.973152,1228.290527,1.0,773.9629540885453,318.11734396972355
451,0.114899,-104.026367,1227.674927,1.0,270.5453970885453,503.79698596972355
452,0.112213,-104.008827,1227.082031,1.0,270.5453970885453,503.79698596972355
453,0.11618,-103.931305,1226.488892,1.0,270.5453970885453,503.79698596972355
454,0.121674,-103.803543,1225.899414,1.0,270.5453970885453,503.79698596972355
455,0.110992,-103.657005,1225.377319,1.0,270.5453970885453,503.79698596972355
456,0.109253,-103.504135,1224.86084,0.0,71.57709008854533,142.83168396972354
457,0.107574,-103.343979,1224.358398,0.0,71.57709008854533,142.83168396972354
458,0.105469,-103.179169,1223.879028,0.0,71.57709008854533,142.83168396972354
459,0.107727,-103.015862,1223.400757,0.0,71.57709008854533,142.83168396972354
460,0.108124,-102.859711,1222.922485,0.0,71.57709008854533,142.83168396972354
461,0.116547,-102.693634,1222.398071,0.0,71.57709008854533,142.83168396972354
462,0.108856,-102.540054,1221.894043,0.0,71.57709008854533,142.83168396972354
463,0.108185,-102.393089,1221.375488,0.0,71.57709008854533,142.83168396972354
464,0.105438,-102.255981,1220.850586,0.0,71.57709008854533,142.83168396972354
465,0.112793,-102.113289,1220.265503,0.0,71.57709008854533,142.83168396972354
466,0.108582,-101.975327,1219.673828,0.0,71.57709008854533,142.83168396972354
467,0.110474,-101.828049,1219.044434,0.0,71.57709008854533,142.83168396972354
468,0.112488,-101.66938,1218.371582,0.0,71.57709008854533,142.83168396972354
469,0.11145,-101.50322,1217.665527,0.0,71.57709008854533,142.83168396972354
470,0.111542,-101.33062,1216.919067,1.0,-319.29415591145465,438.41179296972354
471,0.112579,-101.154213,1216.125244,1.0,-319.29415591145465,438.41179296972354
472,0.110626,-100.98111,1215.302246,1.0,-319.29415591145465,438.41179296972354
473,0.115326,-100.803375,1214.401245,1.0,-319.29415591145465,438.41179296972354
474,0.111725,-100.636635,1213.49646,1.0,-319.29415591145465,438.41179296972354
475,0.11441,-100.472725,1212.54541,0.0,71.57709008854533,142.83168396972354
476,0.113037,-100.316147,1211.582031,0.0,71.57709008854533,142.83168396972354
477,0.109406,-100.166443,1210.623535,0.0,71.57709008854533,142.83168396972354
478,0.108612,-100.01918,1209.650269,0.0,71.57709008854533,142.83168396972354
479,0.109283,-99.87294,1208.661621,0.0,71.57709008854533,142.83168396972354
480,0.111847,-99.727379,1207.656738,0.0,71.57709008854533,142.83168396972354
481,0.115723,-99.582504,1206.625732,0.0,71.57709008854533,142.83168396972354
482,0.114838,-99.442482,1205.598999,0.0,71.57709008854533,142.83168396972354
483,0.115997,-99.303825,1204.558228,0.0,71.57709008854533,142.83168396972354
484,0.117126,-99.166786,1203.508179,0.0,71.57709008854533,142.83168396972354
485,0.100983,-99.050743,1202.596924,0.0,71.57709008854533,142.83168396972354
486,0.115997,-98.919655,1201.544067,1.0,-281.2890289114547,577.2428169697235
487,0.115814,-98.791847,1200.495972,1.0,-281.2890289114547,577.2428169697235
488,0.117004,-98.664856,1199.432129,1.0,-281.2890289114547,577.2428169697235
489,0.11676,-98.539948,1198.362915,1.0,-281.2890289114547,577.2428169697235
490,0.111908,-98.422943,1197.340942,1.0,-281.2890289114547,577.2428169697235
491,0.110382,-98.309891,1196.335571,1.0,1233.5089750885454,293.88391496972355
492,0.112274,-98.196243,1195.308716,1.0,792.6140770885453,384.19395796972356
493,0.113647,-98.082397,1194.265869,1.0,938.5103180885453,447.58336196972357
494,0.113281,-97.970215,1193.227295,1.0,945.3262360885453,409.89363496972356
495,0.111694,-97.85994,1192.203247,1.0,967.6323270885454,431.6930729697235
496,0.112213,-97.74826,1191.172852,1.0,554.4908170885453,571.0488779697235
497,0.115723,-97.631699,1190.109985,1.0,522.9219080885453,426.1813849697235
498,0.113647,-97.515923,1189.062378,1.0,860.0748930885453,430.3702579697235
499,0.102417,-97.410721,1188.11145,1.0,933.6428860885453,428.2689699697235
500,0.119507,-97.286758,1186.985229,1.0,932.3387480885453,434.19514796972356
501,0.113739,-97.166672,1185.885254,1.0,950.7360260885454,390.20517296972355
502,0.110992,-97.045113,1184.765747,1.0,930.9785790885453,456.67518996972353
503,0.110962,-96.918343,1183.595825,1.0,948.3010890885454,437.93446696972353
504,0.114258,-96.781471,1182.338501,1.0,948.5855740885453,355.12846696972355
505,0.113373,-96.638763,1181.038086,1.0,948.5855740885453,355.12846696972355
506,0.114532,-96.488274,1179.674072,1.0,873.1777370885453,405.62846696972355
507,0.110718,-96.34005,1178.334106,1.0,925.8552270885453,358.83337796972353
508,0.119049,-96.180267,1176.889771,1.0,915.1598540885453,458.81370896972356
509,0.116516,-96.022247,1175.458008,1.0,912.9621610885454,437.31056596972354
510,0.116882,-95.863365,1174.015503,1.0,928.1887230885453,418.01155496972353
511,0.111206,-95.711746,1172.636841,1.0,931.1309840885453,399.53343596972354
512,0.115479,-95.552879,1171.192627,1.0,860.3938010885454,422.91597396972355
513,0.114288,-95.394714,1169.755981,1.0,946.1816430885453,400.8529239697235
514,0.115875,-95.233063,1168.289185,1.0,946.2948630885453,387.22313296972357
515,0.11676,-95.068741,1166.79895,1.0,937.4197410885454,415.68046896972356
516,0.100128,-94.926773,1165.511719,1.0,940.7732570885453,420.33089096972355
517,0.11618,-94.759872,1164.004272,1.0,941.9428740885453,428.5807679697235
518,0.116486,-94.589592,1162.47998,1.0,939.7861350885453,421.6004219697235
519,0.116943,-94.414894,1160.937988,1.0,945.7444480885454,414.7267949697235
520,0.118011,-94.232445,1159.37146,1.0,951.7561670885453,433.64219996972355
521,0.117859,-94.042488,1157.797607,1.0,953.1365380885453,454.15996196972355
522,0.102417,-93.870934,1156.421265,1.0,953.1246360885453,456.50972396972355
523,0.121796,-93.660667,1154.774414,1.0,827.1914700885453,294.10470996972356
524,0.101501,-93.48185,1153.393433,1.0,943.3119530885454,404.2374459697235
525,0.103241,-93.298599,1151.980957,1.0,965.2124050885453,403.36046196972353
526,0.109467,-93.104805,1150.474976,1.0,965.6658350885454,398.69362196972355
527,0.108215,-92.915024,1148.978394,1.0,953.0961940885453,384.86505496972353
528,0.109528,-92.724922,1147.458008,1.0,918.9621000885453,313.43643596972356
529,0.106689,-92.540764,1145.97229,1.0,916.1602810885454,335.11601596972355
530,0.103699,-92.361595,1144.52417,1.0,914.4470850885454,349.3926889697235
531,0.107239,-92.175529,1143.02356,1.0,911.1702300885453,327.72287396972354
532,0.104065,-91.994591,1141.570312,1.0,954.0676910885453,445.9003179697235
533,0.104218,-91.813728,1140.125732,1.0,947.3300810885453,444.06709696972354
534,0.107544,-91.627472,1138.651855,1.0,1011.6699240885454,445.6291999697235
535,0.10199,-91.450241,1137.266846,1.0,1254.9104640885453,471.05305896972357
536,0.103088,-91.270111,1135.879517,1.0,1189.3006010885451,471.7664679697235
537,0.103271,-91.088417,1134.502686,1.0,1124.9911520885453,520.2905159697235
538,0.107178,-90.898109,1133.08667,1.0,1150.6748680885453,528.7783389697236
539,0.106567,-90.706596,1131.69165,1.0,1166.8753080885454,543.9836009697235
540,0.103394,-90.517921,1130.350586,1.0,990.4977440885453,432.27760696972354
541,0.102417,-90.327744,1129.034912,1.0,994.3695700885453,422.9746589697235
542,0.107574,-90.123993,1127.665771,1.0,936.9669220885453,301.67372496972354
543,0.102753,-89.925667,1126.370972,1.0,902.2568390885453,316.6107369697236
544,0.106598,-89.716034,1125.039795,1.0,905.5838040885453,318.63173296972354
545,0.111755,-89.492691,1123.658325,1.0,909.7302880885453,325.01794796972354
546,0.108673,-89.273476,1122.327881,1.0,964.6285430885454,385.83418596972353
547,0.106781,-89.058334,1121.032959,1.0,1012.3537620885453,466.14348196972355
548,0.103271,-88.85186,1119.789917,1.0,1015.6681540885453,452.32277296972353
549,0.106415,-88.641541,1118.514526,1.0,1029.9624660885452,466.3446839697235
550,0.106598,-88.433563,1117.239136,1.0,1035.4561790885455,464.41655296972357
551,0.105621,-88.230186,1115.978638,1.0,1043.5029930885453,454.35716596972355
552,0.108795,-88.022789,1114.681885,1.0,1096.6626610885455,424.72005096972356
553,0.105408,-87.823372,1113.426514,1.0,1090.9391510885453,431.81035196972357
554,0.107391,-87.622261,1112.148438,1.0,1098.5426660885455,430.34166296972353
555,0.107971,-87.423355,1110.860718,1.0,948.2744780885454,324.89346696972353
556,0.104156,-87.236336,1109.614258,1.0,926.2459740885454,306.7770269697236
557,0.108002,-87.048561,1108.314819,1.0,922.0108670885453,305.1040689697236
558,0.106598,-86.869827,1107.022827,1.0,923.4472070885454,299.9138979697235
559,0.109161,-86.69339,1105.687378,1.0,923.4890160885453,293.87646896972353
560,0.106567,-86.527023,1104.369263,1.0,928.1584500885454,299.06224396972357
561,0.108185,-86.363213,1103.013672,1.0,924.5973540885453,298.3325689697235
562,0.106384,-86.206779,1101.662964,1.0,922.5598780885454,296.9580269697235
563,0.108398,-86.052002,1100.269775,1.0,915.7048980885453,300.3098789697235
564,0.106934,-85.903702,1098.880127,1.0,915.6841460885453,306.1507449697235
565,0.106659,-85.76004,1097.478271,1.0,917.0785550885454,302.90933596972354
566,0.11087,-85.615128,1096.005005,1.0,911.1589990885453,304.4186439697236
567,0.104645,-85.482315,1094.598755,1.0,904.5532860885453,309.23192196972354
568,0.124573,-85.329468,1092.905273,1.0,903.6638820885453,313.57229996972353
569,0.120178,-85.187836,1091.253052,1.0,901.5225250885453,307.9026829697235
570,0.120575,-85.051872,1089.577271,1.0,908.1629660885453,312.97493396972357
571,0.106384,-84.93737,1088.083984,1.0,910.3963650885453,306.67074996972354
572,0.121185,-84.813492,1086.366211,1.0,912.4473900885454,311.02510396972355
573,0.122498,-84.695541,1084.612183,1.0,937.2769190885454,449.8493229697235
574,0.11795,-84.589119,1082.907715,1.0,934.4868800885454,441.43632896972355
575,0.116913,-84.490723,1081.202271,1.0,1037.5946070885452,474.08787896972353
576,0.123413,-84.394676,1079.388306,1.0,1028.7492090885453,472.54509296972356
577,0.120483,-84.307228,1077.604126,1.0,1046.3652980885454,477.64079696972357
578,0.118011,-84.224869,1075.846558,1.0,1065.1915920885453,487.25523696972357
579,0.119843,-84.141609,1074.053101,1.0,1059.5471830885454,476.34569196972353
580,0.117279,-84.059395,1072.297241,1.0,942.5891750885453,429.0317569697235
581,0.101715,-83.987282,1070.780273,1.0,915.6513090885453,435.38051196972356
582,0.11972,-83.902168,1069.002686,1.0,854.1782250885453,450.4355959697235
583,0.116913,-83.820107,1067.277588,1.0,887.8435690885453,456.83940496972355
584,0.113708,-83.743881,1065.613037,1.0,884.2233910885453,464.35267996972357
585,0.118591,-83.672287,1063.895508,1.0,874.0944850885453,459.33793996972355
586,0.118347,-83.612213,1062.19873,1.0,882.6925070885453,459.3800539697235
587,0.115417,-83.565582,1060.562134,1.0,875.4862700885453,462.53245896972356
588,0.116974,-83.529343,1058.939819,1.0,870.9845000885454,460.56151196972354
589,0.102173,-83.505096,1057.557861,1.0,877.3082910885454,454.16929996972357
590,0.116058,-83.484184,1056.060547,1.0,871.4348780885454,448.50554296972354
591,0.120941,-83.46788,1054.603149,1.0,881.9879180885454,432.09755296972355
592,0.117065,-83.456322,1053.302002,1.0,921.7195460885454,420.19008196972356
593,0.115906,-83.448471,1052.124756,1.0,966.3476590885454,406.91270796972356
594,0.117523,-83.443649,1051.042358,1.0,969.9918850885454,423.07161296972356
595,0.113983,-83.441475,1050.103638,1.0,957.3742090885453,410.59068696972355
596,0.116638,-83.440994,1049.262695,1.0,960.1460600885454,395.80507296972354
597,0.116852,-83.441475,1048.547974,1.0,961.8859280885454,394.19139496972355
598,0.111786,-83.442177,1047.988281,1.0,942.9712550885454,396.02838496972356
599,0.116486,-83.442688,1047.535034,1.0,911.9847440885453,378.47381996972354
600,0.113464,-83.442955,1047.217407,1.0,925.8239160885454,383.50952496972354
601,0.113586,-83.443146,1047.00769,1.0,933.3669460885453,385.54097396972355
602,0.119324,-83.443428,1046.846069,1.0,926.4980490885454,391.31279396972354
603,0.120667,-83.443962,1046.682251,1.0,920.0667750885453,386.7093699697235
604,0.115875,-83.444695,1046.515991,1.0,920.6834130885453,428.79576496972356
605,0.117462,-83.445656,1046.342041,1.0,922.6712060885453,433.49125996972356
606,0.115204,-83.446754,1046.170776,1.0,928.3740870885454,438.8771249697235
607,0.113464,-83.447929,1046.003784,1.0,929.3966700885453,438.9920839697235
608,0.115967,-83.449242,1045.833374,1.0,921.2362090885454,445.83604796972355
609,0.11557,-83.450653,1045.662354,1.0,853.8770780885453,318.2325629697235
610,0.117493,-83.452202,1045.48645,1.0,950.4559350885453,427.4838449697235
611,0.114563,-83.453835,1045.3125,1.0,946.6688870885454,438.71525896972355
612,0.114716,-83.455597,1045.135132,1.0,951.4122340885453,425.99602096972353
613,0.114227,-83.457527,1044.952148,1.0,949.4455590885453,421.06947696972355
614,0.115875,-83.459793,1044.748779,1.0,953.1480740885453,393.91832296972353
615,0.115112,-83.462585,1044.51416,1.0,954.6098660885453,404.48790296972356
616,0.109344,-83.465935,1044.249268,1.0,903.2620270885453,426.17113096972355
617,0.114258,-83.470375,1043.924561,1.0,908.3500390885454,401.8845099697235
618,0.117218,-83.476051,1043.541382,1.0,896.5669580885453,394.9930299697236
619,0.115936,-83.482834,1043.114624,1.0,897.0408350885454,425.14497696972353
620,0.116119,-83.490738,1042.642334,1.0,895.3797020885453,400.07988296972354
621,0.117523,-83.5,1042.119873,1.0,992.4660060885453,408.3045839697235
622,0.1138,-83.510376,1041.569702,1.0,983.3933130885454,397.3972969697236
623,0.121429,-83.523232,1040.931763,1.0,977.4910910885453,371.9535409697236
624,0.118073,-83.53746,1040.26001,1.0,918.2504300885454,339.68446696972353
625,0.114807,-83.55233,1039.567627,1.0,919.8784210885453,352.4191169697235
626,0.117249,-83.568146,1038.827759,1.0,907.6925070885453,399.6731449697235
627,0.11496,-83.584419,1038.063965,1.0,972.1797510885453,406.17113096972355
628,0.117584,-83.601723,1037.244507,1.0,1046.2698390885453,436.83003596972355
629,0.11557,-83.619255,1036.408203,1.0,1059.3951440885453,438.02000796972357
630,0.122314,-83.63797,1035.488037,1.0,1073.7583640885455,415.93883096972354
631,0.119507,-83.655792,1034.552856,1.0,1027.3946560885454,412.92003196972354
632,0.12265,-83.672569,1033.561157,1.0,886.9741850885454,405.64503796972355
633,0.118652,-83.686012,1032.570557,1.0,888.0678130885453,407.06071796972356
634,0.122162,-83.695496,1031.515015,1.0,886.8089630885453,409.51549096972354
635,0.118256,-83.699173,1030.460938,1.0,857.9022850885453,462.31013896972354
636,0.122192,-83.696388,1029.341309,1.0,857.4541650885453,463.34059496972355
637,0.11676,-83.687149,1028.241943,1.0,862.2490870885454,458.01671196972353
638,0.124908,-83.670731,1027.033325,1.0,864.6032130885453,467.90004296972353
639,0.119324,-83.650688,1025.828369,1.0,869.9403100885453,465.35615896972354
640,0.110046,-83.630211,1024.664307,1.0,870.1856720885453,463.72313296972357
641,0.114471,-83.60775,1023.400085,1.0,867.7061180885453,452.3597909697235
642,0.113525,-83.58345,1022.093201,1.0,897.0806910885453,247.64326796972352
643,0.109802,-83.556084,1020.780212,1.0,896.0069000885453,258.21917296972356
644,0.111481,-83.523254,1019.414673,1.0,898.1073630885453,281.23556896972354
645,0.111816,-83.48452,1018.028564,1.0,913.1015650885454,298.08073796972354
646,0.109283,-83.440468,1016.647644,1.0,914.2903470885453,304.15253096972356
647,0.112091,-83.389549,1015.209412,1.0,894.6597930885454,361.7716709697236
648,0.110992,-83.334274,1013.762939,1.0,828.1821320885454,379.20605796972353
649,0.110596,-83.274742,1012.296326,1.0,859.9607570885453,442.2615849697235
650,0.115906,-83.207214,1010.737183,1.0,949.2424950885453,429.72853496972357
651,0.111267,-83.135605,1009.217834,1.0,1003.9052760885453,394.81041296972353
652,0.112518,-83.054955,1007.659851,1.0,968.7452420885453,503.88710396972357
653,0.111908,-82.965927,1006.091003,1.0,994.8843410885453,271.1574739697236
654,0.109314,-82.869553,1004.537964,1.0,970.9747340885453,389.60028396972353
655,0.110809,-82.761497,1002.944946,1.0,1018.4560570885453,372.40127896972353
656,0.111176,-82.641953,1001.327881,1.0,1073.2171050885454,423.82652696972355
657,0.108093,-82.514496,999.737549,1.0,1088.1649810885453,429.18034696972353
658,0.111206,-82.371529,998.085022,1.0,996.4684470885453,434.59266996972354
659,0.109894,-82.217934,996.434448,1.0,1003.8874540885454,407.53328296972353
660,0.115326,-82.04335,994.684937,1.0,1069.8828760885453,429.73741496972355
661,0.12326,-81.840042,992.797852,1.0,1125.8695700885455,392.61876296972355
662,0.101227,-81.661659,991.252991,1.0,1116.3740870885454,390.5013159697236
663,0.123657,-81.43438,989.397949,1.0,1122.3859280885454,382.89844096972354
664,0.122986,-81.199821,987.582336,1.0,1108.9041160885454,386.9232209697235
665,0.103455,-81.005318,986.13623,1.0,1105.8274560885452,399.66142596972355
666,0.123291,-80.7827,984.538025,1.0,1102.4330470885452,419.9493289697235
667,0.123047,-80.573738,983.082336,1.0,1076.4489160885455,424.53221496972355
668,0.101837,-80.41156,981.979126,1.0,1096.4227930885454,402.6299629697235
669,0.121307,-80.231133,980.778687,1.0,1084.1077910885454,416.28761696972356
670,0.124146,-80.062233,979.67572,1.0,1058.3737820885453,409.66554596972355
671,0.125763,-79.909782,978.692383,1.0,1053.0640900885453,398.9249459697235
672,0.122375,-79.78241,977.873108,1.0,1039.3254420885453,374.69125696972355
673,0.101562,-79.693832,977.301819,1.0,964.6463650885453,370.73669796972354
674,0.104004,-79.619667,976.819763,1.0,954.8107330885454,379.7245219697236
675,0.100464,-79.563683,976.451111,1.0,954.3345970885454,322.4325139697236
676,0.106537,-79.519577,976.154846,1.0,972.0451690885453,461.8069039697235
677,0.107513,-79.487152,975.932861,1.0,970.5415680885453,409.53087196972353
678,0.11319,-79.456627,975.721191,1.0,979.7493310885453,382.7342259697235
679,0.109222,-79.426552,975.512207,1.0,929.0388820885453,456.88591396972356
680,0.107788,-79.395912,975.299377,1.0,934.1136500885453,441.38032896972356
681,0.113647,-79.363136,975.070984,1.0,935.5783110885453,427.8910409697235
682,0.108124,-79.332039,974.853088,1.0,939.4235260885454,433.95143496972355
683,0.116455,-79.297363,974.607849,1.0,944.0896020885453,453.98430196972356
684,0.10788,-79.259743,974.338989,1.0,951.3803740885453,468.20933896972355
685,0.100922,-79.218643,974.04303,1.0,957.5203880885454,463.45051896972353
686,0.125031,-79.160271,973.618347,1.0,949.0855740885453,476.6416509697235
687,0.101074,-79.1073,973.22876,1.0,945.4540430885453,478.05949796972357
688,0.12262,-79.036278,972.699707,1.0,947.5239280885453,471.50560396972355
689,0.101257,-78.972244,972.21637,1.0,942.0169700885453,475.21940996972353
690,0.101105,-78.90358,971.692139,1.0,944.9086940885453,467.79088196972356
691,0.100769,-78.830612,971.128235,1.0,944.1105370885454,455.39445896972353
692,0.121948,-78.736382,970.390686,1.0,956.2789940885453,457.39955496972357
693,0.10025,-78.654259,969.738892,1.0,933.3461330885453,446.21562596972353
694,0.101074,-78.567467,969.040649,1.0,497.0844140885453,355.93338396972354
695,0.122955,-78.456779,968.13446,1.0,529.5203580885453,364.87024296972356
696,0.101593,-78.361412,967.339172,1.0,547.8901700885453,359.43931896972356
697,0.100769,-78.263603,966.508423,1.0,771.4431180885454,403.49299996972354
698,0.10498,-78.158478,965.598877,1.0,915.0917380885453,439.5137209697235
699,0.101929,-78.053139,964.67157,1.0,921.2637360885453,434.8697389697235
700,0.101807,-77.944397,963.702515,1.0,942.9418970885454,444.25508496972355
701,0.100372,-77.833046,962.705322,1.0,935.1864040885454,446.28245896972356
702,0.10376,-77.713013,961.630798,1.0,931.3811670885453,441.83989296972356
703,0.101044,-77.591026,960.542053,1.0,929.2077050885454,444.06984296972354
704,0.101654,-77.463188,959.404663,1.0,928.2312650885453,448.51411796972354
705,0.100769,-77.331627,958.235657,1.0,944.1960480885454,339.62576696972354
706,0.102386,-77.193092,957.004883,1.0,894.7694120885453,508.40947296972354
707,0.103821,-77.047775,955.713074,1.0,921.7872340885453,428.43721396972353
708,0.104553,-76.895767,954.367432,1.0,928.6082180885453,440.32646496972353
709,0.10434,-76.736427,952.980164,1.0,922.8631010885454,434.55394396972355
710,0.107605,-76.561195,951.502625,1.0,922.2417630885453,439.00609196972357
711,0.103729,-76.37912,950.033752,1.0,926.3665190885454,451.76546096972356
712,0.106659,-76.176765,948.477478,1.0,921.7947410885454,448.2063789697235
713,0.107208,-75.95723,946.864136,1.0,931.3213530885454,458.74043596972353
714,0.105408,-75.726273,945.23053,1.0,933.7730130885453,453.71647996972354
715,0.103149,-75.486351,943.585754,1.0,930.0330230885453,452.37022796972354
716,0.108643,-75.219254,941.804626,1.0,937.7264430885454,460.17799696972355
717,0.1138,-74.924126,939.884705,1.0,974.0357080885453,464.82225396972353
718,0.119171,-74.599503,937.816772,1.0,979.2703880885454,463.22301096972353
719,0.114319,-74.27446,935.779358,1.0,979.2535430885454,461.09926196972356
720,0.106781,-73.960106,933.833557,1.0,980.7662990885453,464.94758996972354
721,0.104309,-73.643784,931.893372,1.0,983.2313870885454,468.4467659697235
722,0.105896,-73.315178,929.885315,1.0,979.7235130885454,462.90834396972355
723,0.109558,-72.968422,927.767395,1.0,970.1017480885454,456.67601396972356
724,0.106659,-72.624802,925.665588,1.0,961.5640900885453,460.66655296972357
725,0.105347,-72.27993,923.552368,1.0,965.8734160885454,460.7899049697235
726,0.106323,-71.92701,921.382629,1.0,1018.5370510885454,450.06422796972356
727,0.106537,-71.572281,919.171997,1.0,1020.9558130885454,448.3022649697235
728,0.104095,-71.228905,916.976746,1.0,1009.8035910885453,441.8129159697235
729,0.103058,-70.894653,914.770813,1.0,1005.2993190885453,444.08949596972354
730,0.109253,-70.545166,912.39563,1.0,1015.8366730885454,459.9829899697235
731,0.103485,-70.215118,910.113892,1.0,1016.9357940885453,463.7150459697235
732,0.105042,-69.877373,907.768188,1.0,915.4455590885453,462.42103896972355
733,0.101593,-69.545944,905.475769,1.0,900.8763450885453,456.06535696972355
734,0.105499,-69.196106,903.0755,1.0,907.1997100885453,447.62410296972354
735,0.103638,-68.847824,900.702148,1.0,937.5382720885453,448.35228296972355
736,0.104858,-68.493622,898.28833,1.0,995.6636990885453,450.51695596972354
737,0.102905,-68.148567,895.913513,1.0,993.0787990885453,445.18385696972354
738,0.10611,-67.7995,893.464905,1.0,1019.6839020885453,446.4158509697235
739,0.103088,-67.469864,891.090393,1.0,1040.0024440885454,442.37291296972353
740,0.106781,-67.141075,888.645142,1.0,1039.4797390885453,447.3943059697235
741,0.105133,-66.83046,886.253906,1.0,1035.6068140885454,440.0570869697235
742,0.103638,-66.536758,883.910645,1.0,1035.9954250885453,442.39702196972354
743,0.10434,-66.253548,881.566956,1.0,1039.5546290885454,441.00981496972355
744,0.104736,-65.981293,879.227905,1.0,1033.8945950885454,447.46983696972353
745,0.105164,-65.719284,876.89386,1.0,1030.5638450885453,442.61757296972354
746,0.10498,-65.468117,874.578552,1.0,1027.7188750885452,433.17457996972354
747,0.104919,-65.225006,872.278564,1.0,1025.6557030885454,438.6630129697235
748,0.106689,-64.981056,869.955505,1.0,1028.9962180885454,448.40755096972356
749,0.102814,-64.743225,867.733032,1.0,1022.5905180885453,440.37758196972356
750,0.105469,-64.492821,865.474976,1.0,1038.3737210885454,442.7678409697235
751,0.103577,-64.239655,863.288147,1.0,999.7705710885454,437.4042549697235
752,0.107056,-63.971603,861.069763,1.0,1021.9086940885453,447.9362069697235
753,0.112457,-63.686596,858.794617,1.0,1012.4406760885454,446.41557696972353
754,0.105347,-63.420719,856.718323,1.0,934.0191070885453,440.77406696972355
755,0.103943,-63.163425,854.724854,1.0,934.7417020885454,438.46867696972356
756,0.110962,-62.897179,852.659363,1.0,890.9545920885454,445.87861996972356
757,0.106415,-62.651745,850.743286,1.0,885.8449730885453,452.62846696972355
758,0.1073,-62.415924,848.878235,1.0,1089.5043970885454,359.12301996972354
759,0.104156,-62.200859,847.134155,1.0,1143.8817780885452,331.47389596972357
760,0.105194,-61.999653,845.441345,1.0,1277.1444730885455,204.01409496972354
761,0.105286,-61.816105,843.816284,1.0,1239.1589990885454,227.48817796972355
762,0.105652,-61.652061,842.254578,1.0,1236.8882470885455,231.28182596972354
763,0.106232,-61.50832,840.754272,1.0,1036.9602080885452,459.79002796972355
764,0.105896,-61.38575,839.330383,1.0,1044.3073150885452,448.01188996972354
765,0.103119,-61.284916,838.014221,1.0,1038.4737570885454,431.47813796972355
766,0.105103,-61.198936,836.750427,1.0,1036.1523460885453,437.88325896972356
767,0.103516,-61.128273,835.582458,1.0,1076.8075590885453,449.11806096972356
768,0.105957,-61.065472,834.426819,1.0,1074.0565210885452,457.03248996972354
769,0.101776,-61.012226,833.343933,1.0,1071.7989530885452,456.6601749697235
770,0.106598,-60.962936,832.231995,1.0,1071.1614410885454,464.39934096972354
771,0.105316,-60.920155,831.140198,1.0,1076.1738310885453,458.85075696972353
772,0.104919,-60.883564,830.057495,1.0,896.0481590885454,290.3549989697235
773,0.105103,-60.853428,828.980286,1.0,899.8362450885453,286.7936739697235
774,0.104095,-60.829395,827.898438,1.0,922.5242340885453,298.66896396972356
775,0.100464,-60.811291,826.83252,1.0,1027.0146510885452,453.52104596972356
776,0.104614,-60.797333,825.706787,1.0,1016.6727930885453,438.61525296972354
777,0.102051,-60.787834,824.590088,1.0,1016.8334380885453,449.8612559697235
778,0.102631,-60.78183,823.449707,1.0,1021.9238310885453,435.37700296972355
779,0.101898,-60.779415,822.304993,1.0,1020.9697290885454,441.22642896972354
780,0.111511,-60.781193,821.052063,1.0,1067.9998190885453,439.03865396972355
781,0.104248,-60.787312,819.900024,1.0,1061.4069850885453,444.0676459697235
782,0.107788,-60.79855,818.718262,1.0,1061.2213160885453,442.92110096972357
783,0.100189,-60.813629,817.629211,1.0,1039.7923610885455,478.63197696972355
784,0.101318,-60.833572,816.540039,1.0,1055.1693140885454,474.64995196972353
785,0.124512,-60.864677,815.211365,1.0,1047.1021750885452,456.1891059697235
786,0.10083,-60.894943,814.145569,1.0,1028.8122580885454,424.5565679697235
787,0.124054,-60.938004,812.847595,1.0,1039.9089380885453,430.37758196972356
788,0.123016,-60.986702,811.573853,1.0,1033.0757470885453,430.07597696972357
789,0.120178,-61.039707,810.343384,1.0,999.4191920885453,446.80479796972355
790,0.12088,-61.09845,809.11792,1.0,1000.7033720885453,445.3604009697235
791,0.124603,-61.164993,807.868469,1.0,1000.0000030885453,432.11732896972353
792,0.119568,-61.234619,806.682129,1.0,1012.1757230885453,432.00059896972357
793,0.120728,-61.310658,805.49707,1.0,1014.9552640885453,428.7553899697235
794,0.100342,-61.378143,804.52179,1.0,1017.9193140885453,425.46342796972357
795,0.12439,-61.467461,803.324768,1.0,1014.0781890885453,422.47481096972353
796,0.121857,-61.560509,802.175232,1.0,1008.0069610885454,430.47960296972354
797,0.121399,-61.656124,801.083923,1.0,1012.0788600885453,417.85148996972356
798,0.122864,-61.753555,800.059814,1.0,1011.1265280885453,405.37587296972356
799,0.121368,-61.846142,799.156677,1.0,1007.1377590885453,399.5054819697235
800,0.120056,-61.929386,798.391602,1.0,1003.0061060885454,394.8009679697235
801,0.121124,-62.001839,797.755981,1.0,999.3581570885453,385.59503496972354
802,0.123169,-62.061573,797.250427,1.0,993.9411650885453,386.44650596972355
803,0.11972,-62.105343,796.889343,1.0,996.3137840885454,378.01076096972355
804,0.120209,-62.134823,796.649841,1.0,1008.4119290885453,484.2981449697235
805,0.120819,-62.152008,796.511597,1.0,1000.6744410885453,474.15620796972354
806,0.121674,-62.161762,796.433228,1.0,1035.7434110885454,472.1303899697235
807,0.121887,-62.170868,796.359436,1.0,1137.0955230885452,471.92637996972354
808,0.119415,-62.180786,796.279297,1.0,1213.3505280885452,468.1819949697235
809,0.121796,-62.191795,796.191467,1.0,1225.9215720885454,462.69630796972353
810,0.116577,-62.202705,796.105713,1.0,1202.5186180885453,467.50957096972354
811,0.117523,-62.213802,796.019104,1.0,1197.0701320885455,479.6889529697235
812,0.118561,-62.225143,795.931152,1.0,1095.9940820885454,486.12831496972353
813,0.116516,-62.236515,795.842529,1.0,1019.9141870885453,518.9570809697236
814,0.12146,-62.248707,795.747681,1.0,1021.2837550885454,507.21528996972353
815,0.119598,-62.261017,795.6521,1.0,1031.1647980885455,504.8570439697235
816,0.12265,-62.273937,795.55249,1.0,1024.3831810885454,510.2642399697235
817,0.119659,-62.286835,795.453674,1.0,1008.6588770885453,443.40019596972354
818,0.119904,-62.300282,795.351074,1.0,1018.3105490885454,437.44179096972357
819,0.119385,-62.315491,795.235413,1.0,897.7305320885454,440.78456496972353
820,0.124329,-62.336491,795.076111,1.0,779.2785060885453,527.7659799697235
821,0.119934,-62.364571,794.864929,1.0,881.2113670885453,444.90422396972355
822,0.119171,-62.400497,794.597656,1.0,475.8970970885453,468.6585579697235
823,0.120026,-62.444942,794.271118,1.0,498.53045908854534,467.29579496972354
824,0.114655,-62.495434,793.905273,1.0,486.62951908854535,464.2434579697235
825,0.117249,-62.555492,793.476318,1.0,482.79349008854535,456.19835296972354
826,0.11731,-62.62442,792.991943,1.0,590.1994040885453,446.7116889697235
827,0.116852,-62.702244,792.454773,1.0,981.7166160885454,419.40608596972356
828,0.117584,-62.790306,791.858887,1.0,975.1855490885454,408.38139696972354
829,0.117188,-62.888329,791.210205,1.0,973.8262360885453,413.86198796972354
830,0.116058,-62.996185,790.513428,1.0,982.8256250885453,451.38206896972355
831,0.121521,-63.121235,789.726501,1.0,982.8859890885453,456.10090996972355
832,0.120361,-63.257828,788.889038,1.0,987.8597440885453,455.41234196972357
833,0.118347,-63.404232,788.012512,1.0,987.6976950885453,456.14760196972355
834,0.117126,-63.559807,787.100769,1.0,1031.1726710885455,441.79039396972354
835,0.112946,-63.71841,786.188354,1.0,1036.2836940885454,444.91612596972357
836,0.113739,-63.886803,785.234436,1.0,1030.5704980885453,444.4993779697235
837,0.11087,-64.059677,784.268921,1.0,1031.6354400885452,449.58494896972354
838,0.112488,-64.243355,783.257568,1.0,1028.6027860885454,450.9488099697235
839,0.122101,-64.452095,782.125732,1.0,1026.9852930885454,448.04756496972357
840,0.115723,-64.659012,781.017334,1.0,1023.1483790885453,443.00639696972354
841,0.116608,-64.878693,779.850647,1.0,1022.6392240885453,443.26695596972354
842,0.115692,-65.108597,778.638184,1.0,1027.0623810885454,436.29954896972356
843,0.114136,-65.346939,777.388672,1.0,1025.7998070885453,441.25758696972355
844,0.119354,-65.608665,776.02594,1.0,1016.1868310885453,429.17766196972354
845,0.114777,-65.87233,774.664307,1.0,1019.2431060885453,439.58519396972355
846,0.114441,-66.1427,773.27771,1.0,1017.2448760885453,443.9880559697235
847,0.116638,-66.422424,771.853149,1.0,1021.1720000885454,447.44398896972353
848,0.113739,-66.698524,770.456055,1.0,1016.2371240885453,441.29753496972353
849,0.112701,-66.969528,769.095459,1.0,1013.0734280885454,449.09166296972353
850,0.110687,-67.235291,767.772339,1.0,1006.2014190885453,438.15706196972354
851,0.110291,-67.500107,766.464355,1.0,1001.7581200885453,433.85084896972353
852,0.11319,-67.770447,765.138855,1.0,1001.7252220885454,441.9267459697235
853,0.110413,-68.033806,763.855164,1.0,1008.5379050885454,436.59883496972355
854,0.111664,-68.298157,762.569275,1.0,1012.0214870885453,445.19362196972355
855,0.117279,-68.571907,761.232666,1.0,1004.0205710885454,443.79158396972355
856,0.121307,-68.84964,759.862061,1.0,1013.6881740885453,435.12315696972354
857,0.107147,-69.089272,758.663696,1.0,1018.5441310885453,440.18638996972356
858,0.123657,-69.359367,757.292725,1.0,1011.4868800885454,439.81706596972356
859,0.100464,-69.573242,756.188721,1.0,1016.6459990885453,436.3513679697235
860,0.101379,-69.782883,755.083008,1.0,1018.4738800885453,437.32594696972353
861,0.102234,-69.986885,753.976929,1.0,1024.3412500885452,431.40916796972357
862,0.125671,-70.226624,752.628601,1.0,1029.0248440885453,425.03834896972353
863,0.123901,-70.450531,751.311462,1.0,1031.6795680885452,427.8156619697235
864,0.125336,-70.664566,749.991394,1.0,1039.8598660885455,432.83284396972357
865,0.117523,-70.854691,748.764832,1.0,1025.9115630885453,439.84297596972357
866,0.116119,-71.033142,747.564209,1.0,1031.9201080885455,434.77812596972353
867,0.121979,-71.21093,746.314087,1.0,1033.2932770885454,438.77653896972356
868,0.103149,-71.352524,745.266113,1.0,1035.9027740885454,445.17592196972356
869,0.108307,-71.491348,744.174805,1.0,1045.8108550885454,436.25850296972357
870,0.104889,-71.614914,743.12616,1.0,1049.9666770885453,434.08430896972357
871,0.106659,-71.726883,742.068237,1.0,1059.9326810885455,432.56706596972356
872,0.105896,-71.821663,741.02832,1.0,1071.7003200885454,431.0939829697235
873,0.105591,-71.89901,740.008301,1.0,1080.5139190885452,428.1475709697235
874,0.104034,-71.959236,739.029968,1.0,1093.9387840885454,428.61912896972353
875,0.10202,-72.005119,738.104736,1.0,1098.0335110885453,423.77781996972357
876,0.101318,-72.039902,737.220642,1.0,1119.6926910885454,425.43840396972354
877,0.107147,-72.068016,736.306946,1.0,1138.9389060885455,433.65272896972357
878,0.106567,-72.089745,735.40802,1.0,1154.7632470885455,429.30220396972356
879,0.103424,-72.106003,734.547852,1.0,756.9274320885453,393.16919296972355
880,0.124023,-72.119179,733.559326,1.0,827.6306180885454,418.04185896972353
881,0.124237,-72.125824,732.578857,1.0,901.8148220885454,441.08604796972355
882,0.10141,-72.126236,731.766907,1.0,901.3424710885454,438.37398096972356
883,0.100433,-72.122665,730.975281,1.0,901.9895660885453,439.20125196972356
884,0.102112,-72.116463,730.168274,1.0,935.3955100885453,401.7829469697235
885,0.101562,-72.10833,729.327637,1.0,938.5814850885454,412.46354996972354
886,0.100983,-72.099205,728.451965,1.0,934.2707550885453,422.95701996972355
887,0.124176,-72.08744,727.340881,1.0,941.9186430885453,421.37282196972353
888,0.101837,-72.077255,726.409973,1.0,940.2575100885454,413.45915596972355
889,0.105072,-72.064537,725.423035,1.0,898.3125640885453,407.72587996972356
890,0.106018,-72.047668,724.397949,1.0,858.8454010885454,422.95338796972356
891,0.103607,-72.026451,723.358337,1.0,864.1349510885453,416.44182196972355
892,0.103119,-72.000755,722.27948,1.0,916.8900780885454,435.61787796972357
893,0.125183,-71.964348,720.908936,1.0,913.5914940885453,435.2075689697235
894,0.102295,-71.931023,719.74054,1.0,917.4962180885453,430.6889529697235
895,0.101532,-71.894905,718.538208,1.0,911.0687890885454,440.30943696972355
896,0.101776,-71.855354,717.294434,1.0,886.1851830885454,444.78975296972357
897,0.100769,-71.812576,716.041565,1.0,888.4105860885453,438.8495669697235
898,0.100403,-71.765251,714.773193,1.0,910.6034570885454,442.93544396972356
899,0.125031,-71.697807,713.162903,1.0,964.3499780885453,478.45991896972356
900,0.122498,-71.621864,711.569153,1.0,966.9451930885454,470.64012496972356
901,0.124908,-71.533936,709.930908,1.0,674.9142480885454,437.77104596972356
902,0.103668,-71.453316,708.564453,1.0,689.4392120885453,451.88069496972355
903,0.111847,-71.35965,707.087524,1.0,684.0939970885453,442.1126289697235
904,0.101624,-71.268646,705.738953,1.0,679.8779320885453,441.3755069697235
905,0.104767,-71.169594,704.349976,1.0,674.5665920885453,449.64451996972355
906,0.10318,-71.067429,702.995239,1.0,655.2463400885454,482.51298896972355
907,0.103302,-70.960144,701.651123,1.0,650.6441680885454,478.4971499697235
908,0.10257,-70.848213,700.325989,1.0,651.0087310885453,484.48909396972357
909,0.103699,-70.72934,698.995117,1.0,925.2352320885453,441.08836696972355
910,0.106995,-70.600143,697.626892,1.0,916.3768950885453,445.40928996972355
911,0.104828,-70.46637,696.289246,1.0,912.8911770885453,448.6079899697235
912,0.103912,-70.326157,694.964905,1.0,919.2135650885454,440.9543039697235
913,0.110687,-70.167725,693.55188,1.0,979.4962180885453,453.04027196972356
914,0.10672,-70.005592,692.185242,1.0,1022.5976590885454,462.91209796972356
915,0.108124,-69.831268,690.797241,1.0,1021.9801050885453,455.17879096972354
916,0.105988,-69.648483,689.431396,1.0,782.3512600885454,448.98833096972356
917,0.103912,-69.457108,688.090088,1.0,788.4271270885454,427.8325689697235
918,0.107574,-69.246117,686.704285,1.0,808.7077050885454,435.34846896972357
919,0.104584,-69.02774,685.363098,1.0,888.2338890885453,431.44691796972353
920,0.104553,-68.795135,684.0271,1.0,916.9017970885453,309.2464329697235
921,0.117554,-68.51593,682.529114,1.0,914.1033350885454,303.44362196972355
922,0.114563,-68.225708,681.07373,1.0,679.3435080885454,447.87913896972356
923,0.116913,-67.910522,679.59198,1.0,698.0173980885453,433.02293796972356
924,0.115417,-67.580635,678.133606,1.0,701.2477440885453,441.9667549697235
925,0.116699,-67.227898,676.664978,1.0,823.9543480885453,433.13276996972354
926,0.115112,-66.859917,675.222168,1.0,825.5917380885453,436.42140596972354
927,0.117035,-66.465042,673.761597,1.0,836.6591820885453,438.82460396972357
928,0.114044,-66.060989,672.345032,1.0,800.7897360885453,433.4908029697235
929,0.11615,-65.631233,670.908936,1.0,813.7541530885453,435.12401196972354
930,0.113312,-65.195366,669.514954,1.0,824.0207550885453,430.4577519697235
931,0.117493,-64.726593,668.075989,1.0,833.8737820885453,429.42390796972353
932,0.1185,-64.238838,666.631531,1.0,839.1506370885453,430.80009796972354
933,0.119507,-63.733295,665.181091,1.0,842.5677520885454,435.46028496972355
934,0.116852,-63.227051,663.768799,1.0,840.2368800885454,431.2861209697235
935,0.11853,-62.7024,662.34137,1.0,840.8067650885454,422.04817596972356
936,0.11795,-62.169598,660.925781,1.0,841.8869650885454,424.53773896972353
937,0.118835,-61.622303,659.50354,1.0,840.3284330885454,422.08415596972355
938,0.115997,-61.078289,658.118347,1.0,791.7566550885454,429.8762699697235
939,0.115265,-60.528313,656.744751,1.0,716.1939720885454,461.36299496972356
940,0.11554,-59.967747,655.370728,1.0,758.9531280885453,456.17894396972355
941,0.118317,-59.38409,653.966736,1.0,859.4208400885453,434.00236896972353
942,0.115601,-58.804466,652.598145,1.0,854.9225490885453,443.53456496972353
943,0.115417,-58.2164,651.234863,1.0,855.3513210885453,445.14638096972357
944,0.118591,-57.602875,649.83844,1.0,856.8492460885453,428.6212039697235
945,0.118866,-56.979214,648.44281,1.0,757.9447660885453,-41.693691030276455
946,0.114624,-56.370678,647.10083,1.0,757.9447660885453,-41.693691030276455
947,0.122498,-55.713234,645.6698,1.0,889.1543610885453,421.63273996972356
948,0.117645,-55.075768,644.29834,1.0,892.4722930885454,414.86061496972354
949,0.119293,-54.423386,642.909363,1.0,889.7447540885453,414.20717196972356
950,0.117035,-53.777149,641.548279,1.0,881.4511130885453,389.34462296972356
951,0.118927,-53.113342,640.167297,1.0,877.2185690885453,405.34620996972353
952,0.117126,-52.450924,638.810486,1.0,850.4171170885453,475.60667796972353
953,0.124634,-51.7351,637.371094,1.0,855.7966940885453,473.70189296972353
954,0.120514,-51.030518,635.984192,1.0,860.3569360885454,462.67070396972355
955,0.120483,-50.313549,634.60376,1.0,849.6240870885454,457.7798649697235
956,0.11731,-49.604294,633.267517,1.0,843.5382110885454,443.03645696972353
957,0.119537,-48.871265,631.914307,1.0,859.0708030885453,441.63560896972353
958,0.118195,-48.135361,630.581238,1.0,874.8902610885453,451.6126289697235
959,0.118866,-47.385342,629.24469,1.0,879.7642240885453,452.68410096972354
960,0.116486,-46.641285,627.93811,1.0,882.9493430885453,454.61577196972354
961,0.116852,-45.886311,626.630371,1.0,888.6951320885453,446.13695096972356
962,0.114136,-45.140499,625.356445,1.0,893.4689360885453,454.30897896972357
963,0.116913,-44.366783,624.05542,1.0,892.0125760885453,443.90104996972354
964,0.11438,-43.59977,622.786926,1.0,897.6244530885454,452.8215829697235
965,0.114624,-42.821056,621.520874,1.0,893.5485260885454,448.9685549697235
966,0.11499,-42.029873,620.256348,1.0,894.9998810885453,452.1204409697235
967,0.115784,-41.223614,618.98938,1.0,879.7636130885453,445.7935069697235
968,0.113831,-40.421989,617.749451,1.0,910.9373190885453,461.86302596972354
969,0.114044,-39.610027,616.512451,1.0,911.4691190885453,472.06782896972356
970,0.111359,-38.809162,615.309998,1.0,911.7437160885453,453.12587296972356
971,0.115662,-37.968685,614.066589,1.0,918.7985870885453,454.67061196972355
972,0.111877,-37.147106,612.869568,1.0,920.8803130885453,449.1027409697235
973,0.111877,-36.316795,611.67865,1.0,923.2475000885453,443.19633896972357
974,0.108093,-35.505825,610.533569,1.0,931.6474020885453,442.14674696972355
975,0.11142,-34.661118,609.359558,1.0,931.5276520885453,447.83189796972357
976,0.111572,-33.806267,608.190125,1.0,932.5030540885454,444.79808396972356
977,0.110992,-32.947121,607.032898,1.0,938.5845360885453,445.78624296972356
978,0.109802,-32.08873,605.894104,1.0,938.6431910885453,447.29323196972354
979,0.113007,-31.196888,604.728699,1.0,938.5628690885453,447.6557199697235
980,0.111511,-30.308208,603.585144,1.0,945.4611230885454,463.73457696972355
981,0.112061,-29.406651,602.4422,1.0,956.6253690885453,449.30186796972356
982,0.112213,-28.495726,601.304504,1.0,944.6931180885454,454.84315896972356
983,0.114532,-27.556801,600.14978,1.0,946.1038230885454,454.21980696972355
984,0.110413,-26.6432,599.044495,1.0,952.3178130885453,450.56132896972355
985,0.116211,-25.673178,597.891418,1.0,955.8286160885453,447.12147896972357
986,0.113861,-24.716034,596.774231,1.0,803.5567040885453,436.61397196972354
987,0.113281,-23.758177,595.676208,1.0,802.2258940885454,440.82994396972356
988,0.113983,-22.789614,594.585266,1.0,828.1020530885453,452.57130796972353
989,0.116699,-21.79273,593.480408,1.0,924.1939110885453,280.81932396972354
990,0.113342,-20.819134,592.417542,1.0,916.6395290885454,289.56274796972355
991,0.122192,-19.763943,591.28241,1.0,917.2916290885453,290.06711196972356
992,0.107117,-18.833643,590.295715,1.0,888.7501250885454,365.8522069697235
993,0.117859,-17.804399,589.219055,1.0,863.8352690885454,444.47859596972353
994,0.115875,-16.786297,588.169495,1.0,992.0963160885453,439.50798396972357
995,0.116638,-15.754835,587.121521,1.0,997.1373320885453,447.0891909697235
996,0.116241,-14.718877,586.085083,1.0,1285.2404200885453,213.58076096972354
997,0.121552,-13.624907,585.008484,1.0,1229.8668850885451,235.30778896972356
998,0.119751,-12.534478,583.953247,1.0,1230.2636130885453,245.11283496972354
999,0.117859,-11.449919,582.921387,1.0,939.9802270885453,406.1276429697235
1000,0.117676,-10.355306,581.897095,1.0,951.7864410885453,410.4373049697235
1001,0.117737,-9.249898,580.87915,1.0,950.2952300885453,426.94523996972356
1002,0.116547,-8.145876,579.878235,1.0,950.1547270885453,414.2838929697235
1003,0.118164,-7.016737,578.871277,1.0,958.3294700885453,409.9848819697235
1004,0.117798,-5.88015,577.876892,1.0,959.7896750885453,399.67287096972353
1005,0.117706,-4.733842,576.893982,1.0,958.9996970885453,400.73414996972355
1006,0.119263,-3.562236,575.908264,1.0,891.1524070885454,430.9612619697235
1007,0.120697,-2.367455,574.92041,1.0,902.6280540885454,423.16167096972356
1008,0.11792,-1.191603,573.963379,1.0,913.4606350885454,418.26811596972357
1009,0.119476,0.006681,573.00238,1.0,909.2157010885453,410.34392196972357
1010,0.119232,1.20878,572.05249,1.0,914.1900050885454,409.98823896972357
1011,0.120758,2.432528,571.100647,1.0,920.0570090885453,411.2012209697235
1012,0.124084,3.697833,570.132141,1.0,1069.5580470885452,108.44404996972355
1013,0.120209,4.927791,569.203247,1.0,1069.5580470885452,108.44404996972355
1014,0.118713,6.145758,568.292847,1.0,1069.5580470885452,108.44404996972355
1015,0.120941,7.390546,567.3703,1.0,869.8277000885454,411.92525096972355
1016,0.122986,8.659135,566.437805,1.0,880.4490990885454,386.21713596972353
1017,0.120575,9.908932,565.529419,1.0,885.4380520885453,380.1271249697236
1018,0.121307,11.170893,564.624146,1.0,980.4998810885453,22.290835969723545
1019,0.121521,12.440254,563.726135,1.0,980.4998810885453,22.290835969723545
1020,0.122742,13.727311,562.827209,1.0,545.8104270885453,721.1616399697236
1021,0.105469,14.835891,562.061157,1.0,848.8322780885453,493.80812396972357
1022,0.128265,16.188675,561.135437,1.0,976.5727570885454,398.03116196972354
1023,0.126129,17.522753,560.231567,1.0,1190.0409570885454,464.36085896972355
1024,0.126434,18.864254,559.332397,1.0,1266.9954250885453,475.79851096972357
1025,0.128906,20.236416,558.423889,1.0,1354.5813620885451,406.92940096972353
1026,0.123627,21.556715,557.560364,1.0,1031.0124540885454,524.1232179697236
1027,0.121613,22.858185,556.716553,1.0,1062.6782250885453,516.4825019697236
1028,0.122711,24.171947,555.866638,1.0,943.0436430885453,426.0712469697235
1029,0.119781,25.453354,555.034241,1.0,947.8729880885453,430.16862896972356
1030,0.126801,26.80587,554.14856,1.0,897.8053000885453,420.7774539697235
1031,0.120789,28.089954,553.301392,1.0,890.3156760885454,415.0768319697235
1032,0.123596,29.401617,552.432495,1.0,881.3919700885453,419.82127796972355
1033,0.128235,30.760868,551.532471,1.0,867.8375270885454,446.05083096972356
1034,0.122345,32.058514,550.676453,1.0,869.5321070885453,449.90858796972356
1035,0.118744,33.318413,549.849243,1.0,865.0300930885453,440.50438296972357
1036,0.122162,34.616131,549.000793,1.0,865.2304710885453,430.3857919697235
1037,0.119873,35.891617,548.171204,1.0,865.1330590885453,422.46223796972356
1038,0.128387,37.261307,547.290283,1.0,857.2150290885453,420.2889589697235
1039,0.121185,38.561234,546.471008,1.0,823.8826320885453,398.4921609697235
1040,0.12442,39.905098,545.647095,1.0,838.9040550885453,402.02708796972354
1041,0.119049,41.203442,544.878723,1.0,840.4976220885453,408.80064796972357
1042,0.119995,42.526779,544.129517,1.0,850.7890650885454,407.1549569697235
1043,0.117889,43.843479,543.424438,1.0,839.2260770885454,413.6965829697235
1044,0.118439,45.183887,542.750916,1.0,860.5881980885454,409.22246196972355
1045,0.117401,46.529251,542.119324,1.0,853.2993190885453,409.5582769697235
1046,0.117737,47.893269,541.521057,1.0,859.4277370885453,409.22032496972355
1047,0.117859,49.270714,540.952148,1.0,871.9939600885454,416.29722996972356
1048,0.119537,50.676552,540.398193,1.0,888.8637110885453,427.53486996972356
1049,0.1138,52.021774,539.887146,1.0,890.8685330885453,424.0639529697235
1050,0.116577,53.406277,539.377747,1.0,906.9441550885454,415.4726749697235
1051,0.122925,54.872562,538.856384,1.0,904.1203030885454,425.11922096972353
1052,0.117645,56.282589,538.372253,1.0,912.1666900885454,420.77769796972353
1053,0.115906,57.67696,537.907654,1.0,920.8567530885454,421.21510696972354
1054,0.117828,59.098141,537.444641,1.0,922.9356110885453,422.53740296972353
1055,0.114716,60.48341,536.99823,1.0,934.8592560885453,424.96104796972355
1056,0.117706,61.907204,536.541626,1.0,925.2466460885453,425.65663496972354
1057,0.11438,63.292393,536.102783,1.0,930.8570580885454,421.60994296972353
1058,0.118378,64.729721,535.657654,1.0,931.0249660885453,424.7473329697235
1059,0.118835,66.175888,535.222839,1.0,930.2791770885453,413.52183896972355
1060,0.121826,67.660553,534.789246,1.0,941.3500390885454,404.76985496972355
1061,0.129089,69.232735,534.339844,1.0,912.8151880885454,422.40715396972354
1062,0.127533,70.787422,533.902466,1.0,906.6524070885454,417.6970099697235
1063,0.124725,72.309441,533.479492,1.0,912.3623680885453,416.00072096972355
1064,0.13147,73.915977,533.038513,1.0,898.4403100885453,439.60264996972353
1065,0.126617,75.466957,532.619873,1.0,851.8627350885454,452.0757029697235
1066,0.126923,77.024719,532.210632,1.0,866.3573630885453,433.70460896972355
1067,0.128601,78.60598,531.808594,1.0,858.9183380885453,465.87974896972355
1068,0.130157,80.210335,531.416992,1.0,863.4504420885453,468.33595596972356
1069,0.12442,81.747665,531.059204,1.0,869.0673240885453,463.59651596972355
1070,0.10083,82.995499,530.781494,1.0,878.1193870885453,464.3009829697235
1071,0.127563,84.575401,530.447205,1.0,888.4121730885454,468.86867096972355
1072,0.126129,86.133057,530.138,1.0,1220.8323390885453,214.64150596972354
1073,0.126709,87.701912,529.847778,1.0,1209.6303130885453,229.72108796972356
1074,0.102234,88.973648,529.627991,1.0,920.1698630885453,423.7445869697235
1075,0.126984,90.561028,529.371521,1.0,905.2351710885454,451.97420096972354
1076,0.124756,92.130203,529.135254,1.0,868.9020410885454,453.23790296972356
1077,0.123505,93.692032,528.915466,1.0,861.3648100885454,449.02223596972357
1078,0.122772,95.252914,528.710693,1.0,862.8611480885453,452.25618396972357
1079,0.124695,96.847397,528.518433,1.0,890.1008330885453,477.81041296972353
1080,0.123932,98.44062,528.344482,1.0,890.7645900885453,463.9727669697235
1081,0.125214,100.059547,528.187256,1.0,896.5812400885453,466.22859596972353
1082,0.124359,101.675957,528.050049,1.0,905.8815940885453,460.0497019697235
1083,0.122467,103.275368,527.933228,1.0,911.8817160885453,450.12153996972353
1084,0.124756,104.911774,527.832397,1.0,937.0222190885453,436.51710896972355
1085,0.118896,106.475838,527.752808,1.0,941.9807150885454,441.01970296972354
1086,0.120514,108.060791,527.688477,1.0,948.9513580885454,440.6508369697235
1087,0.121185,109.653336,527.640503,1.0,873.0024440885453,442.48945996972355
1088,0.122772,111.265533,527.608398,1.0,886.3589500885454,443.51439296972353
1089,0.117432,112.805321,527.592041,1.0,892.9878570885453,446.91563796972355
1090,0.119568,114.371361,527.588501,1.0,896.2492700885454,447.57133896972357
1091,0.121857,115.965469,527.597534,1.0,889.6289700885453,445.72395696972353
1092,0.123169,117.574806,527.61908,1.0,812.1862210885454,451.55485896972357
1093,0.119751,119.137146,527.651917,1.0,814.6060820885453,442.01091396972356
1094,0.119659,120.696655,527.695801,1.0,827.7066070885453,445.0846439697235
1095,0.118988,122.246758,527.749695,1.0,991.2520170885454,433.76442296972357
1096,0.121826,123.835594,527.81366,1.0,993.3179350885454,444.65883196972356
1097,0.116272,125.35334,527.881104,1.0,999.5405910885453,430.62666696972354
1098,0.11969,126.914604,527.954346,1.0,999.2567780885454,446.00923496972354
1099,0.113617,128.382019,528.02301,1.0,1001.6137720885454,428.01915296972356
1100,0.11264,129.820602,528.086548,1.0,1001.6814600885454,439.73497396972357
1101,0.113739,131.260757,528.144104,1.0,1007.3889190885453,430.53779996972355
1102,0.115326,132.705048,528.195557,1.0,954.7103910885453,440.4843629697235
1103,0.116333,134.143951,528.240601,1.0,959.0214260885454,428.37272996972354
1104,0.115662,135.537262,528.278442,1.0,960.3339870885453,423.87419496972353
1105,0.114838,136.878616,528.309692,1.0,962.9344510885453,422.40184396972353
1106,0.11673,138.196564,528.335205,1.0,956.5241730885454,418.14561796972356
1107,0.112823,139.438095,528.354065,1.0,957.0293610885453,417.47758896972357
1108,0.111298,140.63916,528.367432,1.0,959.3784210885453,410.64570996972355
1109,0.112335,141.828644,528.376038,1.0,958.5158720885453,412.28892896972354
1110,0.113556,143.003937,528.379822,1.0,961.4765650885454,413.07130796972353
1111,0.107574,144.08226,528.379333,1.0,960.1277490885453,410.37150896972355
1112,0.110291,145.145126,528.375427,1.0,954.8732940885453,412.48149496972354
1113,0.110168,146.163345,528.368835,1.0,962.7965720885453,425.15782496972355
1114,0.109375,147.140579,528.360168,1.0,961.0311310885453,420.47948096972357
1115,0.10907,148.089798,528.349548,1.0,957.8328270885453,416.9474369697235
1116,0.108246,149.013153,528.337097,1.0,999.7680690885453,414.5764039697235
1117,0.116272,149.98317,528.32196,1.0,993.2849150885453,415.14467196972356
1118,0.11319,150.879959,528.306274,1.0,992.0805690885453,418.37907796972354
1119,0.110748,151.699326,528.291809,1.0,984.4185820885453,414.88850796972355
1120,0.109558,152.471802,528.279236,1.0,984.6013210885453,414.44792496972354
1121,0.108612,153.201721,528.268555,1.0,980.6593650885453,416.43004196972356
1122,0.115387,153.936569,528.259338,1.0,979.5496850885453,407.69362196972355
1123,0.109222,154.627884,528.251892,1.0,985.6267120885453,392.4084049697235
1124,0.110687,155.335815,528.244812,1.0,978.1557030885454,401.0997499697235
1125,0.107269,156.004944,528.238464,1.0,979.7041040885454,393.8157539697236
1126,0.110565,156.673599,528.232056,1.0,995.6685210885453,390.25792296972355
1127,0.10733,157.317993,528.225342,1.0,985.7812530885453,382.1834139697236
1128,0.110504,157.974731,528.217834,1.0,984.4942650885454,385.6014899697235
1129,0.110504,158.613525,528.209778,1.0,987.2941920885453,377.9149359697235
1130,0.112213,159.24971,528.201416,1.0,973.3931300885454,393.3541909697235
1131,0.110718,159.870728,528.192932,1.0,978.6556420885453,393.78508396972353
1132,0.111908,160.482101,528.184021,1.0,973.4296900885454,393.1616859697235
1133,0.109985,161.059372,528.175293,1.0,1038.2240630885453,398.72122596972355
1134,0.111511,161.623154,528.166443,1.0,1075.2083770885454,394.86091996972357
1135,0.111481,162.160416,528.157715,1.0,1078.5606720885453,395.82135396972353
1136,0.114838,162.678375,528.148926,1.0,1087.4889550885455,396.0791969697235
1137,0.110779,163.133453,528.14093,1.0,1102.1154200885453,392.65436196972354
1138,0.113922,163.538971,528.133606,1.0,1098.4403710885454,389.72420096972354
1139,0.111481,163.861481,528.127625,1.0,1099.6088280885451,391.0715369697235
1140,0.113312,164.1008,528.123169,1.0,1107.8840970885453,392.56624196972354
1141,0.109863,164.238922,528.120605,1.0,1110.2741110885454,390.6409489697236
1142,0.112701,164.278976,528.119873,1.0,1116.0438870885455,383.60284796972354
1143,0.112335,164.271683,528.119995,1.0,1104.7759430885453,393.8145639697235
1144,0.112579,164.258743,528.120178,1.0,1108.0878320885454,398.2742349697236
1145,0.112274,164.253006,528.120239,1.0,1105.6375150885451,391.67315996972354
1146,0.111084,164.255157,528.120239,1.0,1111.4076560885455,388.0398599697236
1147,0.111664,164.260773,528.120178,1.0,1103.3123190885453,390.35124596972355
1148,0.11203,164.267105,528.120178,1.0,1111.9553860885453,394.3749429697235
1149,0.111755,164.274307,528.120056,1.0,1120.2782620885455,395.1195869697235
1150,0.115387,164.284119,528.11969,1.0,1123.3474760885451,410.21754796972357
1151,0.111725,164.297607,528.119385,1.0,1120.3412500885452,410.68187296972354
1152,0.11087,164.31813,528.119019,1.0,854.7381010885454,483.7984809697235
1153,0.110748,164.352325,528.118591,1.0,694.6598540885453,511.79201096972355
1154,0.112305,164.411652,528.117798,1.0,837.4642970885453,440.9531129697235
1155,0.109039,164.506332,528.116577,1.0,817.6554590885453,436.25062896972355
1156,0.110535,164.649689,528.114441,1.0,814.5050690885454,433.93880096972356
1157,0.11026,164.842743,528.111572,1.0,821.5165430885453,427.1915169697235
1158,0.109802,165.083847,528.108032,1.0,818.4985990885453,424.7283509697235
1159,0.111267,165.378281,528.103821,1.0,827.2760650885454,422.19429396972356
1160,0.109436,165.716843,528.098999,1.0,831.8142120885453,417.13118396972357
1161,0.110596,166.108856,528.093567,1.0,835.4570340885454,422.76289696972356
1162,0.116791,166.576508,528.08728,1.0,831.0432150885454,422.57463396972355
1163,0.111542,167.074051,528.080505,1.0,830.9798610885454,423.57454296972355
1164,0.109314,167.589676,528.073425,1.0,833.1532620885454,430.16548496972354
1165,0.108337,168.09938,528.065979,1.0,832.6221340885453,426.7171819697235
1166,0.108734,168.581863,528.058655,1.0,831.2846710885453,427.2039679697235
1167,0.112701,169.037033,528.05127,1.0,838.2293120885454,424.8158449697235
1168,0.109467,169.429398,528.044067,1.0,842.2398710885453,420.1868779697235
1169,0.107788,169.758652,528.037231,1.0,838.7839990885453,423.89384796972354
1170,0.10498,170.014908,528.031677,1.0,844.5595730885453,418.44823096972357
1171,0.108734,170.204636,528.027161,1.0,852.0913110885454,414.5302919697235
1172,0.105835,170.309357,528.024536,1.0,860.2054470885454,416.27803396972354
1173,0.108795,170.33609,528.023804,1.0,890.4827300885453,430.36049296972357
1174,0.106628,170.32872,528.023987,1.0,898.5260650885454,429.15199596972354
1175,0.109283,170.31749,528.024536,1.0,901.4442780885454,435.1094549697235
1176,0.105927,170.312622,528.024841,1.0,909.0594510885453,431.64836496972356
1177,0.103729,170.314209,528.024902,1.0,912.9874900885453,436.62675796972354
1178,0.106689,170.318268,528.024841,1.0,914.0897240885454,436.42836396972353
1179,0.105072,170.320862,528.024719,1.0,919.5324730885453,437.65413296972355
1180,0.105072,170.320892,528.024658,1.0,925.8944120885453,444.02296796972354
1181,0.106873,170.320206,528.024658,1.0,1020.4245020885453,437.08174496972356
1182,0.106049,170.321823,528.024658,1.0,1026.6680930885454,431.02803396972354
1183,0.10614,170.326355,528.024597,1.0,1035.8123810885454,439.35582296972353
1184,0.10968,170.333908,528.024231,1.0,1045.8126250885452,419.28709796972356
1185,0.10434,170.343277,528.023987,1.0,796.1167020885454,455.57908996972355
1186,0.105377,170.354599,528.02356,1.0,810.5740990885454,451.38188496972356
1187,0.102661,170.367554,528.022888,1.0,797.6683380885453,455.24098596972357
1188,0.102844,170.382462,528.022095,1.0,674.8590110885453,472.21293996972355
1189,0.102264,170.399445,528.021057,1.0,687.8074370885454,458.5535469697235
1190,0.105774,170.420273,528.019714,1.0,667.4673490885453,477.61998396972353
1191,0.103912,170.448578,528.017639,1.0,657.3284940885453,463.96858596972356
1192,0.106689,170.498276,528.013977,1.0,658.8577300885453,349.50754196972355
1193,0.109192,170.590103,528.006592,1.0,1364.8911770885452,360.89509996972356
1194,0.104614,170.724167,527.994934,1.0,1337.6271390885454,392.3050119697235
1195,0.103607,170.901505,527.977356,1.0,1345.8435690885453,375.7915529697235
1196,0.10675,171.130096,527.951416,1.0,1341.7257720885455,376.87182996972354
1197,0.105164,171.400635,527.915588,1.0,1146.2534820885453,398.0941199697236
1198,0.107422,171.722961,527.864685,1.0,1015.5924710885454,435.68986896972353
1199,0.109863,172.099396,527.792725,1.0,992.6690700885454,448.33595596972356
1200,0.109894,172.521713,527.695801,1.0,1227.5189850885454,424.4434089697235
1201,0.108551,172.981796,527.569641,1.0,1411.9529440885453,420.35631196972355
1202,0.110748,173.490311,527.401489,1.0,1371.8685940885453,412.10594496972357
1203,0.111328,174.033875,527.182739,1.0,1358.0613430885455,412.57487896972356
1204,0.113647,174.610626,526.8974,1.0,1330.9716210885454,399.3105049697235
1205,0.113342,175.192764,526.540894,1.0,1435.5630520885452,380.5646549697235
1206,0.116516,175.780884,526.091431,1.0,1398.9486720885452,410.14897496972355
1207,0.120087,176.354691,525.535828,1.0,1480.6597320885453,416.88899596972357
1208,0.128906,176.907715,524.83667,1.0,1403.7227200885454,374.8266939697236
1209,0.123352,177.351852,524.076965,1.0,1340.4685690885453,404.94996996972355
1210,0.12442,177.692871,523.242493,1.0,1293.8273340885453,378.41630896972356
1211,0.117523,177.901489,522.411926,1.0,1239.1747460885454,384.12448496972354
1212,0.11676,177.992905,521.556824,1.0,1179.4142480885453,383.97197296972354
1213,0.115936,177.967453,520.680298,1.0,1109.6668120885452,392.05318096972354
1214,0.115814,177.825226,519.789429,1.0,959.8496730885454,407.79576496972356
1215,0.112335,177.579651,518.920166,1.0,920.6207300885453,400.80546896972356
1216,0.111053,177.247147,518.056641,1.0,869.4109520885453,418.57521396972356
1217,0.12326,176.804108,517.082886,1.0,829.7269310885454,402.66624796972354
1218,0.117096,176.353302,516.114685,1.0,804.3014550885454,378.51506396972354
1219,0.106842,175.927612,515.193054,1.0,742.5601830885454,423.54387296972357
1220,0.111511,175.486465,514.182373,1.0,829.2656280885453,539.5519599697236
1221,0.107788,175.073486,513.159607,1.0,754.8599270885453,387.16792696972357
1222,0.112488,174.67923,512.045288,1.0,758.0549950885453,327.88783596972354
1223,0.109894,174.347931,510.913116,1.0,743.0892360885454,326.91446296972356
1224,0.111603,174.10788,509.739197,1.0,776.4945700885453,411.2473329697235
1225,0.110565,173.994186,508.566559,1.0,830.3616360885453,356.33818396972356
1226,0.113861,174.014801,507.3591,1.0,830.3616360885453,356.33818396972356
1227,0.115082,174.171173,506.146393,1.0,830.3616360885453,356.33818396972356
1228,0.115936,174.452255,504.938385,1.0,830.3616360885453,356.33818396972356
1229,0.115631,174.844299,503.744843,1.0,830.3616360885453,356.33818396972356
1230,0.120697,175.354736,502.521973,0.0,71.57709008854533,142.83168396972354
1231,0.117035,175.895248,501.341614,0.0,71.57709008854533,142.83168396972354
1232,0.118744,176.439438,500.114716,0.0,71.57709008854533,142.83168396972354
1233,0.118164,176.942734,498.847992,0.0,71.57709008854533,142.83168396972354
1234,0.121826,177.413849,497.490356,0.0,71.57709008854533,142.83168396972354
1235,0.118469,177.82811,496.116486,0.0,71.57709008854533,142.83168396972354
1236,0.119904,178.222336,494.678772,0.0,71.57709008854533,142.83168396972354
1237,0.115967,178.568314,493.24762,0.0,71.57709008854533,142.83168396972354
1238,0.117432,178.860214,491.762512,0.0,71.57709008854533,142.83168396972354
1239,0.12265,179.075989,490.178589,0.0,71.57709008854533,142.83168396972354
1240,0.101105,179.1763,488.849274,0.0,71.57709008854533,142.83168396972354
1241,0.1315,179.209732,487.092743,0.0,71.57709008854533,142.83168396972354
1242,0.13208,179.168701,485.302734,0.0,71.57709008854533,142.83168396972354
1243,0.100342,179.117279,483.925842,0.0,71.57709008854533,142.83168396972354
1244,0.129822,179.047867,482.119904,0.0,71.57709008854533,142.83168396972354
1245,0.127899,178.989258,480.319519,1.0,354.3782680885453,615.8650699697235
1246,0.127625,178.95192,478.516052,1.0,354.3782680885453,615.8650699697235
1247,0.109131,178.942612,476.974762,1.0,354.3782680885453,615.8650699697235
1248,0.108063,178.961288,475.468719,1.0,354.3782680885453,615.8650699697235
1249,0.10321,179.010712,474.045807,1.0,354.3782680885453,615.8650699697235
1250,0.100311,179.091751,472.674561,1.0,915.5120270885453,368.47388096972355
1251,0.106628,179.211517,471.235016,1.0,870.4621610885454,331.41080096972354
1252,0.103668,179.352493,469.848755,1.0,895.4743680885454,379.8329809697235
1253,0.101746,179.499237,468.500092,1.0,726.0045190885453,482.08397296972356
1254,0.100769,179.641937,467.176544,1.0,973.1816430885453,391.94365296972353
1255,0.132843,179.816345,465.447723,1.0,862.7622100885453,375.44746796972356
1256,0.132996,179.973495,463.73526,1.0,980.1139550885454,374.95361696972356
1257,0.100067,180.080444,462.458557,1.0,990.3104880885453,401.30873496972356
1258,0.131836,180.209534,460.79187,1.0,1001.7556180885454,424.66728596972354
1259,0.133179,180.327789,459.126282,1.0,981.3153710885454,409.49232896972353
1260,0.132263,180.430176,457.490082,1.0,976.6660790885453,409.5710639697235
1261,0.101685,180.498581,456.243713,1.0,853.9099760885454,431.5836069697235
1262,0.131744,180.575424,454.644165,1.0,981.2886380885453,396.0321389697235
1263,0.101562,180.625351,453.422852,1.0,979.9910910885453,416.02424996972354
1264,0.100342,180.666046,452.226166,1.0,964.7442650885454,450.99443396972356
1265,0.132019,180.706207,450.666779,1.0,950.4190700885454,448.72615396972355
1266,0.100922,180.726974,449.486115,1.0,937.4999420885454,451.50337596972355
1267,0.131805,180.743057,447.955078,1.0,937.2413970885453,460.79597796972354
1268,0.100464,180.748123,446.789978,1.0,921.0741600885453,452.03984396972356
1269,0.1315,180.747375,445.27063,1.0,923.5004300885454,484.70064196972356
1270,0.100433,180.741913,444.115631,1.0,925.2954130885454,477.73686596972357
1271,0.100433,180.732361,442.963959,1.0,977.2016630885454,441.19493496972353
1272,0.100555,180.718521,441.813843,1.0,1012.2371240885453,483.59019796972353
1273,0.100861,180.701111,440.662933,1.0,1022.5786160885453,489.5255619697235
1274,0.131317,180.676041,439.164886,1.0,1016.4085720885454,485.18071396972357
1275,0.100616,180.656845,438.015198,1.0,786.5870390885453,407.20466996972357
1276,0.100555,180.638702,436.863617,1.0,782.6811550885453,454.21766996972354
1277,0.132294,180.617065,435.343109,1.0,788.5786160885453,439.60991296972355
1278,0.100067,180.602112,434.186951,1.0,923.7258940885454,303.3550149697236
1279,0.133453,180.58313,432.633484,1.0,909.1236600885453,302.45578396972354
1280,0.133179,180.564377,431.065186,1.0,909.3466820885453,333.87414896972354
1281,0.100128,180.550262,429.871796,1.0,905.9163840885453,355.44377496972356
1282,0.100281,180.536682,428.663116,1.0,900.5159330885454,358.02109096972356
1283,0.100098,180.524231,427.442841,1.0,909.1177390885454,373.94636896972355
1284,0.132172,180.509857,425.810364,1.0,921.8946560885454,455.06663896972356
1285,0.133636,180.497803,424.136017,1.0,921.1295190885453,456.7554819697235
1286,0.132538,180.487183,422.450989,1.0,929.5951560885453,438.8699229697235
1287,0.100433,180.479477,421.158112,1.0,934.2597680885453,427.01610196972354
1288,0.132538,180.469376,419.431305,1.0,933.2084990885453,420.50105696972355
1289,0.100342,180.462112,418.108429,1.0,479.4570030885453,404.95634796972354
1290,0.100067,180.455597,416.776093,1.0,497.04916608854535,389.70204496972354
1291,0.100067,180.450241,415.42981,1.0,494.96985108854534,394.27894996972356
1292,0.100861,180.446472,414.057495,1.0,938.9234650885453,422.27629496972355
1293,0.133026,180.444687,412.222443,1.0,909.0746490885454,393.0942109697236
1294,0.132782,180.446945,410.362427,1.0,921.6261010885453,406.34944496972355
1295,0.10733,180.451782,408.838684,1.0,938.1875640885453,414.30385196972355
1296,0.100098,180.458694,407.402435,1.0,846.6680930885453,375.79399496972354
1297,0.13147,180.471252,405.494843,1.0,934.9164450885453,296.8859289697235
1298,0.131073,180.487762,403.57077,1.0,949.1586330885453,400.20897296972356
1299,0.131653,180.508347,401.61615,1.0,950.3667020885454,404.0178409697235
1300,0.103943,180.527054,400.058594,1.0,944.3250760885453,418.0344119697235
1301,0.102173,180.546814,398.515045,1.0,939.5235620885453,400.08839796972353
1302,0.10321,180.567276,396.943756,1.0,937.1688260885453,409.41032796972354
1303,0.107788,180.588058,395.289612,1.0,939.7355980885453,447.72600196972354
1304,0.104004,180.605743,393.681396,1.0,934.1591210885454,449.0039249697235
1305,0.101868,180.619675,392.095703,1.0,942.3394800885453,409.8372989697235
1306,0.132233,180.633621,390.013794,1.0,962.8495510885454,459.94862696972353
1307,0.13205,180.645554,387.874115,1.0,1003.4989650885453,443.3899119697235
1308,0.100494,180.654755,386.209961,1.0,893.9257230885453,519.4560739697235
1309,0.131561,180.668411,383.983734,1.0,1061.7562890885454,552.3340339697236
1310,0.1315,180.686432,381.717987,1.0,1101.4223050885453,384.40518596972356
1311,0.1297,180.708893,379.471497,1.0,847.3521140885454,458.62132596972356
1312,0.100159,180.728043,377.727386,1.0,984.8098780885454,357.10277196972356
1313,0.102264,180.748215,375.93988,1.0,974.3907500885454,476.76048596972356
1314,0.132263,180.773514,373.619476,1.0,1015.2883330885453,455.10380896972356
1315,0.100494,180.790237,371.850037,1.0,1013.1388580885454,467.76472796972354
1316,0.132965,180.803894,369.50351,1.0,942.0268580885453,476.12980996972357
1317,0.103882,180.805618,367.671234,1.0,957.7687400885453,414.28740296972353
1318,0.100403,180.800919,365.906067,1.0,965.7055690885453,435.68873996972354
1319,0.100891,180.792633,364.142914,1.0,905.7504300885454,417.17912696972354
1320,0.101471,180.7836,362.380676,1.0,919.7103910885453,435.53688396972353
1321,0.10022,180.777023,360.650665,1.0,910.1025420885453,432.61824396972355
1322,0.102509,180.775513,358.891632,1.0,930.1073020885453,441.16609596972353
1323,0.103821,180.780884,357.120178,1.0,1075.7988310885453,360.3476139697235
1324,0.102783,180.791687,355.376282,1.0,1255.4243800885451,232.39383296972355
1325,0.100037,180.804764,353.689087,1.0,1270.2825340885452,96.84907096972354
1326,0.132385,180.819321,351.471069,1.0,958.0371730885454,396.6765019697235
1327,0.101807,180.822891,349.776733,1.0,954.9172390885453,415.76246996972355
1328,0.100372,180.817078,348.117004,1.0,939.0586570885454,438.4718209697235
1329,0.132568,180.794067,345.955475,1.0,943.5825220885454,432.41792696972357
1330,0.100311,180.766602,344.364899,1.0,940.9464140885453,438.14006396972354
1331,0.134094,180.722092,342.329987,1.0,936.0698270885454,436.77095396972356
1332,0.101349,180.688278,340.869415,1.0,933.6050440885454,441.18260596972357
1333,0.100555,180.658783,339.487183,1.0,938.6753570885453,439.07777796972357
1334,0.10144,180.634995,338.162415,1.0,939.8342920885453,438.24519696972357
1335,0.132477,180.613541,336.542969,1.0,937.7639800885453,454.82606896972356
1336,0.101379,180.603409,335.396423,1.0,940.2943140885453,451.0164679697235
1337,0.102142,180.597214,334.323059,1.0,944.2806420885453,449.6183659697235
1338,0.103424,180.593506,333.315155,1.0,945.0625030885453,449.74571596972356
1339,0.105621,180.590912,332.362854,1.0,946.9835230885453,452.21071196972355
1340,0.113556,180.588577,331.40976,1.0,944.8189720885454,441.06157296972356
1341,0.102081,180.586807,330.589783,1.0,937.8701200885454,441.49891996972354
1342,0.102142,180.585495,329.77887,1.0,940.6714500885454,441.0275459697235
1343,0.131287,180.584839,328.74408,1.0,951.3997830885453,437.21449596972354
1344,0.133209,180.585693,327.712982,1.0,955.4448880885453,428.27122896972355
1345,0.104156,180.587311,326.953033,1.0,951.9459250885453,430.52403596972357
1346,0.132446,180.590179,326.045624,1.0,939.2324240885454,435.8530159697235
1347,0.103149,180.592896,325.36499,1.0,945.9186430885453,435.1410409697235
1348,0.101929,180.596115,324.701782,1.0,957.1353790885453,453.00764796972356
1349,0.105927,180.600983,323.979645,1.0,947.7283960885453,466.98466896972354
1350,0.104187,180.607361,323.224365,1.0,954.5573760885453,458.33049396972353
1351,0.101288,180.614914,322.447754,1.0,939.5888700885454,439.32942596972356
1352,0.100952,180.623795,321.632904,1.0,939.6806060885453,445.5246159697235
1353,0.100464,180.634293,320.782776,1.0,941.4667380885453,441.9166139697235
1354,0.101379,180.647064,319.887177,1.0,939.4840110885453,446.16673596972356
1355,0.132263,180.666656,318.664001,1.0,935.3456450885453,445.0265079697235
1356,0.133606,180.688232,317.364655,1.0,946.1759060885454,450.04017996972357
1357,0.101196,180.705215,316.332947,1.0,947.0678130885453,452.01744396972356
1358,0.132538,180.727783,314.916931,1.0,951.4941430885453,455.12971896972357
1359,0.100525,180.745026,313.794617,1.0,946.7950470885453,450.75648896972353
1360,0.100555,180.762207,312.630096,1.0,948.9682030885454,453.4836619697235
1361,0.100922,180.779434,311.419464,1.0,818.3070700885453,421.33089096972355
1362,0.101868,180.796677,310.155548,1.0,880.8261740885454,443.2492869697235
1363,0.101746,180.813553,308.858063,1.0,880.5909450885454,438.7063789697235
1364,0.10495,180.830185,307.490326,1.0,879.4391510885454,446.37672796972356
1365,0.101746,180.845398,306.132172,1.0,876.0476100885453,445.19429396972356
1366,0.100128,180.859283,304.765656,1.0,885.7858910885453,437.54817596972356
1367,0.101471,180.87204,303.352295,1.0,933.2833280885453,448.73210496972354
1368,0.102081,180.883591,301.900085,1.0,937.7720360885453,450.68281896972354
1369,0.103943,180.89389,300.391632,1.0,931.2485990885453,453.17024596972357
1370,0.104279,180.902451,298.853485,1.0,930.9387230885453,438.55275296972354
1371,0.106232,180.909149,297.279327,1.0,923.0691550885454,442.4285469697235
1372,0.112854,180.91481,295.630951,1.0,912.8288600885453,448.86058396972356
1373,0.111664,180.91983,294.018616,1.0,915.6536280885454,436.8750799697235
1374,0.108459,180.924698,292.466156,1.0,918.2344390885453,448.9646189697235
1375,0.109436,180.929932,290.920349,1.0,914.5288720885453,437.42421296972356
1376,0.10791,180.935226,289.437561,1.0,918.6511870885454,438.20219796972356
1377,0.110291,180.940781,287.999237,1.0,915.2223540885453,433.92265696972356
1378,0.111023,180.948441,286.65506,1.0,752.5360740885453,424.28093296972355
1379,0.107208,180.956543,285.461121,1.0,589.6029080885453,441.17723496972354
1380,0.112823,180.966629,284.314911,1.0,597.1024200885454,423.1631049697235
1381,0.110901,180.978897,283.292175,1.0,572.9315820885454,416.55296696972357
1382,0.109039,180.995392,282.3862,1.0,575.5713530885453,411.3455389697235
1383,0.112183,181.018082,281.555939,1.0,691.1666900885454,454.7085149697235
1384,0.110535,181.047211,280.811188,1.0,797.4184600885453,504.82429896972354
1385,0.110901,181.084152,280.112732,1.0,788.5885650885454,495.7334169697235
1386,0.119843,181.13385,279.402954,1.0,1005.5535300885454,501.4547309697235
1387,0.109467,181.189682,278.776611,1.0,1012.7224760885454,500.86574196972356
1388,0.114319,181.260788,278.132477,1.0,1020.4174220885453,497.03804396972356
1389,0.116455,181.349045,277.484039,1.0,518.3067350885453,455.72426196972356
1390,0.110382,181.447403,276.884827,1.0,525.6410850885453,448.25288796972353
1391,0.113739,181.564026,276.282928,1.0,541.1520110885454,459.5119209697235
1392,0.110504,181.697998,275.693787,1.0,551.8402130885454,464.3694949697235
1393,0.112061,181.863754,275.063354,1.0,565.8879730885453,450.06071796972356
1394,0.111908,182.066589,274.398712,1.0,570.1646140885452,458.6602669697235
1395,0.107666,182.303802,273.731964,1.0,687.4262720885454,422.25920496972356
1396,0.111786,182.601379,273.016907,1.0,859.3101220885453,371.21615996972355
1397,0.109772,182.953918,272.295624,1.0,862.5554230885454,378.86960196972353
1398,0.109314,183.370743,271.565887,1.0,751.4666770885453,382.25256696972355
1399,0.110748,183.864655,270.824402,1.0,687.0540190885454,397.33320996972355
1400,0.108887,184.42424,270.104431,1.0,718.9224880885454,397.98027396972356
1401,0.109253,185.062988,269.403168,1.0,738.8253810885453,396.23215096972353
1402,0.108551,185.775146,268.740204,1.0,778.2796660885454,407.4744759697235
1403,0.106873,186.550949,268.134491,1.0,814.5375390885454,398.18468096972356
1404,0.111481,187.434662,267.564667,1.0,833.7545190885453,400.65971696972355
1405,0.111511,188.390778,267.069366,1.0,766.6715720885453,392.6494179697236
1406,0.106171,189.359894,266.674805,1.0,797.2882720885453,391.1277349697235
1407,0.103851,190.356186,266.369263,1.0,838.3217800885453,380.9011109697235
1408,0.105194,191.407654,266.145325,1.0,807.1235380885454,387.15896996972356
1409,0.104797,192.489639,266.011475,1.0,849.4577660885453,400.00371196972355
1410,0.107849,193.63327,265.96817,1.0,882.8964870885453,396.63840096972353
1411,0.105377,194.776962,266.008698,1.0,946.1917140885454,396.67193996972355
1412,0.107086,195.969147,266.103485,1.0,987.6912870885453,393.6381419697235
1413,0.10791,197.210999,266.220978,1.0,1047.3579130885455,472.18248396972353
1414,0.104645,198.458405,266.322906,1.0,1008.0684230885454,401.06465496972356
1415,0.106415,199.764252,266.38562,1.0,979.4531280885453,453.21986796972357
1416,0.10675,201.104965,266.385071,1.0,981.4651520885453,441.57841896972354
1417,0.108826,202.49472,266.302856,1.0,963.9478180885453,452.07469496972357
1418,0.108612,203.884232,266.129639,1.0,942.7027000885454,434.87401196972354
1419,0.103424,205.209351,265.873352,1.0,920.0357690885453,425.77678296972357
1420,0.105408,206.568649,265.527832,1.0,876.4843780885453,430.68098796972356
1421,0.10437,207.930374,265.126556,1.0,849.0504180885454,401.01396496972353
1422,0.103485,209.312012,264.701965,1.0,796.1575340885454,366.88974396972355
1423,0.105255,210.760773,264.27533,1.0,770.5327170885454,355.29144696972355
1424,0.103302,212.221603,263.892914,1.0,902.4576440885453,421.40809996972354
1425,0.102509,213.705338,263.577454,1.0,835.1446560885454,464.66597396972355
1426,0.102905,215.227814,263.341278,1.0,888.2866850885454,416.92576996972355
1427,0.101166,216.755951,263.194366,1.0,835.2536650885453,437.2113529697235
1428,0.102692,218.335709,263.122223,1.0,865.1186550885453,389.70123696972354
1429,0.105072,219.985428,263.094788,1.0,877.8259910885454,433.08787896972353
1430,0.10257,221.637619,263.08017,1.0,896.8405790885454,401.41725496972356
1431,0.103882,223.356079,263.04834,1.0,911.6961700885454,409.92998096972354
1432,0.102295,225.080811,262.979675,1.0,913.8480860885453,421.71535096972354
1433,0.110565,226.96994,262.858215,1.0,912.2573880885453,432.9973329697235
1434,0.105743,228.79126,262.707458,1.0,904.4093650885453,437.36720596972356
1435,0.103333,230.58551,262.54892,1.0,911.3987450885453,448.44685696972357
1436,0.107422,232.465881,262.397766,1.0,900.1502100885454,448.9570499697235
1437,0.107452,234.365601,262.273132,1.0,902.5700710885453,449.28316096972355
1438,0.107025,236.275726,262.178864,1.0,869.8418610885453,313.52136596972355
1439,0.106964,238.20253,262.117676,1.0,899.3165920885453,454.36525296972354
1440,0.104736,240.104416,262.085266,1.0,916.3870880885453,448.47624596972355
1441,0.105103,242.026596,262.050964,1.0,924.3771390885453,441.04732096972356
1442,0.10321,243.927216,261.999603,1.0,912.1710230885453,448.74974396972357
1443,0.104462,245.862625,261.940399,1.0,906.6936670885453,451.4196359697235
1444,0.104248,247.807663,261.8703,1.0,1015.7519560885453,570.8572879697235
1445,0.105499,249.787872,261.805359,1.0,908.7607450885454,450.05977196972356
1446,0.105438,251.778595,261.762909,1.0,928.5736110885454,415.85563996972354
1447,0.105896,253.789902,261.733704,1.0,902.6074860885453,441.1577029697235
1448,0.105255,255.798172,261.730835,1.0,913.1719390885453,440.91762196972354
1449,0.104309,257.797852,261.751038,1.0,921.5630520885453,444.48579796972354
1450,0.105347,259.827271,261.785583,1.0,907.0795310885453,443.5728639697235
1451,0.104492,261.848816,261.827728,1.0,919.9346950885454,427.1345099697235
1452,0.108643,263.960541,261.877625,1.0,958.7583030885453,436.63118396972357
1453,0.10675,266.045563,261.930328,1.0,955.4178490885454,445.78255096972356
1454,0.10556,268.115448,261.977875,1.0,964.6436790885454,439.82045396972353
1455,0.106873,270.217865,262.014435,1.0,959.8600490885453,437.7187379697235
1456,0.107758,272.338135,262.033813,1.0,960.5713530885454,432.37468296972355
1457,0.106781,274.430267,262.032593,1.0,961.4642360885454,436.22597096972356
1458,0.106995,276.513885,262.010406,1.0,955.9490380885453,438.74248096972354
1459,0.104553,278.535583,261.97226,1.0,945.2816800885454,449.20537196972356
1460,0.106567,280.583008,261.926147,1.0,956.3480250885453,440.69234096972355
1461,0.107605,282.636841,261.887939,1.0,951.4038110885454,428.44276796972355
1462,0.106415,284.656097,261.874237,1.0,951.9307280885454,429.46422196972355
1463,0.108398,286.699554,261.893005,1.0,962.6823150885454,433.2705879697235
1464,0.110321,288.766266,261.944733,1.0,961.5995510885454,417.49266396972354
1465,0.105652,290.731537,262.015991,1.0,969.7703270885453,417.0372499697235
1466,0.107971,292.727234,262.098083,1.0,914.6962920885453,327.1418339697235
1467,0.101746,294.596252,262.17392,1.0,925.6075470885453,327.5689729697235
1468,0.102112,296.46106,262.24234,1.0,921.7023950885454,326.93085096972356
1469,0.102356,298.319672,262.299591,1.0,941.7073390885454,402.99739396972353
1470,0.103027,300.179321,262.34549,1.0,944.5440090885453,451.70933896972355
1471,0.101379,301.998871,262.380798,1.0,948.7537260885454,446.10264996972353
1472,0.100189,303.787323,262.407776,1.0,946.0167870885454,448.3842659697235
1473,0.100922,305.577515,262.427979,1.0,707.7908960885453,565.7558169697236
1474,0.106628,307.458282,262.44281,1.0,808.5214260885454,512.0706369697235
1475,0.105347,309.305115,262.453918,1.0,804.7697170885453,516.1916689697235
1476,0.104218,311.120941,262.463928,1.0,956.0746490885454,450.73820896972353
1477,0.100159,312.855743,262.473511,1.0,978.7974270885453,454.9350779697235
1478,0.134369,315.168121,262.486328,1.0,976.4774810885453,436.5578499697235
1479,0.10144,316.901886,262.496399,1.0,976.4039940885453,436.46196396972357
1480,0.109924,318.769257,262.507446,1.0,984.9731470885454,428.70418196972355
1481,0.102417,320.498505,262.517487,1.0,994.6329370885453,444.13054296972354
1482,0.102142,322.213104,262.52713,1.0,999.5318630885454,444.09877396972354
1483,0.131958,324.413544,262.539124,1.0,1328.6093170885451,545.9008979697235
1484,0.100464,326.078033,262.547516,1.0,1321.6007720885455,543.8141059697235
1485,0.101044,327.74234,262.554565,1.0,1325.8424710885452,532.6308169697236
1486,0.102417,329.41922,262.558929,1.0,1055.0672630885454,441.68712196972353
1487,0.104919,331.127045,262.558105,1.0,950.7315700885454,417.7766909697235
1488,0.100525,332.753571,262.549896,1.0,954.5254540885453,435.19548396972357
1489,0.105133,334.444122,262.531586,1.0,1002.0576200885454,460.68681696972357
1490,0.101807,336.071625,262.503113,1.0,1002.5817900885453,441.87544596972356
1491,0.100494,337.669159,262.4646,1.0,997.0882590885453,445.55635396972355
1492,0.100464,339.256592,262.416199,1.0,1160.5969870885451,476.22789396972354
1493,0.101929,340.857788,262.357391,1.0,1193.9813870885455,485.39406196972357
1494,0.103638,342.475739,262.287018,1.0,1231.4518460885452,394.98051796972356
1495,0.102966,344.073792,262.205688,1.0,1271.5986960885452,326.88968296972354
1496,0.100189,345.619141,262.114838,1.0,1117.5387600885451,416.39561796972356
1497,0.106232,347.247253,262.005493,1.0,1121.7673980885452,458.7895699697235
1498,0.102905,348.814484,261.886993,1.0,1173.5414450885455,477.91200596972357
1499,0.103455,350.379639,261.756897,1.0,1177.7323630885453,486.27269396972355
1500,0.103943,351.942383,261.616119,1.0,1172.9655180885452,484.38020696972353
1501,0.102844,353.478607,261.46701,1.0,1177.0233790885454,473.9958689697235
1502,0.105927,355.050781,261.302246,1.0,1175.0067780885452,483.0757939697235
1503,0.106812,356.624725,261.123779,1.0,1074.4480010885454,438.6612129697235
1504,0.106812,358.187805,260.93161,1.0,967.4819970885453,389.0646249697236
1505,0.107941,359.75589,260.721375,1.0,970.3477810885454,384.98295996972354
1506,0.105713,361.279968,260.498047,1.0,903.3613920885454,297.9970589697235
1507,0.104553,362.775482,260.259735,1.0,905.5249050885453,307.5388069697235
1508,0.103302,364.241333,260.007355,1.0,906.4940210885453,317.7935979697236
1509,0.100861,365.661591,259.745178,1.0,1241.8461330885452,480.7642399697235
1510,0.105469,367.134979,259.4552,1.0,1329.1531400885451,540.9374579697235
1511,0.105255,368.59317,259.149872,1.0,1334.5280180885452,536.1353339697235
1512,0.102325,369.998383,258.837433,1.0,1363.0800200885456,535.6293829697236
1513,0.106781,371.452271,258.494263,1.0,1388.4639310885455,544.5059999697235
1514,0.10614,372.884186,258.134888,1.0,1361.2791160885454,538.1215089697235
1515,0.105377,374.291412,257.758911,1.0,1028.0694610885453,450.6995119697235
1516,0.102325,375.644318,257.374725,1.0,1028.7070340885452,458.5653269697235
1517,0.134857,377.406342,256.839203,1.0,1019.3758570885453,449.5090829697235
1518,0.103729,378.744751,256.405396,1.0,1129.2643460885452,483.55482896972353
1519,0.103943,380.071991,255.953842,1.0,1119.2011130885453,492.44176096972353
1520,0.102753,381.37088,255.493698,1.0,1118.9893210885452,488.94050996972356
1521,0.101257,382.63916,255.029617,1.0,1115.0571930885453,496.3243289697235
1522,0.132935,384.286865,254.407501,1.0,1109.6828030885454,496.42265696972356
1523,0.130707,385.888977,253.782806,1.0,1114.3159820885453,494.49403796972354
1524,0.131409,387.480804,253.141602,1.0,922.0543850885454,333.7636299697235
1525,0.100616,388.686096,252.641495,1.0,927.3243430885453,329.22102696972354
1526,0.132477,390.236542,251.979828,1.0,907.3950220885454,317.45312896972354
1527,0.111023,391.500702,251.426605,1.0,909.2428000885453,315.64398596972353
1528,0.101105,392.62381,250.926544,1.0,909.8226340885453,311.30328696972356
1529,0.132324,394.052368,250.280533,1.0,910.6502710885453,309.65361396972355
1530,0.100281,395.114624,249.793671,1.0,904.5250270885454,304.4143869697235
1531,0.133514,396.524963,249.138519,1.0,924.3603540885454,319.76501796972354
1532,0.100037,397.573669,248.644012,1.0,1040.6295800885455,448.22548296972354
1533,0.130859,398.935242,247.990829,1.0,1035.6289090885452,426.3795359697235
1534,0.101959,399.986542,247.476837,1.0,1238.3557770885454,48.411006969723545
1535,0.100433,401.010986,246.967331,1.0,1105.5291160885454,453.66603496972357
1536,0.129669,402.321747,246.302216,1.0,1152.5075100885451,521.9839359697235
1537,0.100372,403.327637,245.781601,1.0,1145.7864410885454,550.8914069697236
1538,0.101898,404.342682,245.24733,1.0,1153.0845360885455,543.8637579697236
1539,0.100006,405.334686,244.716782,1.0,1151.2273590885452,543.6070139697235
1540,0.104645,406.368774,244.154861,1.0,1153.6389800885454,552.9406929697236
1541,0.101868,407.37381,243.600067,1.0,1131.2426170885456,537.7521549697235
1542,0.102081,408.380737,243.035583,1.0,1085.9619780885455,486.98347796972354
1543,0.102325,409.386871,242.462799,1.0,1095.3996000885454,494.39265796972353
1544,0.102295,410.378357,241.889404,1.0,1179.7608060885455,516.6732979697235
1545,0.102264,411.354584,241.315094,1.0,1171.2067290885452,509.2816659697235
1546,0.101105,412.308746,240.743881,1.0,1174.5878320885454,508.0782049697235
1547,0.101959,413.256744,240.16629,1.0,1169.7599510885452,508.37956596972356
1548,0.106506,414.233093,239.560181,1.0,1179.0665920885453,511.17415196972354
1549,0.101044,415.1474,238.981674,1.0,1176.5986960885452,505.99632596972356
1550,0.104095,416.075592,238.383057,1.0,1161.5314360885454,502.55540796972355
1551,0.102417,416.97583,237.791229,1.0,1166.3253810885453,495.3419379697235
1552,0.100403,417.845978,237.208374,1.0,1154.1483790885454,499.2583199697235
1553,0.103088,418.726257,236.60788,1.0,1151.9367090885453,495.81889696972354
1554,0.102448,419.58847,236.009094,1.0,1143.3657860885455,492.87102096972353
1555,0.10199,420.434814,235.411545,1.0,1151.0575590885455,490.41875096972353
1556,0.102112,421.271576,234.811493,1.0,1146.6117580885452,488.85087996972356
1557,0.132965,422.349915,234.024277,1.0,994.3467430885453,383.95706496972355
1558,0.102295,423.172791,233.412689,1.0,914.8374050885453,321.95035196972356
1559,0.132874,424.236115,232.608932,1.0,930.5740380885453,334.4250219697235
1560,0.101685,425.046417,231.98645,1.0,859.9083890885453,394.56602796972356
1561,0.100067,425.84137,231.367355,1.0,858.7803370885454,385.40089796972353
1562,0.132294,426.889801,230.538376,1.0,874.3264800885453,375.2944529697236
1563,0.106476,427.732117,229.861847,1.0,926.7403590885453,324.9377779697236
1564,0.10614,428.570862,229.178574,1.0,918.0164210885454,321.39328396972354
1565,0.106079,429.409515,228.485367,1.0,1094.1384910885454,445.07207096972354
1566,0.107086,430.258026,227.773148,1.0,1104.7018460885452,442.57100296972357
1567,0.105042,431.094025,227.060089,1.0,1140.5628080885454,492.69887196972354
1568,0.105347,431.937866,226.328812,1.0,1140.5449860885456,490.5009339697235
1569,0.103638,432.773865,225.592941,1.0,1135.7018460885452,484.71251296972355
1570,0.105988,433.634491,224.823654,1.0,1135.9865140885454,498.2186469697235
1571,0.105988,434.498901,224.038788,1.0,1135.8737210885452,491.68315496972355
1572,0.103485,435.34375,223.259781,1.0,1136.1632720885455,491.25276596972355
1573,0.11499,436.280518,222.381332,1.0,918.4022240885454,330.05621696972355
1574,0.109528,437.172516,221.529648,1.0,911.8572410885454,307.2140539697235
1575,0.106781,438.045197,220.681458,1.0,921.2593410885453,305.2714269697235
1576,0.108643,438.938324,219.797287,1.0,921.1510650885454,305.0571939697236
1577,0.106079,439.816711,218.911469,1.0,919.6781030885453,308.18982296972354
1578,0.11142,440.748535,217.954407,1.0,1084.7211330885452,438.87785696972355
1579,0.109406,441.672638,216.987823,1.0,1080.7462180885454,434.49992696972356
1580,0.106476,442.580048,216.022018,1.0,1072.2019070885453,441.10307696972353
1581,0.104706,443.480377,215.046387,1.0,1002.2543360885453,441.91316596972354
1582,0.104492,444.385651,214.047089,1.0,1001.6066920885453,448.91673596972356
1583,0.10849,445.33194,212.982361,1.0,989.8878200885454,441.9944039697235
1584,0.109894,446.296234,211.875595,1.0,993.5836820885453,443.55528596972357
1585,0.108917,447.2565,210.751587,1.0,992.7842430885453,451.76289696972356
1586,0.11142,448.232849,209.585205,1.0,988.2452420885453,454.71733496972354
1587,0.111633,449.184814,208.422882,1.0,998.4362820885453,435.1472969697235
1588,0.106537,450.071411,207.315948,1.0,994.3797630885454,446.9925119697235
1589,0.107483,450.946136,206.198898,1.0,993.2741730885454,447.8589359697235
1590,0.108704,451.807953,205.072693,1.0,985.0283840885453,437.80760596972357
1591,0.106995,452.638184,203.962906,1.0,984.6231720885453,444.90016496972356
1592,0.111267,453.482147,202.809494,1.0,984.0235620885453,431.90822196972357
1593,0.108582,454.285767,201.687134,1.0,980.2188750885454,431.61677896972355
1594,0.107178,455.061981,200.581329,1.0,981.0310690885453,433.58983196972355
1595,0.109497,455.836761,199.455765,1.0,992.7003810885453,428.30873496972356
1596,0.10672,456.575378,198.361755,1.0,987.7282740885453,432.5156129697235
1597,0.11026,457.321747,197.235077,1.0,994.8802520885454,435.6056709697235
1598,0.107178,458.03186,196.144135,1.0,998.7063620885453,442.28197096972355
1599,0.104706,458.711823,195.083313,1.0,991.0934470885453,443.38347196972353
1600,0.109039,459.406525,193.983429,1.0,992.1455710885454,435.81859196972357
1601,0.106293,460.070496,192.916733,1.0,985.0113550885453,438.2425119697235
1602,0.107025,460.725708,191.848724,1.0,998.6098050885454,430.08793996972355
1603,0.108795,461.377197,190.770294,1.0,1001.3508330885453,431.78618196972354
1604,0.10498,461.991821,189.736008,1.0,1015.1174950885453,425.92824196972356
1605,0.110016,462.620331,188.659744,1.0,1025.5989410885454,431.07283396972355
1606,0.110352,463.23465,187.587967,1.0,1028.8244040885452,431.25328396972355
1607,0.111145,463.836151,186.519196,1.0,1038.6373320885455,433.99788296972355
1608,0.110596,464.415222,185.471268,1.0,1037.4770530885453,428.0002329697235
1609,0.109406,464.969055,184.451477,1.0,1047.4378690885453,430.2284429697235
1610,0.110413,465.505646,183.446213,1.0,1055.4936550885454,421.68367396972354
1611,0.111755,466.020538,182.465225,1.0,1055.9793120885454,418.91002296972357
1612,0.111145,466.499329,181.537689,1.0,1072.6959860885454,413.43916696972354
1613,0.11499,466.95462,180.640747,1.0,1078.1982450885453,408.32875396972355
1614,0.112366,467.359802,179.830002,1.0,1079.2372460885454,347.33040196972354
1615,0.111908,467.721649,179.09642,1.0,1284.7693510885451,-63.798916030276445
1616,0.112091,468.056061,178.413055,1.0,1284.7693510885451,-63.798916030276445
1617,0.109711,468.363495,177.781021,1.0,1284.7693510885451,-63.798916030276445
1618,0.110931,468.65918,177.170044,1.0,1284.7693510885451,-63.798916030276445
1619,0.12088,468.969208,176.525085,1.0,1284.7693510885451,-63.798916030276445
1620,0.112396,469.254028,175.927917,0.0,71.57709008854533,142.83168396972354
1621,0.111328,469.534546,175.334946,1.0,709.5327170885454,402.77595896972355
1622,0.110657,469.815155,174.738419,1.0,688.3882470885453,348.38220596972354
1623,0.112,470.112854,174.101608,1.0,770.6403220885453,446.99055896972357
1624,0.117554,470.446808,173.382797,1.0,625.8471100885454,702.9677309697236
1625,0.114532,470.792999,172.632202,1.0,871.3245270885453,508.15376696972356
1626,0.110626,471.14621,171.860062,1.0,1007.4564230885453,373.0430789697235
1627,0.109192,471.512634,171.051804,1.0,698.0376000885453,490.75889996972353
1628,0.105438,471.882782,170.227692,1.0,845.3255640885453,408.36961696972355
1629,0.108032,472.278168,169.338287,1.0,796.5188620885453,381.80345496972353
1630,0.105286,472.67868,168.426468,1.0,1284.0691550885454,389.56236596972354
1631,0.10614,473.096588,167.462296,1.0,1093.7042870885452,463.14992096972355
1632,0.12851,473.62088,166.233002,1.0,1168.4149810885451,358.26347696972357
1633,0.107727,474.074036,165.148605,1.0,1059.5034820885453,428.40285096972354
1634,0.107544,474.5354,164.018646,1.0,1078.3740870885454,459.85100196972354
1635,0.106537,474.994781,162.860413,1.0,1205.0579250885453,413.45796596972355
1636,0.104523,475.436523,161.706177,1.0,1088.8388090885453,494.58336196972357
1637,0.108307,475.881165,160.495499,1.0,1116.7166160885454,411.8632999697235
1638,0.108582,476.308777,159.274475,1.0,1159.9520900885454,403.58476596972355
1639,0.112396,476.728607,158.011612,1.0,955.6248190885453,531.2879519697235
1640,0.115173,477.135559,156.710587,1.0,882.9387840885454,526.5042609697235
1641,0.110687,477.501373,155.453415,1.0,976.6059600885453,496.89265796972353
1642,0.110748,477.84079,154.190933,1.0,948.0780670885454,454.4612619697235
1643,0.111786,478.16095,152.911453,1.0,961.2074000885453,439.43211696972355
1644,0.110413,478.459869,151.647171,1.0,957.2485380885454,477.38557796972356
1645,0.109772,478.742889,150.389481,1.0,966.3966090885453,427.4291569697235
1646,0.108063,479.00766,149.15062,1.0,1115.0242340885452,311.82637396972353
1647,0.11026,479.26236,147.886429,1.0,1262.6685210885453,258.5412329697235
1648,0.110046,479.49939,146.622772,1.0,1269.6574120885452,303.36564996972356
1649,0.107483,479.714111,145.387939,1.0,1075.2877830885454,320.76060896972353
1650,0.107422,479.913177,144.15242,1.0,1045.2733790885454,427.35975996972354
1651,0.111572,480.104736,142.869614,1.0,1036.7786890885454,435.59685096972356
1652,0.109131,480.278351,141.616226,1.0,1044.4789450885453,441.97487196972355
1653,0.110352,480.442291,140.351715,1.0,1029.6131620885453,443.1733279697235
1654,0.110962,480.597015,139.085815,1.0,1390.4459860885454,501.98414996972355
1655,0.110474,480.741638,137.830338,1.0,1363.6892730885452,511.16365396972355
1656,0.110779,480.877136,136.573059,1.0,1357.4173000885453,502.8470039697235
1657,0.109985,481.001312,135.327164,1.0,1367.3471100885454,493.57542796972353
1658,0.113098,481.117981,134.04776,1.0,997.2844260885454,463.26744396972356
1659,0.112549,481.223785,132.776062,1.0,1002.5159940885453,476.3202089697235
1660,0.109253,481.318542,131.545578,1.0,993.7471340885453,477.12742996972355
1661,0.10907,481.406525,130.319092,1.0,215.62082208854534,70.27540996972354
1662,0.108887,481.488586,129.098602,1.0,215.62082208854534,70.27540996972354
1663,0.109558,481.565704,127.875023,1.0,1818.2483550885454,123.34137696972354
1664,0.127991,481.649231,126.450249,1.0,909.5031150885453,305.69299696972354
1665,0.126587,481.725067,125.046677,1.0,977.9987820885453,424.23570596972354
1666,0.114807,481.788788,123.778069,1.0,974.1953150885454,415.88530296972357
1667,0.114868,481.848175,122.514793,1.0,1327.7298000885453,381.2847019697235
1668,0.11377,481.903015,121.269157,1.0,1320.7051420885455,379.11075196972354
1669,0.113892,481.95285,120.027184,1.0,1390.4796780885454,432.86195696972356
1670,0.111694,481.993805,118.812828,1.0,1387.5740380885454,428.41286096972357
1671,0.110046,482.023499,117.618866,1.0,980.7481110885453,434.09508096972354
1672,0.109985,482.040802,116.424454,1.0,999.4398220885454,441.3639109697235
1673,0.109131,482.0448,115.235771,1.0,991.8469260885454,443.26555196972356
1674,0.109436,482.035522,114.037209,1.0,950.4115630885453,458.08641396972354
1675,0.110779,482.01297,112.812851,1.0,951.3026760885454,460.33607896972353
1676,0.108093,481.978485,111.600433,1.0,944.5239890885454,450.33690296972355
1677,0.113831,481.928253,110.29277,1.0,933.4982330885454,441.44621596972354
1678,0.110535,481.864563,108.985458,1.0,931.9709500885454,442.83073796972354
1679,0.110657,481.784912,107.639252,1.0,931.0319850885453,440.47047796972356
1680,0.111023,481.687897,106.250153,1.0,974.9588650885453,407.78557196972355
1681,0.107239,481.578369,104.875671,1.0,969.1095000885454,409.52043496972357
1682,0.110718,481.449341,103.42321,1.0,968.0422390885453,411.63624896972357
1683,0.112427,481.304047,101.916809,1.0,960.5418120885454,401.89433696972355
1684,0.1073,481.153259,100.449173,1.0,964.9147360885453,411.30464496972354
1685,0.111938,480.984131,98.887047,1.0,915.9105860885453,426.42085596972356
1686,0.108704,480.808685,97.342018,1.0,912.5153830885454,426.9301029697235
1687,0.11145,480.621918,95.732956,1.0,915.1848780885454,424.2792549697235
1688,0.109131,480.441711,94.138367,1.0,894.4442780885454,422.03795196972357
1689,0.108154,480.276276,92.546509,1.0,898.4469630885453,415.35182596972356
1690,0.110291,480.12616,90.911736,1.0,907.1732200885453,331.14319196972355
1691,0.112183,479.994873,89.237045,1.0,910.9437280885453,294.38064896972355
1692,0.108398,479.88855,87.614532,1.0,898.9201690885453,306.23622496972354
1693,0.111511,479.797821,85.950203,1.0,888.9979270885453,426.46715196972355
1694,0.11145,479.72345,84.297379,1.0,900.8588280885454,428.16090796972355
1695,0.114197,479.661072,82.61834,1.0,921.1388580885454,459.8661379697235
1696,0.114441,479.610748,80.948242,1.0,923.4703400885453,457.79219396972354
1697,0.109131,479.572235,79.366989,1.0,923.3797020885453,463.70967496972355
1698,0.114868,479.537598,77.712242,1.0,932.9655790885454,459.9552499697235
1699,0.110962,479.506287,76.122368,1.0,929.8880030885454,457.24077196972354
1700,0.110962,479.474762,74.538086,1.0,934.6329370885453,455.16365396972355
1701,0.111816,479.441589,72.940865,1.0,935.2101470885453,460.30418796972356
1702,0.112244,479.406586,71.325554,1.0,965.8816550885454,453.69664396972354
1703,0.111633,479.370972,69.70385,1.0,971.3944120885453,450.65507896972355
1704,0.110352,479.336395,68.08609,1.0,972.3491240885453,460.08250796972357
1705,0.109436,479.303406,66.467857,1.0,965.7072170885453,458.71782296972356
1706,0.112976,479.270752,64.783936,1.0,972.0844750885453,460.19365296972353
1707,0.110657,479.239807,63.122097,1.0,1274.7300440885451,220.36583296972356
1708,0.108459,479.209747,61.478298,1.0,1264.7333400885454,224.75097296972353
1709,0.111816,479.179077,59.770058,1.0,929.9227930885453,443.67732596972354
1710,0.12207,479.147705,57.889858,1.0,957.4092430885453,441.58641396972354
1711,0.11322,479.121674,56.130672,1.0,964.9747950885453,438.09285296972354
1712,0.114624,479.09903,54.33276,1.0,1000.5014060885453,447.1887699697235
1713,0.111633,479.079102,52.544388,1.0,992.5563380885453,436.87651396972353
1714,0.115173,479.060425,50.651741,1.0,984.5620750885454,426.62355396972356
1715,0.11084,479.044952,48.789642,1.0,923.2585480885454,333.29579496972354
1716,0.107971,479.03244,46.938568,1.0,926.1871970885453,336.69353096972355
1717,0.113281,479.0224,44.974426,1.0,935.4008200885453,327.3145639697235
1718,0.114014,479.0159,42.988445,1.0,939.6730980885453,330.34993396972357
1719,0.114014,479.013153,40.989536,1.0,967.3266020885453,440.0899539697235
1720,0.116272,479.01413,38.940792,1.0,967.7177150885453,437.97395696972353
1721,0.112671,479.018494,36.942173,1.0,968.1351950885453,434.00795396972353
1722,0.115112,479.025421,34.887886,1.0,1008.5246000885453,436.2618289697235
1723,0.116638,479.033356,32.798641,1.0,975.1389800885453,428.97075296972355
1724,0.112366,479.040833,30.789568,1.0,951.1867090885453,430.17488496972356
1725,0.114868,479.047913,28.751518,1.0,963.6056540885453,440.72850396972353
1726,0.111938,479.054138,26.779894,1.0,1080.1854270885453,433.37810096972356
1727,0.110962,479.059937,24.838411,1.0,1074.8820830885452,439.55040296972356
1728,0.112488,479.065857,22.88271,1.0,1060.4167510885454,428.26652896972354
1729,0.108459,479.071747,21.00758,1.0,1000.1827420885453,429.8394349697235
1730,0.115906,479.078308,19.017271,1.0,1001.8929470885454,421.24232896972353
1731,0.115845,479.085541,17.049387,1.0,985.9971340885453,430.42860796972354
1732,0.110718,479.09549,15.213743,1.0,985.5025660885453,447.8267399697235
1733,0.113892,479.109924,13.410297,1.0,989.3198270885454,443.99022296972356
1734,0.112183,479.128113,11.74389,1.0,999.6592430885453,451.52537896972353
1735,0.115234,479.150299,10.159559,1.0,1001.9835840885453,443.51658996972355
1736,0.112976,479.173889,8.73309,1.0,999.4341460885453,443.47935896972353
1737,0.112793,479.197571,7.434104,1.0,1006.9901150885453,437.57084996972355
1738,0.114563,479.219788,6.246086,1.0,955.9094870885453,480.83107396972355
1739,0.114319,479.238525,5.195897,1.0,962.8892850885453,467.32207096972354
1740,0.111572,479.252533,4.301984,1.0,998.2450590885453,455.22471996972354
1741,0.115356,479.262665,3.50858,1.0,991.3631010885454,454.2582279697235
1742,0.113525,479.268982,2.833559,1.0,988.9368310885453,451.25615296972353
1743,0.116638,479.273132,2.215405,1.0,989.3575470885453,452.8520699697235
1744,0.114014,479.275635,1.67326,1.0,994.7927270885453,450.69728496972357
1745,0.111694,479.277039,1.202422,1.0,995.0474880885454,451.8706849697235
1746,0.112915,479.27771,0.777806,1.0,916.5231960885453,458.10286296972356
1747,0.112366,479.277832,0.370875,1.0,744.2778350885453,514.2713509697235
1748,0.110962,479.277283,-0.027899,1.0,855.1766380885454,507.32069796972354
1749,0.111206,479.276001,-0.424538,1.0,942.4553860885453,498.6846499697235
1750,0.109985,479.273926,-0.81066,1.0,932.8050560885454,499.0899539697235
1751,0.110107,479.27121,-1.189384,1.0,931.8485740885453,494.17097796972354
1752,0.110779,479.267883,-1.562191,1.0,933.6780420885453,495.08015796972353
1753,0.108826,479.264008,-1.921186,1.0,1005.6060820885453,519.9650759697236
1754,0.127014,479.258881,-2.333193,1.0,996.3640770885453,517.8846319697236
1755,0.113892,479.253632,-2.697102,1.0,985.5499900885453,515.7164499697235
1756,0.109436,479.248016,-3.042176,1.0,967.0056790885453,523.4176519697235
1757,0.107605,479.241882,-3.377446,1.0,1029.0708640885455,526.4570199697235
1758,0.111328,479.234924,-3.720075,1.0,1180.2100250885455,545.9167059697236
1759,0.110229,479.227539,-4.05546,1.0,1168.6950100885451,551.4154849697236
1760,0.111389,479.219452,-4.391125,1.0,960.0943630885454,359.94111996972356
1761,0.111206,479.211029,-4.723032,1.0,980.6016870885453,363.71161296972355
1762,0.114929,479.201782,-5.062956,1.0,971.7098410885453,370.2097969697236
1763,0.114258,479.192139,-5.397751,1.0,961.8704860885454,507.8607369697235
1764,0.121338,479.181366,-5.750468,1.0,957.7184470885453,513.3271979697236
1765,0.126404,479.169708,-6.114479,1.0,943.2829620885453,513.6598399697235
1766,0.118713,479.158417,-6.45394,1.0,929.3433860885453,528.3527719697236
1767,0.117371,479.14679,-6.78671,1.0,936.1643090885453,524.4596749697236
1768,0.113708,479.135345,-7.106207,1.0,928.3672510885453,522.3153269697235
1769,0.114746,479.123566,-7.425505,1.0,922.6420920885454,516.2358279697235
1770,0.115051,479.111603,-7.743668,1.0,945.7310820885453,365.30490496972357
1771,0.117737,479.099182,-8.067222,1.0,972.0493800885454,488.25215496972356
1772,0.118774,479.086395,-8.392056,1.0,959.7661160885453,518.9380069697236
1773,0.131714,479.072388,-8.750206,1.0,958.9207180885453,521.8741029697235
1774,0.137817,479.057892,-9.122641,1.0,1050.6807280885455,413.14604596972356
1775,0.126831,479.0448,-9.463491,1.0,1047.4996970885454,418.56218296972355
1776,0.121521,479.032837,-9.788449,1.0,1009.9606350885454,474.34935396972355
1777,0.118408,479.021912,-10.10402,1.0,988.9362210885454,520.1931949697235
1778,0.118408,479.011749,-10.419785,1.0,849.9845610885453,609.6114079697236
1779,0.115417,479.002258,-10.730104,1.0,985.2506130885454,536.9879339697236
1780,0.116028,478.992767,-11.049299,1.0,978.1151150885453,536.1020999697236
1781,0.119934,478.98291,-11.392052,1.0,1019.2843650885453,436.4106939697235
1782,0.118591,478.972595,-11.745698,1.0,1025.2124050885454,417.32112496972354
1783,0.117554,478.961792,-12.11139,1.0,1030.9367700885455,412.71318396972356
1784,0.118164,478.950378,-12.495586,1.0,1032.4033840885454,404.9628179697235
1785,0.116882,478.937744,-12.897208,1.0,1040.4555690885454,419.99602096972353
1786,0.118042,478.921875,-13.336749,1.0,1137.7561670885452,394.09118996972353
1787,0.125488,478.899445,-13.859735,1.0,1313.7229640885453,379.8504979697235
1788,0.120728,478.870972,-14.423164,1.0,1320.8113430885455,375.94333296972354
1789,0.125549,478.830688,-15.070999,1.0,1323.3176910885454,384.05626296972355
1790,0.129272,478.769196,-15.800063,1.0,1349.5121490885454,378.09561496972356
1791,0.129333,478.675873,-16.580875,1.0,1352.3994780885455,371.38983496972355
1792,0.135376,478.529144,-17.420897,1.0,1356.4354880885453,362.34826996972356
1793,0.14624,478.28598,-18.343935,1.0,1398.0458400885454,404.63078696972354
1794,0.136536,477.953888,-19.215151,1.0,1603.1621730885454,618.3694649697236
1795,0.119019,477.583282,-19.959375,1.0,1369.5254540885453,397.28901996972354
1796,0.124084,477.099609,-20.709791,1.0,1359.4966460885453,610.1943239697235
1797,0.116211,476.558319,-21.371611,1.0,1265.0121490885454,359.58357596972354
1798,0.115662,475.942413,-21.97476,1.0,1285.4111960885452,392.1381109697236
1799,0.119019,475.225372,-22.503162,1.0,1309.1215240885454,434.82600796972355
1800,0.116089,474.445984,-22.911957,1.0,1410.5120270885454,540.1042059697236
1801,0.110779,473.643951,-23.188877,1.0,1272.7649560885452,628.5425299697235
1802,0.111267,472.801605,-23.358187,1.0,1167.2074610885452,391.5141939697236
1803,0.111145,471.926636,-23.425507,1.0,1013.0881370885453,488.4103579697235
1804,0.106079,471.072449,-23.394934,1.0,1091.0241730885455,406.37245496972355
1805,0.107666,470.201538,-23.270174,1.0,945.5111110885454,430.84160196972357
1806,0.114319,469.26712,-23.031086,1.0,904.2267480885454,431.14400096972355
1807,0.114197,468.327271,-22.694435,1.0,877.8435690885453,408.73817796972355
1808,0.114563,467.389069,-22.290524,1.0,848.1652860885454,417.6815679697235
1809,0.114319,466.429138,-21.868013,1.0,846.5222800885454,407.39561796972356
1810,0.111023,465.459595,-21.456852,1.0,833.5105620885454,429.82097196972353
1811,0.110291,464.462555,-21.068083,1.0,835.8330100885453,344.78657896972356
1812,0.109436,463.441101,-20.74053,1.0,832.0219140885454,402.72822896972355
1813,0.111511,462.359009,-20.484255,1.0,835.5047630885454,371.2226139697235
1814,0.107605,461.28476,-20.322111,1.0,848.1713280885454,362.98726296972353
1815,0.107727,460.189362,-20.247849,1.0,812.6631500885453,331.50975396972353
1816,0.105957,459.101471,-20.2617,1.0,746.5874050885453,437.73613296972354
1817,0.107422,458.000549,-20.369703,1.0,746.5874050885453,437.73613296972354
1818,0.109436,456.896912,-20.583193,1.0,746.5874050885453,437.73613296972354
1819,0.109192,455.821808,-20.903975,1.0,746.5874050885453,437.73613296972354
1820,0.10614,454.802338,-21.315222,1.0,746.5874050885453,437.73613296972354
1821,0.111206,453.763885,-21.83396,0.0,71.57709008854533,142.83168396972354
1822,0.111206,452.750702,-22.413864,0.0,71.57709008854533,142.83168396972354
1823,0.108765,451.761017,-22.975519,0.0,71.57709008854533,142.83168396972354
1824,0.109924,450.7388,-23.508564,0.0,71.57709008854533,142.83168396972354
1825,0.109314,449.681366,-23.965868,0.0,71.57709008854533,142.83168396972354
1826,0.112793,448.54718,-24.339853,0.0,71.57709008854533,142.83168396972354
1827,0.112244,447.388794,-24.607718,0.0,71.57709008854533,142.83168396972354
1828,0.109192,446.231415,-24.824207,0.0,71.57709008854533,142.83168396972354
1829,0.10907,445.060913,-25.020721,0.0,71.57709008854533,142.83168396972354
1830,0.1073,443.908447,-25.199007,0.0,71.57709008854533,142.83168396972354
1831,0.109131,442.728424,-25.364773,0.0,71.57709008854533,142.83168396972354
1832,0.108765,441.547699,-25.5103,0.0,71.57709008854533,142.83168396972354
1833,0.109009,440.356842,-25.633841,0.0,71.57709008854533,142.83168396972354
1834,0.107666,439.174011,-25.734812,0.0,71.57709008854533,142.83168396972354
1835,0.110107,437.962921,-25.820837,0.0,71.57709008854533,142.83168396972354
1836,0.108032,436.772797,-25.894901,0.0,71.57709008854533,142.83168396972354
1837,0.113464,435.52243,-25.966837,0.0,71.57709008854533,142.83168396972354
1838,0.116089,434.241302,-26.036219,0.0,71.57709008854533,142.83168396972354
1839,0.114807,432.966278,-26.100735,0.0,71.57709008854533,142.83168396972354
1840,0.117126,431.657288,-26.160326,0.0,71.57709008854533,142.83168396972354
1841,0.126465,430.232819,-26.216431,0.0,71.57709008854533,142.83168396972354
1842,0.117004,428.900299,-26.260719,0.0,71.57709008854533,142.83168396972354
1843,0.118774,427.540741,-26.300436,0.0,71.57709008854533,142.83168396972354
1844,0.118774,426.163208,-26.339378,1.0,1706.2730130885452,383.1372109697236
1845,0.119568,424.747772,-26.380117,1.0,1340.0791650885453,608.3301889697236
1846,0.125366,423.236237,-26.42444,1.0,892.1901270885453,420.31889696972354
1847,0.122925,421.724609,-26.468569,1.0,978.0311920885454,395.05398896972355
1848,0.120117,420.220398,-26.511209,1.0,968.7870510885454,461.41743796972355
1849,0.117188,418.731232,-26.551523,1.0,878.4739410885453,309.3560829697235
1850,0.119507,417.19104,-26.591646,1.0,839.8076200885454,438.99815696972354
1851,0.119446,415.635132,-26.63262,1.0,1089.8572410885454,536.2888979697236
1852,0.116638,414.100098,-26.676075,1.0,1089.8572410885454,536.2888979697236
1853,0.119202,412.512329,-26.72414,1.0,1089.8572410885454,536.2888979697236
1854,0.116638,410.937286,-26.773512,1.0,1089.8572410885454,536.2888979697236
1855,0.118225,409.319855,-26.82431,0.0,71.57709008854533,142.83168396972354
1856,0.118958,407.670868,-26.87488,0.0,71.57709008854533,142.83168396972354
1857,0.113831,406.073303,-26.922241,0.0,71.57709008854533,142.83168396972354
1858,0.116272,404.424896,-26.969704,0.0,71.57709008854533,142.83168396972354
1859,0.116028,402.763275,-27.016743,0.0,71.57709008854533,142.83168396972354
1860,0.114807,401.105621,-27.063345,0.0,71.57709008854533,142.83168396972354
1861,0.115295,399.426727,-27.110285,0.0,71.57709008854533,142.83168396972354
1862,0.116333,397.719971,-27.157393,0.0,71.57709008854533,142.83168396972354
1863,0.116394,395.999054,-27.203459,0.0,71.57709008854533,142.83168396972354
1864,0.117188,394.253967,-27.247568,0.0,71.57709008854533,142.83168396972354
1865,0.115173,392.524841,-27.287312,1.0,764.0064110885453,527.7802619697236
1866,0.115906,390.767578,-27.321991,1.0,1047.1524680885454,565.0428349697236
1867,0.117493,388.973267,-27.34996,1.0,1057.6655300885454,571.0072519697235
1868,0.115112,387.20105,-27.369392,1.0,632.0869780885454,368.6869239697236
1869,0.117126,385.383575,-27.380674,1.0,770.3657250885453,407.8628729697235
1870,0.118347,383.530945,-27.383373,1.0,859.1997100885453,366.9536319697236
1871,0.137817,381.31842,-27.375633,1.0,912.2226590885454,349.5449709697235
1872,0.11615,379.394562,-27.359753,1.0,840.4259670885453,145.57139996972353
1873,0.118347,377.383575,-27.334303,1.0,925.7167380885453,246.28229896972354
1874,0.127625,375.163544,-27.29631,1.0,922.2522610885453,294.72862596972357
1875,0.113953,373.16922,-27.255297,1.0,904.3369170885453,293.07387196972354
1876,0.112,371.203003,-27.210283,1.0,926.7825340885454,284.30229596972356
1877,0.119141,369.110138,-27.159374,1.0,922.6913480885453,281.4722019697235
1878,0.115112,367.092804,-27.110207,1.0,928.5997950885453,467.18162896972353
1879,0.12323,364.943542,-27.062246,1.0,924.5817290885453,405.48756796972356
1880,0.120667,362.850983,-27.022629,1.0,929.0331450885453,434.82744196972357
1881,0.120117,360.782898,-26.991346,1.0,972.6144440885454,457.91029696972356
1882,0.122681,358.685608,-26.966608,1.0,1055.5943020885452,482.52781996972357
1883,0.131042,356.46167,-26.94338,1.0,1073.2345000885452,469.36033996972355
1884,0.116882,354.491974,-26.918953,1.0,949.8857450885454,438.84031996972357
1885,0.119324,352.494324,-26.884687,1.0,948.9308500885453,447.1185489697235
1886,0.118347,350.527771,-26.840786,1.0,947.1264060885453,438.63585296972354
1887,0.125977,348.448059,-26.788128,1.0,918.3558990885454,425.89708296972356
1888,0.114075,346.576996,-26.743052,1.0,642.2962670885453,584.7948189697236
1889,0.112488,344.745483,-26.706711,1.0,915.4462310885453,418.97694796972354
1890,0.118896,342.824158,-26.679907,1.0,909.0069610885454,419.2650949697235
1891,0.122742,340.858704,-26.664639,1.0,910.2233300885454,424.68529096972355
1892,0.117615,338.992523,-26.659552,1.0,912.3092680885453,430.98271496972353
1893,0.122925,337.057648,-26.661547,1.0,916.7404810885454,433.55678196972354
1894,0.115723,335.249664,-26.668961,1.0,916.5669580885453,437.9111209697235
1895,0.119446,333.397552,-26.682175,1.0,922.3955710885454,438.5457339697235
1896,0.120789,331.538483,-26.701212,1.0,926.8490020885454,439.1461069697235
1897,0.119324,329.714935,-26.725624,1.0,761.0138580885454,535.9939459697235
1898,0.124023,327.833984,-26.756601,1.0,755.9539820885453,548.2477609697235
1899,0.129883,325.879944,-26.794544,1.0,963.1650420885453,515.4444459697236
1900,0.125427,324.007629,-26.835915,1.0,1065.9924950885452,498.53740296972353
1901,0.124512,322.164368,-26.880789,1.0,1069.4411650885454,504.80250896972353
1902,0.120667,320.394104,-26.927324,1.0,1074.3750640885453,507.2291139697235
1903,0.123901,318.592529,-26.977781,1.0,1028.6199980885453,492.0050539697235
1904,0.123352,316.813995,-27.029833,1.0,952.8906890885453,478.1989939697235
1905,0.123596,315.047791,-27.082655,1.0,964.6763330885453,462.64390896972355
1906,0.124634,313.281464,-27.135923,1.0,950.7313870885454,442.29030196972354
1907,0.127014,311.494965,-27.189819,1.0,931.6032740885453,362.64773896972355
1908,0.120667,309.80957,-27.239744,1.0,921.3770780885453,299.91278396972353
1909,0.124329,308.084747,-27.287262,1.0,925.7891870885453,302.2255439697235
1910,0.122681,306.39325,-27.327778,1.0,933.6347070885454,402.72471996972354
1911,0.119507,304.756744,-27.359625,1.0,936.1564970885453,434.17698996972354
1912,0.122253,303.094269,-27.383913,1.0,930.3243430885453,436.00609196972357
1913,0.121521,301.451599,-27.400431,1.0,938.4397000885454,436.05873496972356
1914,0.125061,299.773102,-27.412201,1.0,960.9920070885453,451.0450629697235
1915,0.124329,298.115784,-27.421888,1.0,963.3182400885453,438.49486096972356
1916,0.125244,296.455597,-27.43083,1.0,952.8062160885453,437.70735496972355
1917,0.123901,294.814056,-27.438894,1.0,989.0097070885454,441.7578919697235
1918,0.121155,293.207245,-27.44521,1.0,988.7713650885453,449.8169439697235
1919,0.12146,291.59314,-27.449047,1.0,1030.1225610885454,267.13914096972354
1920,0.122864,289.957642,-27.449898,1.0,982.6158470885454,438.0703919697235
1921,0.123108,288.316101,-27.447851,1.0,992.1556420885453,456.30324196972356
1922,0.123962,286.663391,-27.444038,1.0,986.3280670885454,471.54448296972356
1923,0.129333,284.943542,-27.439825,1.0,970.1796900885454,458.5255619697235
1924,0.135254,283.146942,-27.436028,1.0,973.3595610885453,462.2917979697235
1925,0.127136,281.460907,-27.43321,1.0,943.0767850885453,447.55763596972355
1926,0.12207,279.844025,-27.430855,1.0,946.5988800885453,447.81697496972356
1927,0.132202,278.095154,-27.428198,1.0,945.4827910885454,449.27244896972354
1928,0.12561,276.434479,-27.425102,1.0,941.9647240885454,450.74238996972355
1929,0.119507,274.856903,-27.42182,1.0,940.6222560885453,445.52312096972355
1930,0.123535,273.227448,-27.418268,1.0,939.5025660885453,438.65037896972353
1931,0.123108,271.605133,-27.414801,1.0,941.3197050885453,440.06041296972353
1932,0.12616,269.946686,-27.41156,1.0,941.8618800885454,442.51387396972353
1933,0.132507,268.215698,-27.408968,1.0,948.7880280885454,435.57283396972355
1934,0.125244,266.593719,-27.407356,1.0,944.3628570885453,453.89479396972354
1935,0.128784,264.964935,-27.406612,1.0,946.9594750885453,457.28709796972356
1936,0.128784,263.374207,-27.406717,1.0,1290.547549088545,215.43902996972355
1937,0.124878,261.87619,-27.407185,1.0,1285.8917870885452,203.58532696972355
1938,0.128418,260.37558,-27.407806,1.0,1209.9357330885455,109.37506096972353
1939,0.131042,258.859436,-27.410208,1.0,946.5834380885453,407.51600996972354
1940,0.123962,257.437836,-27.415306,1.0,951.9360990885453,421.6503179697235
1941,0.131653,255.945084,-27.422979,1.0,933.1965970885453,439.53508396972353
1942,0.128357,254.511215,-27.431873,1.0,933.6047390885453,434.17592196972356
1943,0.129272,253.114731,-27.440826,1.0,934.6386740885454,439.88603596972354
1944,0.131897,251.765045,-27.448009,1.0,933.4456200885453,433.66853696972356
1945,0.127869,250.53746,-27.452776,1.0,937.7761260885453,443.40507896972355
1946,0.137695,249.301956,-27.456717,1.0,936.2318140885453,440.4201539697235
1947,0.132629,248.178879,-27.460835,1.0,938.3125640885453,447.41463096972353
1948,0.126587,247.149429,-27.465706,1.0,934.9818140885453,431.38865996972356
1949,0.134766,246.123016,-27.471558,1.0,939.2777740885454,436.7571909697235
1950,0.127991,245.195831,-27.477219,1.0,940.3013330885453,424.65352196972356
1951,0.130188,244.303406,-27.482454,1.0,946.1906150885453,420.13386896972355
1952,0.128967,243.465363,-27.486891,1.0,947.6453880885454,427.82619096972354
1953,0.128601,242.625198,-27.490931,1.0,943.2508570885453,431.02321196972355
1954,0.131287,241.769287,-27.494902,1.0,934.0734280885454,437.6418039697235
1955,0.131653,240.908981,-27.498901,1.0,941.8451560885453,430.6088449697235
1956,0.128723,240.023071,-27.502981,1.0,940.9501980885453,424.60707496972356
1957,0.131653,239.071686,-27.506639,1.0,932.8795800885454,421.37306596972354
1958,0.129822,238.095306,-27.509369,1.0,935.8849510885453,422.64949396972355
1959,0.129639,237.072159,-27.511021,1.0,936.5877100885454,428.15693996972357
1960,0.126648,236.031784,-27.511553,1.0,938.1866480885453,422.48921596972355
1961,0.125427,234.969055,-27.511072,1.0,937.9608790885453,419.40507896972355
1962,0.129944,233.828461,-27.509645,1.0,1026.8916040885454,435.45158796972356
1963,0.142029,232.53746,-27.507084,1.0,1015.1273220885454,435.59285296972354
1964,0.126404,231.357391,-27.504116,1.0,1015.2735010885453,444.47841296972354
1965,0.132812,230.083832,-27.500263,1.0,910.1337920885453,415.53920396972353
1966,0.131409,228.771255,-27.496595,1.0,922.5823390885454,416.32789996972355
1967,0.12793,227.424927,-27.494778,1.0,927.9707060885453,413.9282109697235
1968,0.129578,225.991928,-27.495632,1.0,932.0299100885453,422.15050096972357
1969,0.129089,224.494202,-27.499628,1.0,920.2670920885454,423.22175996972356
1970,0.128479,222.946609,-27.507044,1.0,918.9908470885454,412.08522396972353
1971,0.127441,221.432373,-27.517151,1.0,861.8101220885453,420.2146189697235
1972,0.126221,219.955811,-27.529274,1.0,861.1593650885453,417.22023396972355
1973,0.128662,218.466293,-27.543032,1.0,1139.1351950885455,443.75798396972357
1974,0.128601,216.999771,-27.557817,1.0,1126.5834380885453,441.20515796972353
1975,0.128723,215.567001,-27.573343,1.0,1185.1148100885453,419.78660996972354
1976,0.13324,214.170654,-27.589626,1.0,1187.4824860885456,430.0864449697235
1977,0.132019,212.892685,-27.605692,1.0,886.6932400885453,333.47066096972355
1978,0.136047,211.708923,-27.621414,1.0,906.9468410885453,338.62221096972354
1979,0.130676,210.702835,-27.634941,1.0,912.3281890885453,343.2530549697235
1980,0.126648,209.860168,-27.6462,1.0,908.2885160885453,347.6289249697236
1981,0.129089,209.127228,-27.655779,1.0,727.5299100885453,442.38405196972354
1982,0.129028,208.509354,-27.663673,1.0,732.2529930885453,416.96721296972356
1983,0.126404,208.000961,-27.67013,1.0,833.4393950885453,438.5614509697235
1984,0.125793,207.569748,-27.675667,1.0,909.3493070885453,446.7361639697235
1985,0.123291,207.190445,-27.680624,1.0,907.3037750885453,457.79985396972353
1986,0.125122,206.806015,-27.685701,1.0,1354.4994530885451,488.23311196972355
1987,0.131226,206.397141,-27.691082,1.0,1344.8172020885454,478.7158999697235
1988,0.126892,205.999191,-27.69628,1.0,1353.4297510885453,474.21528996972353
1989,0.127625,205.600815,-27.701447,1.0,1291.9634430885453,441.09093096972356
1990,0.12677,205.208237,-27.70653,1.0,1301.3432030885451,447.93202596972355
1991,0.127441,204.819977,-27.711567,1.0,857.2296780885454,440.60408396972355
1992,0.129822,204.47522,-27.716053,1.0,931.4694850885453,448.64650296972354
1993,0.12854,204.214813,-27.719458,1.0,925.6327540885453,438.87861996972356
1994,0.129089,204.038391,-27.721766,1.0,933.7064850885454,447.4173159697235
1995,0.130615,203.943588,-27.723007,1.0,1297.3241600885453,452.67351096972357
1996,0.128845,203.922592,-27.723278,1.0,1284.7332180885455,446.79097396972355
1997,0.126404,203.928268,-27.7232,1.0,1274.2960840885453,446.52022196972354
1998,0.125122,203.933792,-27.723122,1.0,893.2034940885453,310.80142596972354
1999,0.124146,203.934326,-27.723114,1.0,878.6591210885454,423.84422696972354
2000,0.12793,203.9319,-27.723146,1.0,833.8198880885453,430.00853296972355
2001,0.123169,203.930267,-27.723171,1.0,842.4810820885453,438.7849309697235
2002,0.135193,203.930496,-27.723171,1.0,831.5604880885453,449.13609696972355
2003,0.124268,203.931381,-27.723162,1.0,837.1370880885453,448.47026396972353
2004,0.124023,203.931732,-27.723158,1.0,836.4450710885453,444.08842796972357
2005,0.120911,203.931503,-27.72316,1.0,787.6035180885453,460.3978159697235
2006,0.11969,203.931168,-27.72316,1.0,793.9830960885454,453.2344549697235
2007,0.117737,203.931091,-27.723162,1.0,787.7771020885453,451.61482596972354
2008,0.118835,203.931183,-27.723162,1.0,845.4408600885454,427.77009996972356
2009,0.11853,203.931305,-27.723162,1.0,841.8628570885453,441.78551096972353
2010,0.119263,203.931305,-27.72316,1.0,840.3992340885453,435.79381196972355
2011,0.119751,203.931305,-27.723162,1.0,969.1476470885453,436.15861896972353
2012,0.116272,203.931274,-27.723162,1.0,1060.9835840885453,434.63930096972354
2013,0.118225,203.931274,-27.723162,1.0,1056.4749780885454,439.4876289697235
2014,0.119141,203.93129,-27.723162,1.0,829.5404690885454,449.72401796972355
2015,0.118408,203.93129,-27.723164,1.0,838.9025900885454,445.75920496972356
2016,0.121277,203.931305,-27.723164,1.0,833.2850980885453,435.97566596972354
2017,0.116699,203.930298,-27.723173,1.0,835.8815330885453,454.93120196972353
2018,0.119873,203.926559,-27.723225,1.0,831.9689360885453,463.75810596972354
2019,0.119812,203.919785,-27.723312,1.0,831.3966090885453,463.3954959697235
2020,0.11792,203.910233,-27.723436,1.0,835.9390900885453,452.78679296972354
2021,0.11853,203.897888,-27.723598,1.0,827.1042510885453,455.80702596972355
2022,0.119629,203.882721,-27.723795,1.0,831.6989770885453,445.31251896972356
2023,0.118042,203.8647,-27.724031,1.0,828.6536890885453,439.67531196972357
2024,0.11969,203.842331,-27.724339,1.0,835.4826080885454,442.02550096972357
2025,0.11853,203.813995,-27.72472,1.0,841.7917510885453,434.3453559697235
2026,0.119751,203.773956,-27.725266,1.0,846.3443020885453,434.67390796972353
2027,0.120056,203.712082,-27.726112,1.0,841.1239650885453,432.2849309697235
2028,0.119324,203.612305,-27.727497,1.0,838.1974510885453,435.13634096972356
2029,0.125122,203.449661,-27.729849,1.0,839.4473900885454,429.98543196972355
2030,0.122253,203.229141,-27.7332,1.0,837.3529690885454,438.08699396972355
2031,0.121582,202.949921,-27.73768,1.0,835.9440940885453,431.97081396972357
2032,0.121338,202.611389,-27.743494,1.0,835.1412990885453,422.58989296972356
2033,0.119873,202.218079,-27.750895,1.0,833.2298610885454,426.45314396972356
2034,0.123779,201.750687,-27.760765,1.0,827.0429710885453,411.51625396972355
2035,0.123291,201.222992,-27.773418,1.0,819.4205960885454,414.7858769697235
2036,0.118958,200.655548,-27.78923,1.0,820.0092800885453,415.09950596972357
2037,0.123169,200.007065,-27.81019,1.0,825.1333640885454,417.7776369697235
2038,0.123718,199.312073,-27.834124,1.0,823.1502100885454,428.23125096972353
2039,0.121094,198.660629,-27.855659,1.0,821.0501730885453,433.1813849697235
2040,0.124329,198.030975,-27.874832,1.0,823.1395290885454,439.66179296972354
2041,0.120667,197.445099,-27.891478,1.0,820.7026390885453,436.23878796972355
2042,0.124329,196.89743,-27.906607,1.0,819.5205100885453,444.70051896972353
2043,0.123962,196.414337,-27.920378,1.0,811.4817530885454,429.19386696972356
2044,0.132996,195.970917,-27.934015,1.0,803.2145410885454,439.63826396972354
2045,0.128418,195.619431,-27.945671,1.0,795.8545560885453,453.57985296972356
2046,0.124146,195.352829,-27.95488,1.0,800.7932770885453,452.65285096972354
2047,0.123596,195.160965,-27.961508,1.0,792.3468650885453,455.85383996972354
2048,0.12323,195.040024,-27.965561,1.0,796.5935690885453,458.9203069697235
2049,0.120667,194.964996,-27.967999,1.0,792.0158720885453,450.23939896972354
2050,0.123169,194.890457,-27.97056,1.0,795.6499660885453,452.51042496972354
2051,0.124512,194.809082,-27.973698,1.0,905.0035430885454,336.1721379697235
2052,0.1203,194.725525,-27.97724,1.0,901.9917020885454,340.5506479697235
2053,0.122009,194.638687,-27.981161,1.0,829.5880760885453,464.90999196972354
2054,0.122864,194.550613,-27.985386,1.0,750.6290310885454,437.32506196972355
2055,0.121094,194.462631,-27.989918,1.0,683.5957060885453,435.29182796972356
2056,0.122009,194.370728,-27.995045,1.0,660.2202780885453,427.09169396972356
2057,0.119751,194.271576,-28.001245,1.0,657.0180080885453,428.9724309697235
2058,0.120483,194.146332,-28.010052,1.0,640.7987700885453,424.3607369697235
2059,0.120056,193.970383,-28.023529,1.0,636.1166410885453,427.33809296972356
2060,0.117065,193.741608,-28.042458,1.0,626.9216940885453,430.0908999697235
2061,0.118774,193.45256,-28.069086,1.0,650.8075590885453,420.38478496972357
2062,0.11908,193.105118,-28.106077,1.0,832.5375390885454,452.8973879697235
2063,0.121643,192.69075,-28.158257,1.0,834.7378570885453,439.76701696972356
2064,0.122498,192.213135,-28.229532,1.0,842.7524440885453,443.47786296972356
2065,0.11908,191.691086,-28.320503,1.0,860.1203640885453,437.1479069697235
2066,0.120911,191.103058,-28.439348,1.0,822.1701080885454,423.54796196972353
2067,0.122742,190.447632,-28.593309,1.0,788.9558130885454,430.24754696972354
2068,0.119446,189.756439,-28.783123,1.0,808.1281150885453,429.1696359697235
2069,0.123413,188.995056,-29.032331,1.0,829.7861960885454,419.74022296972356
2070,0.123413,188.197235,-29.349512,1.0,855.7058130885454,413.13884296972356
2071,0.119202,187.404236,-29.729702,1.0,782.5936920885454,414.23637796972355
2072,0.120972,186.587189,-30.195704,1.0,814.1794460885453,408.44685696972357
2073,0.121399,185.764099,-30.74893,1.0,841.5095240885453,402.19148596972354
2074,0.127625,184.906021,-31.426119,1.0,1297.7271140885455,536.3490489697235
2075,0.124939,184.084991,-32.186279,1.0,1265.5243560885451,527.6626469697235
2076,0.121338,183.319519,-33.018528,1.0,821.2743560885453,383.11505496972353
2077,0.124329,182.583496,-33.967278,1.0,844.0084860885453,373.35994296972353
2078,0.124939,181.909088,-35.016666,1.0,861.6247580885454,379.9392429697235
2079,0.124084,181.319092,-36.146961,1.0,764.1181670885453,403.4185979697235
2080,0.127441,180.80899,-37.391243,1.0,820.9219390885453,399.9296759697235
2081,0.126892,180.408112,-38.706779,1.0,751.4878570885453,411.16621796972356
2082,0.130432,180.118042,-40.125431,1.0,800.3272730885453,414.96174996972354
2083,0.127869,179.960861,-41.570667,1.0,844.9898710885453,413.33879496972355
2084,0.139343,179.937088,-43.194202,1.0,881.0042750885453,398.37250096972355
2085,0.131287,180.02919,-44.767094,1.0,940.0871610885454,291.56695896972354
2086,0.130249,180.169556,-46.380009,1.0,950.4118680885454,298.9193609697236
2087,0.129639,180.298019,-48.039711,1.0,955.1965360885454,292.38594396972354
2088,0.127197,180.36972,-49.696487,1.0,637.2177760885453,319.51974896972354
2089,0.12323,180.360382,-51.335632,1.0,465.3573330885453,353.14796796972354
2090,0.127869,180.269424,-53.068859,1.0,466.45492808854533,350.5931279697236
2091,0.126404,180.134293,-54.80011,1.0,655.5201440885453,373.3435549697235
2092,0.124817,179.992401,-56.514244,1.0,1273.0912500885452,536.1754949697236
2093,0.128357,179.851486,-58.281269,1.0,1272.1698630885453,517.7553899697235
2094,0.126526,179.720428,-60.027107,1.0,845.0260650885454,389.00285696972355
2095,0.126587,179.592896,-61.780769,1.0,858.8946560885454,397.79477296972357
2096,0.127747,179.467056,-63.556969,1.0,967.2259550885453,451.1483339697235
2097,0.123413,179.352005,-65.280754,1.0,965.4769920885453,451.35585396972357
2098,0.126709,179.247101,-67.059036,1.0,983.2724020885453,463.21394696972357
2099,0.128113,179.158066,-68.862671,1.0,1037.3534570885454,475.7530709697235
2100,0.125916,179.08316,-70.642105,1.0,1037.5189850885454,472.0701179697235
2101,0.128235,179.012543,-72.460442,1.0,1024.5909450885454,470.32557996972355
2102,0.127747,178.94136,-74.278183,1.0,1026.7611720885452,474.92875996972356
2103,0.125305,178.867004,-76.066788,1.0,1134.4961570885453,529.4705999697235
2104,0.128784,178.785507,-77.909569,1.0,1218.5403470885453,575.7627449697236
2105,0.125427,178.702667,-79.710907,1.0,1243.0872220885453,576.1574899697235
2106,0.127075,178.6147,-81.543098,1.0,952.6647360885453,581.9319949697235
2107,0.124634,178.519287,-83.346199,1.0,883.9458030885453,454.78288596972357
2108,0.12262,178.410629,-85.125816,1.0,887.7141140885453,454.9115489697235
2109,0.122375,178.283615,-86.903114,1.0,885.6195090885453,450.38020696972353
2110,0.123535,178.134705,-88.68898,1.0,877.5776390885453,442.88103096972355
2111,0.121521,177.969543,-90.428795,1.0,1302.3965480885454,549.9526249697235
2112,0.121704,177.788101,-92.158432,1.0,1283.4308500885454,530.6880679697235
2113,0.11969,177.596176,-93.847168,1.0,1318.4025290885452,515.8396799697235
2114,0.12616,177.381454,-95.613388,1.0,1341.1206690885451,532.2212099697235
2115,0.126221,177.155075,-97.36673,1.0,1349.9192530885452,532.9241519697235
2116,0.124817,176.920578,-99.084602,1.0,1309.1184720885453,524.5584909697236
2117,0.126343,176.672699,-100.804893,1.0,1314.2555570885452,536.4988899697236
2118,0.124084,176.418839,-102.474159,1.0,1321.3838530885455,536.9175909697235
2119,0.124023,176.1548,-104.122131,1.0,906.4341460885453,391.0930669697235
2120,0.125,175.878372,-105.763657,1.0,933.9157740885453,399.60597596972354
2121,0.129089,175.582458,-107.439095,1.0,954.4533110885453,409.95119096972354
2122,0.129211,175.277161,-109.094887,1.0,981.7069730885453,456.3453559697235
2123,0.128723,174.968933,-110.725266,1.0,977.2357200885453,444.89003396972356
2124,0.100586,174.728729,-111.986389,1.0,1244.0914940885455,307.68031696972355
2125,0.131531,174.417297,-113.623856,1.0,1231.0733060885455,355.66289096972355
2126,0.13385,174.102463,-115.288605,1.0,953.1834130885453,479.84291396972355
2127,0.12793,173.801971,-116.882408,1.0,963.7765530885454,470.2617379697235
2128,0.130188,173.494797,-118.508682,1.0,993.8692040885453,454.02046596972355
2129,0.127991,173.190445,-120.112221,1.0,1402.1124900885452,562.8160899697235
2130,0.12384,172.894409,-121.668053,1.0,1377.3512600885451,565.6769599697236
2131,0.127014,172.590454,-123.268105,1.0,1380.7019680885455,565.6104929697235
2132,0.123718,172.294662,-124.83046,1.0,1382.9129050885454,564.0795479697235
2133,0.126282,171.992905,-126.429489,1.0,1385.7427390885455,549.3605229697235
2134,0.124207,171.69632,-128.003143,1.0,1383.6449610885452,562.0615419697235
2135,0.122498,171.40416,-129.54805,1.0,1381.6542380885453,551.4431039697236
2136,0.120728,171.117538,-131.050705,1.0,1377.2346830885454,552.4790529697236
2137,0.123352,170.824081,-132.56958,1.0,1282.7854640885453,516.8094369697235
2138,0.122559,170.53009,-134.061539,1.0,1019.5082420885453,453.93434496972355
2139,0.122986,170.229584,-135.541275,1.0,1015.2003200885454,459.8499949697235
2140,0.126526,169.911606,-137.046906,1.0,1001.7600120885453,465.0729559697235
2141,0.123108,169.593582,-138.492889,1.0,999.9555690885453,462.64992096972355
2142,0.126404,169.259735,-139.960342,1.0,995.6719390885453,454.29158396972355
2143,0.122009,168.934265,-141.359451,1.0,994.6135890885454,450.52577596972355
2144,0.12616,168.596527,-142.791138,1.0,1057.8453400885453,206.55404296972353
2145,0.125122,168.26149,-144.197739,1.0,1059.1420310885453,480.25148396972355
2146,0.12561,167.921799,-145.608597,1.0,1069.2575100885454,420.07918196972355
2147,0.123962,167.580612,-147.005554,1.0,980.1673000885453,452.96965396972354
2148,0.121826,167.237595,-148.385498,1.0,977.2838160885453,464.71052896972355
2149,0.124329,166.878616,-149.80278,1.0,968.9431790885453,456.97536096972357
2150,0.125,166.506699,-151.237717,1.0,980.9663110885454,441.79124796972354
2151,0.125488,166.117859,-152.687561,1.0,984.1962920885453,445.78016996972354
2152,0.128479,165.699677,-154.186417,1.0,979.3177520885454,434.07448196972354
2153,0.126526,165.266434,-155.676971,1.0,973.3895290885454,423.52373096972354
2154,0.128174,164.804321,-157.205444,1.0,967.8866600885453,426.94963396972355
2155,0.128662,164.318024,-158.759354,1.0,972.5603660885454,428.2507509697235
2156,0.128357,163.812408,-160.328491,1.0,941.5222190885453,363.5273629697235
2157,0.131775,163.273056,-161.959579,1.0,941.9547760885454,366.71649496972356
2158,0.128479,162.732361,-163.570618,1.0,942.7073390885454,365.40333896972356
2159,0.124695,162.200836,-165.158707,1.0,926.2659940885453,364.9465369697235
2160,0.128235,161.655472,-166.818405,1.0,933.0457180885453,363.74684496972355
2161,0.128723,161.110321,-168.514053,1.0,932.0858790885453,369.09172396972355
2162,0.127869,160.567108,-170.226868,1.0,931.3507110885454,371.93713696972355
2163,0.126404,160.020447,-171.944046,1.0,943.1988550885453,371.42883696972353
2164,0.135925,159.413361,-173.815552,1.0,933.9093650885453,372.38106096972353
2165,0.130127,158.81459,-175.630051,1.0,920.4309720885453,368.34620996972353
2166,0.129028,158.211243,-177.455597,1.0,924.5579250885453,361.26060896972353
2167,0.130798,157.59761,-179.332748,1.0,951.4391510885454,460.09431796972353
2168,0.129639,156.989227,-181.220215,1.0,959.1178610885453,475.24788296972355
2169,0.124695,156.402206,-183.060242,1.0,966.3932520885453,478.77928496972356
2170,0.125977,155.802719,-184.946075,1.0,962.7144190885454,459.2147099697235
2171,0.125671,155.187714,-186.878494,1.0,962.0564600885454,450.43089696972356
2172,0.124023,154.561172,-188.843018,1.0,958.0671410885453,446.03926496972355
2173,0.127258,153.900482,-190.914642,1.0,957.6558860885453,444.19945096972356
2174,0.128967,153.216751,-193.063538,1.0,960.7157620885454,442.32747296972354
2175,0.124939,152.550735,-195.163818,1.0,980.0242340885453,486.63612696972353
2176,0.125366,151.878769,-197.29007,1.0,977.8907500885454,483.5891909697235
2177,0.124023,151.210571,-199.409866,1.0,986.9880400885453,488.50499296972356
2178,0.122681,150.544601,-201.525711,1.0,988.0341820885453,485.4142949697235
2179,0.123535,149.867981,-203.674744,1.0,991.0628690885453,488.28755596972354
2180,0.122131,149.191559,-205.815643,1.0,960.9194360885454,461.4554329697235
2181,0.123962,148.497025,-208.001984,1.0,968.1942780885454,461.1744269697235
2182,0.124329,147.791397,-210.208817,1.0,1248.1690090885454,499.5684999697235
2183,0.122986,147.083557,-212.405289,1.0,1300.0265530885454,528.8303719697235
2184,0.12207,146.368927,-214.596878,1.0,1319.5122710885453,537.7035709697236
2185,0.120361,145.650253,-216.769165,1.0,1314.379458088545,550.7010079697236
2186,0.123108,144.899261,-219.001587,1.0,1157.1222560885453,485.77177796972353
2187,0.124329,144.122742,-221.264297,1.0,859.5750150885453,416.69911596972355
2188,0.124207,143.32576,-223.532776,1.0,872.7196680885453,426.80580496972357
2189,0.128662,142.476791,-225.888611,1.0,869.2720360885453,425.3617739697235
2190,0.127625,141.612701,-228.232742,1.0,863.5167870885454,412.94200496972354
2191,0.12616,140.745117,-230.559814,1.0,951.0444360885454,184.80091496972355
2192,0.129211,139.851868,-232.95311,1.0,873.8782370885453,335.00606096972353
2193,0.127075,138.975342,-235.318222,1.0,887.7482940885453,328.86384996972356
2194,0.123779,138.128372,-237.630951,1.0,915.1942160885453,391.3788179697235
2195,0.123596,137.289764,-239.949326,1.0,931.0495020885453,441.79249896972357
2196,0.122192,136.466812,-242.247818,1.0,931.7457300885453,450.37794896972355
2197,0.12085,135.660141,-244.516052,1.0,950.5803860885453,452.06975196972354
2198,0.122253,134.848373,-246.798004,1.0,949.3383200885453,451.37770496972354
2199,0.118286,134.05838,-248.986328,1.0,964.6902490885453,452.43669496972353
2200,0.121643,133.233047,-251.213882,1.0,957.4837670885453,452.51512496972356
2201,0.120667,132.398849,-253.39827,1.0,952.2767970885453,456.3538699697235
2202,0.121277,131.546066,-255.571274,1.0,950.5335110885453,457.4507939697235
2203,0.126831,130.646912,-257.820984,1.0,935.5477930885453,447.4014169697235
2204,0.137207,129.674835,-260.233704,1.0,919.2108180885454,444.8827089697235
2205,0.128296,128.770477,-262.470856,1.0,886.0243560885453,439.14277996972356
2206,0.128784,127.865669,-264.697693,1.0,853.9982940885453,428.29088196972356
2207,0.124268,126.992249,-266.829041,1.0,851.2647730885453,426.80800196972353
2208,0.123169,126.125961,-268.922577,1.0,856.6319610885454,411.38206896972355
2209,0.12439,125.250832,-271.018768,1.0,841.3572410885454,433.77656896972354
2210,0.125,124.373138,-273.107849,1.0,845.1037620885453,442.96904396972354
2211,0.126465,123.489922,-275.205933,1.0,927.3729270885453,452.15736796972357
2212,0.123291,122.636215,-277.236908,1.0,923.9936550885453,444.96394696972357
2213,0.125488,121.775558,-279.289886,1.0,925.0936920885454,450.94441596972354
2214,0.126831,120.913261,-281.350494,1.0,930.2209500885454,458.3244209697235
2215,0.121277,120.094765,-283.307159,1.0,887.7222320885453,456.61067596972356
2216,0.123596,119.265984,-285.286652,1.0,896.3015770885453,456.65840496972356
2217,0.125488,118.429665,-287.281769,1.0,896.6636380885453,457.99510596972357
2218,0.127197,117.587967,-289.289734,1.0,900.2918120885454,462.8601259697235
2219,0.128967,116.742996,-291.312531,1.0,994.3716460885453,-71.40449203027646
2220,0.122681,115.949104,-293.223206,1.0,889.7390770885453,458.82490896972354
2221,0.124817,115.150871,-295.156006,1.0,894.8795190885453,457.1510809697235
2222,0.124207,114.367126,-297.067261,1.0,947.3033470885454,457.3113589697235
2223,0.123535,113.597137,-298.956818,1.0,939.9408600885454,463.42183296972354
2224,0.122986,112.839134,-300.826721,1.0,934.5528590885453,467.15077596972355
2225,0.120789,112.102074,-302.652008,1.0,1316.4364650885454,561.1596559697235
2226,0.122803,111.358543,-304.498962,1.0,1292.6145660885454,554.8598519697235
2227,0.122253,110.62384,-306.328339,1.0,904.8997830885453,446.08107396972355
2228,0.119263,109.912193,-308.104401,1.0,934.2370020885453,466.77202196972354
2229,0.121338,109.193085,-309.903381,1.0,947.4030790885454,485.04985396972353
2230,0.122314,108.473175,-311.708832,1.0,945.7585480885454,479.89699196972356
2231,0.119507,107.774513,-313.464874,1.0,884.4838280885454,471.6768379697235
2232,0.121216,107.069122,-315.238647,1.0,884.1489280885453,468.85213096972353
2233,0.115784,106.397972,-316.92392,1.0,883.2708770885454,476.14677796972353
2234,0.115906,105.727165,-318.603882,1.0,885.9755890885453,481.12697196972357
2235,0.11377,105.070335,-320.243774,1.0,884.7770410885454,466.47905296972357
2236,0.113586,104.415619,-321.873688,1.0,879.0657980885453,463.7231939697235
2237,0.114014,103.760063,-323.501617,1.0,937.6428250885454,451.77052696972356
2238,0.11377,103.107918,-325.117798,1.0,937.5824610885453,458.58296596972355
2239,0.110046,102.478584,-326.674683,1.0,933.3993560885453,454.88087796972354
2240,0.115906,101.818321,-328.305206,1.0,967.0566430885453,315.5606879697235
2241,0.116577,101.154961,-329.937195,1.0,1325.5894190885451,213.29524596972354
2242,0.115173,100.498001,-331.540924,1.0,1328.6023590885452,285.20502096972353
2243,0.115601,99.835915,-333.140625,1.0,1320.1486230885453,290.26619296972353
2244,0.114807,99.175514,-334.718781,1.0,1296.4472070885454,309.10905796972355
2245,0.128235,98.435417,-336.470978,1.0,879.8502830885453,425.81221396972353
2246,0.120117,97.742142,-338.103058,1.0,898.2984030885453,418.51332496972356
2247,0.119934,97.052231,-339.724609,1.0,922.5866110885453,459.91212796972354
2248,0.113464,96.403267,-341.251373,1.0,923.1283600885454,455.96708996972353
2249,0.109314,95.783142,-342.716522,1.0,921.7048980885453,444.06169496972353
2250,0.107422,95.180847,-344.150574,1.0,927.2534210885453,435.94777296972353
2251,0.109619,94.573837,-345.609161,1.0,918.7905910885453,369.4391969697235
2252,0.111694,93.963226,-347.089966,1.0,924.2424950885453,335.3390079697235
2253,0.113464,93.348083,-348.589386,1.0,924.6209740885454,337.38391496972355
2254,0.115356,92.726799,-350.106079,1.0,931.9949980885453,351.3187449697235
2255,0.112244,92.123489,-351.575653,1.0,942.5898460885453,469.88222096972356
2256,0.114319,91.509529,-353.064514,1.0,942.3878810885453,467.95930896972357
2257,0.112305,90.906967,-354.519104,1.0,946.6358060885453,453.82963896972353
2258,0.113098,90.300819,-355.977142,1.0,924.0065330885453,414.60539596972353
2259,0.112488,89.700081,-357.418793,1.0,908.5076320885453,314.20791996972355
2260,0.112427,89.10141,-358.853271,1.0,902.4808380885453,312.84762896972353
2261,0.114441,88.493431,-360.307892,1.0,930.4246240885453,458.6764109697235
2262,0.113403,87.892311,-361.7435,1.0,925.2326080885454,450.7039679697235
2263,0.110352,87.307625,-363.136597,1.0,924.8699370885454,446.7774539697235
2264,0.115234,86.697121,-364.587402,1.0,938.7202170885454,446.20692796972355
2265,0.113403,86.096512,-366.010681,1.0,1056.6123680885453,440.90999196972354
2266,0.113586,85.494324,-367.434082,1.0,1055.8307520885453,442.3694039697235
2267,0.113647,84.891991,-368.854614,1.0,1056.7558620885452,446.36027896972354
2268,0.112305,84.29689,-370.255157,1.0,1013.7769800885453,449.76463696972354
2269,0.114197,83.691002,-371.678162,1.0,903.1208520885453,471.7590829697235
2270,0.114929,83.081062,-373.107635,1.0,902.1263450885453,451.4398989697235
2271,0.110657,82.49218,-374.484833,1.0,890.1174950885453,286.70474596972355
2272,0.115662,81.874046,-375.927124,1.0,904.9638090885453,317.1928439697235
2273,0.115234,81.254349,-377.37027,1.0,903.0109280885454,308.11659596972356
2274,0.115723,80.628113,-378.82663,1.0,902.2165550885453,304.33102796972355
2275,0.115723,79.997375,-380.291992,1.0,939.9782130885453,446.56422796972356
2276,0.116272,79.359161,-381.773834,1.0,938.9415920885453,450.53172696972354
2277,0.118591,78.702797,-383.296967,1.0,944.1353180885453,446.5714909697235
2278,0.114319,78.065468,-384.774841,1.0,928.5960720885454,458.11989196972354
2279,0.109924,77.44735,-386.20697,1.0,928.9344510885453,458.79713796972356
2280,0.112,76.812286,-387.676849,1.0,941.6384300885453,316.76169196972353
2281,0.112488,76.168961,-389.164459,1.0,972.0994900885453,331.93269696972357
2282,0.115295,75.503593,-390.701385,1.0,909.8431420885453,314.70489896972356
2283,0.115601,74.830879,-392.253815,1.0,913.9284690885453,317.4536319697236
2284,0.113403,74.165009,-393.789185,1.0,918.9153470885453,317.72093596972354
2285,0.114929,73.484489,-395.357056,1.0,913.2435330885453,321.91517996972357
2286,0.116333,72.790962,-396.95462,1.0,908.7530540885454,327.8667489697235
2287,0.119995,72.071182,-398.613983,1.0,899.2496360885453,327.03888296972355
2288,0.122314,71.333389,-400.3172,1.0,852.4769310885454,466.60045196972357
2289,0.126465,70.566986,-402.089355,1.0,851.6948880885453,462.17866896972356
2290,0.115173,69.865135,-403.714752,1.0,850.7385890885454,471.02482996972356
2291,0.115601,69.157547,-405.355835,1.0,807.8765900885453,462.09129696972354
2292,0.112061,68.469414,-406.95462,1.0,803.9161400885454,471.6680789697235
2293,0.111938,67.780258,-408.558624,1.0,803.2298610885454,459.80394396972355
2294,0.114258,67.075027,-410.203522,1.0,905.8801910885453,331.0530739697235
2295,0.113037,66.375351,-411.83902,1.0,901.8595000885454,317.09082396972354
2296,0.114746,65.663559,-413.506439,1.0,903.2974880885454,315.3642309697235
2297,0.112061,64.966118,-415.143158,1.0,905.8849510885453,317.63031396972355
2298,0.111816,64.268898,-416.781464,1.0,898.4108300885454,309.54014996972353
2299,0.108643,63.589405,-418.379944,1.0,900.4670440885453,310.6629219697236
2300,0.113403,62.880161,-420.049744,1.0,899.7995020885453,312.3977699697235
2301,0.116882,62.150925,-421.768372,1.0,902.4172390885453,318.36899196972354
2302,0.115845,61.431362,-423.465759,1.0,901.3240380885453,311.24277096972355
2303,0.112793,60.733097,-425.113861,1.0,909.9296290885453,224.91287596972353
2304,0.111938,60.042675,-426.743805,1.0,814.5933250885454,97.41171296972354
2305,0.109619,59.367977,-428.336548,1.0,887.2760040885453,294.8019749697236
2306,0.111389,58.683559,-429.951935,1.0,897.3822660885453,310.3861119697235
2307,0.109741,58.011093,-431.538849,1.0,918.3289210885454,316.46966896972356
2308,0.110962,57.332588,-433.141235,1.0,921.2512230885453,307.8385199697235
2309,0.112793,56.646133,-434.767151,1.0,914.4839500885454,435.88899596972357
2310,0.111572,55.971844,-436.372711,1.0,912.0272850885453,430.22075296972355
2311,0.111694,55.301914,-437.979736,1.0,913.4745510885454,438.46974596972353
2312,0.112549,54.634243,-439.597076,1.0,911.2699610885453,286.6795839697236
2313,0.108276,53.999496,-441.152222,1.0,911.3085960885453,302.33600196972355
2314,0.132019,53.235538,-443.046783,1.0,915.3100610885454,307.6294899697235
2315,0.112061,52.593987,-444.653809,1.0,913.6017480885454,300.37860496972354
2316,0.107483,51.984398,-446.191925,1.0,911.1325100885454,417.9265019697235
2317,0.11377,51.34341,-447.819092,1.0,915.0446190885453,429.66939196972356
2318,0.110596,50.725052,-449.397644,1.0,1250.4003320885454,211.65721496972355
2319,0.108032,50.124573,-450.937958,1.0,1241.9810210885453,225.05763596972355
2320,0.110657,49.513718,-452.512085,1.0,1285.7105130885452,198.22662296972354
2321,0.107727,48.922298,-454.042969,1.0,1283.3507720885455,205.72760796972355
2322,0.10791,48.333767,-455.57312,1.0,977.2520780885453,418.53602996972353
2323,0.108093,47.748272,-457.10202,1.0,989.8167750885453,404.76668196972355
2324,0.106201,47.178661,-458.595764,1.0,935.4270660885453,463.68437596972353
2325,0.104675,46.622795,-460.05957,1.0,936.2342560885453,448.56492996972355
2326,0.107178,46.059082,-461.550262,1.0,935.3228790885453,451.2563359697235
2327,0.103821,45.518368,-462.986389,1.0,932.6585110885453,447.50206396972357
2328,0.104004,44.981667,-464.41806,1.0,939.2705710885454,401.76991596972357
2329,0.101501,44.462997,-465.807617,1.0,916.5881980885454,379.9670289697235
2330,0.105957,43.926609,-467.251007,1.0,944.1408720885453,407.40636096972355
2331,0.109314,43.37886,-468.731659,1.0,926.9567290885453,415.89750996972356
2332,0.107727,42.84417,-470.183533,1.0,929.6886620885454,399.1618229697235
2333,0.108215,42.312527,-471.633514,1.0,938.8545560885453,419.13627996972355
2334,0.104797,41.802826,-473.029663,1.0,931.2627590885453,387.3919869697236
2335,0.121948,41.215233,-474.646118,1.0,931.7125880885453,301.2747529697235
2336,0.110657,40.687622,-476.103149,1.0,917.6106590885454,287.94441596972354
2337,0.107971,40.177151,-477.517426,1.0,917.9462310885453,296.5257449697235
2338,0.109192,39.665428,-478.938995,1.0,917.3825710885453,299.03120796972354
2339,0.114807,39.131767,-480.425323,1.0,917.9226710885454,292.85251196972354
2340,0.111694,38.616913,-481.86261,1.0,916.9157130885453,294.55081496972355
2341,0.111267,38.108131,-483.286163,1.0,917.4598410885453,287.86004996972355
2342,0.109131,37.613018,-484.674469,1.0,924.1950100885454,350.6122929697235
2343,0.103882,37.145508,-485.988251,1.0,928.0482200885453,445.3846929697235
2344,0.108398,36.661343,-487.351807,1.0,931.4604520885454,447.7306709697235
2345,0.104919,36.196262,-488.664459,1.0,937.0074490885453,442.3497499697235
2346,0.109253,35.716026,-490.022888,1.0,940.9687530885453,466.2614939697235
2347,0.107788,35.245983,-491.355316,1.0,943.7529320885453,463.74171796972354
2348,0.108032,34.77874,-492.682617,1.0,938.4985990885453,470.8284489697235
2349,0.107483,34.318935,-493.991486,1.0,929.7605620885454,459.04466596972355
2350,0.111572,33.852989,-495.319855,1.0,935.8924590885454,459.9319949697235
2351,0.107117,33.415642,-496.568481,1.0,931.9331080885453,399.17476296972353
2352,0.111511,32.972305,-497.835602,1.0,932.0586570885454,296.56598296972356
2353,0.108704,32.552372,-499.037079,1.0,978.5654320885453,285.99978996972357
2354,0.107666,32.144875,-500.204132,1.0,1274.9256010885451,218.83794796972353
2355,0.110657,31.730242,-501.393066,1.0,1269.3589500885455,218.74288496972355
2356,0.103638,31.348372,-502.489349,1.0,1275.4375640885455,219.71326096972354
2357,0.104614,30.969568,-503.578186,1.0,912.5229520885454,315.2452579697235
2358,0.109497,30.580032,-504.699036,1.0,935.9088770885453,310.0323219697235
2359,0.106262,30.210791,-505.762726,1.0,932.6527740885454,315.19819996972353
2360,0.107788,29.845701,-506.815552,1.0,915.1490500885453,317.37382896972355
2361,0.111206,29.480608,-507.869446,1.0,920.2540310885454,317.2346379697235
2362,0.104248,29.150963,-508.822052,1.0,923.4588040885453,320.56491496972353
2363,0.106079,28.829475,-509.751862,1.0,925.1031520885454,314.5001259697235
2364,0.103577,28.53046,-510.617645,1.0,926.8001120885453,308.63016096972353
2365,0.104004,28.245604,-511.443146,1.0,924.2440820885454,314.79890796972353
2366,0.106689,27.972809,-512.234375,1.0,926.7466460885453,303.46503096972356
2367,0.106323,27.726143,-512.950378,1.0,920.8264190885453,311.84201396972355
2368,0.107056,27.504246,-513.595032,1.0,923.1450830885453,297.0020789697236
2369,0.109863,27.300869,-514.186279,1.0,923.3414330885454,305.9386329697235
2370,0.111755,27.116333,-514.723083,1.0,923.5793480885453,308.6382939697236
2371,0.111938,26.951237,-515.203491,1.0,925.9331690885454,300.60190196972354
2372,0.111755,26.804605,-515.630432,1.0,924.1631500885453,299.1822849697236
2373,0.109314,26.679312,-515.995483,1.0,927.7860740885453,293.25155996972353
2374,0.110962,26.571548,-516.30957,1.0,929.2111230885454,303.5267369697235
2375,0.108765,26.485241,-516.561157,1.0,918.1341580885453,302.56875996972354
2376,0.107544,26.419132,-516.753906,1.0,911.7180810885453,302.43963996972354
2377,0.107239,26.372162,-516.89093,1.0,915.1787750885453,302.8129609697236
2378,0.105042,26.344791,-516.970764,1.0,916.3743920885453,307.34886496972354
